us_m5a1_stuart_late{
  _extends:t="base_m5a1_stuart_late"
  _extends:t="tank_light_vehicle_tracks_sound"
  item__iconOffset:p2=0.0, 0.2

  "turrets__initAmmoDistribution:array"{

    "ammo:object"{
      slot:i=0
      fill:b=yes
    }

    "ammo:object"{
      slot:i=2
      fill:b=yes
    }
  }

  "bullet_holes__ignoreCollisionNodes:array"{
    _tags:t="render"
  }

  "bullet_holes__movingCollisionNodes:array"{
    _tags:t="render"
    movingCollisionNodes:t="cls_turret_01"
    movingCollisionNodes:t="turret_front"
    movingCollisionNodes:t="turret_side"
    movingCollisionNodes:t="gun_mask"
  }

  "vehicle_seats__seats:shared:array"{

    "seats:object"{
      name:t="main_gunner"
      locName:t="vehicle_seats/gunner"
      attachNode:t="gunner"
      ignoreAttachNodeRotation:b=yes
      attachTm:m=[[1.0, 0.0, 0.0] [0.0, 1.0, 0.0] [0.0, 0.0, 1.0] [-0.25, -0.5, 0.0]]
      seatComponent:t="isGunner"
      nextSeat:t="driver"
      shouldHideOwner:b=yes
      receiveDamageFromDMPart:t="gunner"
      cameraNodeName:t="bone_camera_gunner"
      cockpitTemplate:t="us_m5a1_stuart_late_gunner_cockpit"

      "turretNames:array"{
        turretNames:t="turret_01"
        turretNames:t="turret_03"
      }
    }

    "seats:object"{
      name:t="driver"
      locName:t="vehicle_seats/driver"
      seatOwnsEntityControl:b=yes
      attachNode:t="driver"
      ignoreAttachNodeRotation:b=yes
      attachTm:m=[[1.0, 0.0, 0.0] [0.0, 1.0, 0.0] [0.0, 0.0, 1.0] [-0.25, -0.25, 0.0]]
      seatComponent:t="isDriver"
      nextSeat:t="main_gunner"
      shouldHideOwner:b=yes
      receiveDamageFromDMPart:t="driver"
      cameraNodeName:t="bone_camera_driver"
      cockpitTemplate:t="us_m5a1_stuart_late_driver_cockpit"
    }

    "seats:object"{
      name:t="commander"
      locName:t="vehicle_seats/commander"
      attachNode:t="commander"
      shouldHideOwner:b=yes
      ignoreAttachNodeRotation:b=yes
      attachTm:m=[[1.0, 0.0, 0.0] [0.0, 1.0, 0.0] [0.0, 0.0, 1.0] [-0.25, -0.7, 0.12]]
      seatComponent:t="isDriver"
      receiveDamageFromDMPart:t="commander"
      cameraNodeName:t="bone_turret"
      cockpitTemplate:t="us_m5a1_stuart_late_commander_cockpit"

      "loaderTurretNames:array"{
        turret:t="turret_01"
      }

      "hatchNodes:array"{
        node:t="hatch_02"
      }

      "hatchTurretNames:array"{
        turret:t="turret_02"
      }
    }

    "seats:object"{
      attachNode:t="machine_gunner"
      locName:t="vehicle_seats/radioman"
      ignoreAttachNodeRotation:b=yes
      attachTm:m=[[1.0, 0.0, 0.0] [0.0, 1.0, 0.0] [0.0, 0.0, 1.0] [-0.25, -0.5, 0.0]]
      seatComponent:t="isPassenger"
      shouldHideOwner:b=yes
      receiveDamageFromDMPart:t="machine_gunner"
      cameraNodeName:t="bone_camera_driver"
    }
  }
}

us_m5a1_stuart_late_driver_cockpit{
  _extends:t="base_driver_cockpit"
  animchar__res:t="ba_11_driver_char"
  cockpit__offset:p3=-0.4, -0.25, 0.18

  "cockpit__slitForwardOffset:list<r>"{
    slit:r=-0.1
  }
}

us_m5a1_stuart_late_gunner_cockpit{
  vehicle_sight__blk:t="content/tanks/gamedata/sight/us_m70d.blk"
  _extends:t="base_gunner_cockpit"
  animchar__res:t="ba_11_gunner_char"
  cockpit__offset:p3=-0.35, -0.01, 0.22

  "cockpit__visibleVehicleNodeNames:list<t>"{
    node:t="@root"
    node:t="gun_barrel"
  }

  "cockpit__slitNodeNames:list<t>"{
    slit:t="cam_front_right"
  }

  "cockpit__slitForwardOffset:list<r>"{
    slit:r=0.2
  }

  "cockpit__slitIsGun:list<b>"{
    slit:b=yes
  }

  "cockpit__cockpit__attachNodeNames:list<t>"{
    node:t="bone_camera_gunner"
  }

  "cockpit__cockpit__attachNodeIndices:list<i>"{
  }
}

us_m5a1_stuart_late_commander_cockpit{
  _extends:t="base_commander_cockpit_no_slits"
  animchar__res:t="t_26_1940_commander_char"
  cockpit__offset:p3=-0.6, 0.8, -0.13

  "cockpit__cockpitOffsetBySlit:list<p3>"{
    slit:p3=0.0, 0.0, 0.0
  }

  "cockpit__visibleVehicleNodeNames:list<t>"{
    node:t="gun_barrel"
  }

  "cockpit__slitForwardOffset:list<r>"{
    slit:r=0.15
  }

  "cockpit__slitIsGun:list<b>"{
    slit:b=yes
  }

  "cockpit__slitNodeNames:list<t>"{
    slit:t="cam_front"
  }
}

us_m5a1_stuart_late_carol_skin_td{
  _extends:t="us_m5a1_stuart_late"
  item__name:t="items/us_m5a1_stuart_late_carol_skin_td"

  "animchar__objTexSet:object"{

    "m5a1_stuart_late_body_c*:object"{
      "m5a1_stuart_late_carol_skin_body_c*":t="camo_skin_tex"
    }

    "m5a1_stuart_late_turret_c*:object"{
      "m5a1_stuart_late_carol_skin_turret_c*":t="camo_skin_tex"
    }
  }
}

us_m5a1_stuart_late_td{
  _extends:t="us_m5a1_stuart_late"
  item__name:t="items/us_m5a1_stuart_late_carol_skin_td"

  "animchar__objTexReplace:object"{
    "us_camo_olive*":t="us_camo_olive_drab_olive*"
  }
}

us_m5a1_stuart_rhino_event_premium{
  _extends:t="us_m5a1_stuart_late"
  collision_damage__forwardDamageToHumanMult:r=3.0
  item__name:t="items/us_m5a1_stuart_rhino_event_premium"
  item__iconOffset:p2=0.0, 0.2

  "turrets__initAmmoDistribution:array"{

    "ammo:object"{
      slot:i=1
      fill:b=yes
    }

    "ammo:object"{
      slot:i=2
      fill:b=yes
    }
  }

  "animchar__objTexReplace:object"{
    "us_camo_olive*":t="us_camo_olive_drab_olive*"
  }

  "attach_decorators__entities:list<eid>"{
  }

  "attach_decorators__templates:array"{

    "templates:object"{
      relativeTm:m=[[-0.342757, -0.648666, 0.678837] [0.627181, 0.379752, 0.679663] [-0.698967, 0.658706, 0.276924] [0.372147, 0.375358, 0.603164]]
      template:t="usa_big_bag_decor"
      nodeName:t="bone_turret"
    }

    "templates:object"{
      relativeTm:m=[[-0.912611, -0.396026, -0.0975538] [-0.070906, -0.0814071, 0.993801] [-0.401692, 0.914151, 0.0462198] [-0.550537, 0.301985, 0.572424]]
      template:t="usa_big_bag_decor"
      nodeName:t="bone_turret"
    }

    "templates:object"{
      relativeTm:m=[[-0.585226, -0.309233, 0.466143] [0.526336, -0.0755558, 0.610794] [-0.189789, 0.744344, 0.255763] [0.444977, 0.445476, 0.418768]]
      template:t="usa_bag_large_decor"
      nodeName:t="bone_turret"
    }

    "templates:object"{
      relativeTm:m=[[0.953122, -0.0893122, -0.287716] [-0.295043, -0.0828311, -0.951487] [0.0612372, 0.992029, -0.105348] [-0.680222, 0.4479, -0.535975]]
      template:t="usa_bag_large_decor"
      nodeName:t="bone_turret"
    }

    "templates:object"{
      relativeTm:m=[[-0.00866748, -0.999361, 0.0260854] [-0.951828, 0.000280402, -0.305962] [0.305797, -0.0275586, -0.951357] [0.251968, 0.351185, -0.665359]]
      template:t="jerrycan"
      nodeName:t="bone_turret"
    }

    "templates:object"{
      relativeTm:m=[[0.620894, -0.771249, -0.139307] [-0.774172, -0.631292, 0.0443747] [-0.1221, 0.0802378, -0.989112] [-0.229767, 0.386086, -0.659877]]
      template:t="jerrycan"
      nodeName:t="bone_turret"
    }

    "templates:object"{
      relativeTm:m=[[-0.240849, -0.969471, -0.033729] [0.953247, -0.24298, 0.177519] [-0.180337, 0.0105662, 0.982994] [-0.220718, 0.415194, 0.808027]]
      template:t="jerrycan"
      nodeName:t="bone_turret"
    }

    "templates:object"{
      relativeTm:m=[[-0.992553, 0.00405779, 0.118469] [-0.11851, -0.0288318, -0.991826] [-0.000676516, -0.999009, 0.0290943] [-1.46442, -1.23746, 1.58281]]
      template:t="tank_decor_box_01_decor"
      nodeName:t="root"
    }

    "templates:object"{
      relativeTm:m=[[0.99955, -0.00989685, 0.00533231] [0.0056602, 0.0338156, -0.998755] [0.00977921, 0.998942, 0.0338281] [-0.457962, 1.2436, 1.47568]]
      template:t="tank_decor_box_01_decor"
      nodeName:t="root"
    }

    "templates:object"{
      relativeTm:m=[[-0.213823, -0.0468106, -0.975375] [0.976436, -0.0232703, -0.212919] [-0.0127504, -0.998002, 0.050621] [-0.530319, -1.13052, 1.38022]]
      template:t="jerrycan"
      nodeName:t="root"
    }

    "templates:object"{
      relativeTm:m=[[-0.340813, 0.0292078, -0.939059] [0.93817, -0.0456875, -0.341792] [-0.0529374, -0.997867, -0.0118925] [-1.13173, 1.28331, 1.515]]
      template:t="jerrycan"
      nodeName:t="root"
    }

    "templates:object"{
      relativeTm:m=[[-0.100149, 0.0430056, -0.993561] [-0.99429, 0.0219444, 0.101154] [0.0261573, 0.998267, 0.0404993] [-1.65085, 1.11956, 1.52541]]
      template:t="jerrycan"
      nodeName:t="root"
    }

    "templates:object"{
      relativeTm:m=[[0.75435, 0.00972326, -0.65526] [0.00695331, 0.999264, 0.0228454] [0.655789, -0.0217987, 0.753668] [1.44865, -0.0916288, 1.28878]]
      template:t="jerrycan"
      nodeName:t="root"
    }

    "templates:object"{
      relativeTm:m=[[0.183214, 0.980291, 0.0688211] [-0.725476, 0.087709, 0.681954] [0.662798, -0.174853, 0.72747] [1.4278, 0.642531, 1.32414]]
      template:t="helmet_m1"
      nodeName:t="root"
    }

    "templates:object"{
      relativeTm:m=[[-0.804296, -0.149742, 0.574114] [0.135504, -0.98812, -0.0677854] [0.577794, 0.0232946, 0.814945] [1.20572, 0.803776, 1.53902]]
      template:t="helmet_m1"
      nodeName:t="root"
    }

    "templates:object"{
      relativeTm:m=[[-0.467384, 0.73639, 0.487188] [0.532014, 0.674738, -0.509383] [-0.704846, 0.0212021, -0.707491] [1.43228, -0.470418, 1.41043]]
      template:t="decor_m1_carabine"
      nodeName:t="root"
    }

    "templates:object"{
      relativeTm:m=[[0.999388, 2.56769e-08, -6.70233e-06] [1.38098e-08, 0.999913, 1.17347e-06] [2.69664e-06, 3.54368e-07, 0.99947] [2.3596, -0.011091, 0.600384]]
      template:t="stuart_hedgerow_01_decor"
      nodeName:t="root"
    }
  }
}