entity{
  _template:t="fire_bonfire_medium_effect"
  transform:m=[[1.0, 0.0, 0.0] [0.0, 1.0, 0.0] [0.0, 0.0, 1.0] [-29.6342, 5.40831, 293.746]]
}

entity{
  _template:t="fire_bonfire_huge_effect"
  transform:m=[[1.0, 0.0, 0.0] [0.0, 1.0, 0.0] [0.0, 0.0, 1.0] [-345.907, 53.4033, 96.8069]]
}

entity{
  _template:t="fire_bonfire_medium_effect"
  transform:m=[[1.0, 0.0, 0.0] [0.0, 1.0, 0.0] [0.0, 0.0, 1.0] [177.729, 15.9907, 188.728]]
}

entity{
  _template:t="fire_bonfire_small_effect"
  transform:m=[[1.0, 0.0, 0.0] [0.0, 1.0, 0.0] [0.0, 0.0, 1.0] [-57.6888, 1.65115, 314.829]]
}

entity{
  _template:t="fire_bonfire_small_effect"
  transform:m=[[1.0, 0.0, 0.0] [0.0, 1.0, 0.0] [0.0, 0.0, 1.0] [207.882, 1.05599, 351.163]]
}

entity{
  _template:t="fire_bonfire_small_effect"
  transform:m=[[1.0, 0.0, 0.0] [0.0, 1.0, 0.0] [0.0, 0.0, 1.0] [-41.2697, 7.64102, 259.276]]
}

entity{
  _template:t="fire_bonfire_small_effect"
  transform:m=[[1.0, 0.0, 0.0] [0.0, 1.0, 0.0] [0.0, 0.0, 1.0] [19.9153, 8.84277, 286.799]]
}

entity{
  _template:t="fire_bonfire_huge_effect"
  transform:m=[[1.0, 0.0, 0.0] [0.0, 1.0, 0.0] [0.0, 0.0, 1.0] [250.06, 62.2703, -287.642]]
}

entity{
  _template:t="fire_bonfire_small_effect"
  transform:m=[[1.0, 0.0, 0.0] [0.0, 1.0, 0.0] [0.0, 0.0, 1.0] [36.0251, 9.08148, 260.734]]
}

entity{
  _template:t="fire_bonfire_medium_effect"
  transform:m=[[1.0, 0.0, 0.0] [0.0, 1.0, 0.0] [0.0, 0.0, 1.0] [88.5177, 6.03005, 303.367]]
}

entity{
  _template:t="fire_bonfire_medium_effect"
  transform:m=[[1.0, 0.0, 0.0] [0.0, 1.0, 0.0] [0.0, 0.0, 1.0] [-4.93543, 6.9545, 246.143]]
}

entity{
  _template:t="m4a2_sherman_1944_turret_destroyed"
  transform:m=[[-0.350991, -0.0926146, 0.931787] [-0.0258542, 0.995676, 0.0892259] [-0.936022, 0.00722684, -0.351868] [85.3067, 4.72351, 304.155]]
}

entity{
  _template:t="m4a2_sherman_1944_body_destroyed"
  transform:m=[[0.78186, 0.223945, -0.581845] [-0.0203699, 0.941938, 0.335168] [0.623122, -0.250202, 0.741025] [-29.6782, 4.18509, 293.362]]
}

entity{
  _template:t="m4a2_sherman_1944_turret_destroyed"
  transform:m=[[-0.351425, -0.0970145, 0.931176] [-0.043263, 0.995237, 0.0873613] [-0.935216, -0.00958462, -0.353948] [5.55569, 6.64308, 248.529]]
}

entity{
  _template:t="m4a2_sherman_1944_destroyed"
  transform:m=[[-0.269098, 0.0623483, -0.961092] [0.0564449, 0.997208, 0.048887] [0.961457, -0.0410933, -0.271866] [19.7248, 7.10732, 286.485]]
}

entity{
  _template:t="m4a2_sherman_1944_destroyed"
  transform:m=[[0.557504, -0.0909017, -0.825183] [0.0762577, 0.995392, -0.0581312] [0.826665, -0.0305182, 0.561867] [-40.5724, 6.31402, 257.896]]
}

entity{
  _template:t="m4a2_sherman_1944_destroyed"
  transform:m=[[-0.699683, -0.067434, -0.711264] [-0.0320989, 0.997497, -0.0629953] [0.713732, -0.021246, -0.700097] [35.885, 7.45951, 260.343]]
}

entity{
  _template:t="m4a2_sherman_1944_body_destroyed"
  transform:m=[[-0.107062, 0.0690824, -0.991849] [0.0301364, 0.99735, 0.0662126] [0.993796, -0.022802, -0.10886] [88.4067, 4.64386, 303.592]]
}

entity{
  _template:t="m4a2_sherman_1944_body_destroyed"
  transform:m=[[0.996319, -0.0855322, 0.00566641] [0.0854721, 0.996289, 0.0101053] [-0.00650971, -0.00958378, 0.999933] [-4.90716, 6.286, 246.033]]
}

entity{
  _template:t="m4a2_sherman_1944_destroyed"
  transform:m=[[0.931992, 0.107791, -0.346081] [-0.0916396, 0.993813, 0.0627519] [0.350704, -0.0267695, 0.936104] [14.4586, 6.90158, 233.113]]
}