import{
  scene:t="content/enlisted/gamedata/scenes/_berlin_level.blk"
  scene:t="content/enlisted/gamedata/scenes/_berlin_opera_gpu_objects.blk"
  scene:t="content/enlisted/gamedata/scenes/_berlin_opera_biom_fx.blk"
  scene:t="content/enlisted/gamedata/scenes/_berlin_opera_background_fx.blk"
  scene:t="content/enlisted/gamedata/scenes/_berlin_opera_projectors.blk"
  scene:t="content/enlisted/gamedata/scenes/_berlin_opera_tracers.blk"
}

entity{
  _template:t="enemy_attack_marker"
}

entity{
  _template:t="static_cam"
  camera__active:b=yes
  transform:m=[[-0.652336, 0.0, 0.75793] [0.00834575, 0.999939, 0.00718302] [-0.757884, 0.0110112, -0.652296] [259.25, 12.9123, -74.7043]]
}

entity{
  _template:t="group_activator"
  activator__initialLength:i=5

  "activator__activateChoice:object"{
    1_capzone_american_embassy:r=1.0
  }
}

entity{
  _template:t="box_battle_area"
  transform:m=[[182.984, 0.0, 53.2833] [0.0, 50.9745, 0.0] [-65.1214, 0.0, 223.638] [474.451, 15.3537, -158.197]]
  groupName:t="1_capzone_wilhelmstrasse"
  battle_area__team:i=1
  battle_area__timeToDamage:r=10.0
  battle_area__damage:r=3.0
  active:b=no
}

entity{
  _template:t="box_battle_area"
  transform:m=[[198.641, 0.0, 58.6434] [0.0, 50.9745, 0.0] [-71.6722, 0.0, 242.773] [518.597, 15.3537, -310.722]]
  groupName:t="1_capzone_wilhelmstrasse"
  battle_area__team:i=2
  battle_area__timeToDamage:r=10.0
  battle_area__damage:r=3.0
  active:b=no
}

entity{
  _template:t="box_battle_area"
  transform:m=[[187.574, 0.0, 29.739] [0.0, 50.9745, 0.0] [-36.3461, 0.0, 229.249] [267.439, 15.3537, -178.952]]
  groupName:t="2_capzone_goebbels_villa"
  battle_area__team:i=1
  battle_area__timeToDamage:r=10.0
  battle_area__damage:r=3.0
  active:b=no
}

entity{
  _template:t="box_battle_area"
  transform:m=[[185.742, 0.0, 19.1101] [0.0, 50.9745, 0.0] [-23.3559, 0.0, 227.009] [299.481, 15.3537, -348.391]]
  groupName:t="2_capzone_goebbels_villa"
  battle_area__team:i=2
  battle_area__timeToDamage:r=10.0
  battle_area__damage:r=3.0
  active:b=no
}

entity{
  _template:t="box_battle_area"
  transform:m=[[175.358, 0.0, 46.6735] [0.0, 50.9745, 0.0] [-62.7517, 0.0, 230.893] [229.458, 15.3537, -129.309]]
  groupName:t="1_capzone_american_embassy"
  battle_area__team:i=1
  battle_area__timeToDamage:r=10.0
  battle_area__damage:r=3.0
  active:b=no
}

entity{
  _template:t="box_battle_area"
  transform:m=[[197.538, 0.0, -9.58316] [0.0, 50.9745, 0.0] [11.7121, 0.0, 241.426] [260.574, 15.3537, -279.702]]
  groupName:t="1_capzone_american_embassy"
  battle_area__team:i=2
  battle_area__timeToDamage:r=10.0
  battle_area__damage:r=3.0
  active:b=no
}

entity{
  _template:t="box_battle_area"
  transform:m=[[191.281, 0.0, 50.0306] [0.0, 50.9745, 0.0] [-61.1459, 0.0, 233.779] [484.155, 15.3537, -258.87]]
  groupName:t="2_capzone_headquarters"
  battle_area__team:i=1
  battle_area__timeToDamage:r=10.0
  battle_area__damage:r=3.0
  active:b=no
}

entity{
  _template:t="box_battle_area"
  transform:m=[[190.149, 0.0, 55.9228] [0.0, 50.9745, 0.0] [-68.3473, 0.0, 232.396] [520.811, 15.3537, -429.982]]
  groupName:t="2_capzone_headquarters"
  battle_area__team:i=2
  battle_area__timeToDamage:r=10.0
  battle_area__damage:r=3.0
  active:b=no
}

entity{
  _template:t="box_battle_area"
  transform:m=[[194.139, 0.0, 5.23278] [0.0, 50.9745, 0.0] [-6.39536, 0.0, 237.272] [213.599, 15.3537, -458.629]]
  groupName:t="2_capzone_goering_strasse"
  battle_area__team:i=2
  battle_area__timeToDamage:r=10.0
  battle_area__damage:r=3.0
  active:b=no
}

entity{
  _template:t="box_battle_area"
  transform:m=[[186.25, 0.0, -1.75921] [0.0, 50.9745, 0.0] [2.00677, 0.0, 210.453] [212.665, 15.3537, -299.647]]
  groupName:t="2_capzone_goering_strasse"
  battle_area__team:i=1
  battle_area__timeToDamage:r=10.0
  battle_area__damage:r=3.0
  active:b=no
}

entity{
  _template:t="box_battle_area"
  transform:m=[[-181.043, 0.0, -58.841] [0.0, 50.9745, 0.0] [71.9141, 0.0, -221.267] [300.39, 15.3537, -251.599]]
  groupName:t="3_capzone_ministry_gardens"
  battle_area__team:i=1
  battle_area__timeToDamage:r=10.0
  battle_area__damage:r=3.0
  active:b=no
}

entity{
  _template:t="box_battle_area"
  transform:m=[[-200.656, 0.0, -54.8811] [0.0, 50.9745, 0.0] [67.0741, 0.0, -245.236] [347.077, 15.3537, -424.199]]
  groupName:t="3_capzone_ministry_gardens"
  battle_area__team:i=2
  battle_area__timeToDamage:r=10.0
  battle_area__damage:r=3.0
  active:b=no
}

entity{
  _template:t="box_battle_area"
  transform:m=[[200.18, 0.0, 64.3148] [0.0, 50.9745, 0.0] [-78.6037, 0.0, 244.655] [525.411, 15.3537, -432.663]]
  groupName:t="3_capzone_old_reich_chancellery"
  battle_area__team:i=1
  battle_area__timeToDamage:r=10.0
  battle_area__damage:r=3.0
  active:b=no
}

entity{
  _template:t="box_battle_area"
  transform:m=[[-46.5395, 0.0, 176.13] [0.0, 50.9745, 0.0] [-215.261, 0.0, -56.8793] [574.712, 15.3537, -572.542]]
  groupName:t="3_capzone_old_reich_chancellery"
  battle_area__team:i=2
  battle_area__timeToDamage:r=10.0
  battle_area__damage:r=3.0
  active:b=no
}

entity{
  _template:t="box_battle_area"
  transform:m=[[37.9517, 0.0, -173.083] [0.0, 50.9745, 0.0] [211.537, 0.0, 46.3835] [378.115, 15.3537, -531.639]]
  groupName:t="4_capzone_greenhouse"
  battle_area__team:i=2
  battle_area__timeToDamage:r=10.0
  battle_area__damage:r=3.0
  active:b=no
}

entity{
  _template:t="box_battle_area"
  transform:m=[[-53.9326, 0.0, 275.161] [0.0, 50.9745, 0.0] [-204.741, 0.0, -39.4174] [324.998, 15.3537, -366.891]]
  groupName:t="4_capzone_greenhouse"
  battle_area__team:i=1
  battle_area__timeToDamage:r=10.0
  battle_area__damage:r=3.0
  active:b=no
}

entity{
  _template:t="box_battle_area"
  transform:m=[[203.806, 0.0, 21.4137] [0.0, 50.9745, 0.0] [-21.7366, 0.0, 204.173] [231.628, 15.3537, -632.649]]
  groupName:t="3_capzone_garage"
  battle_area__team:i=2
  battle_area__timeToDamage:r=10.0
  battle_area__damage:r=3.0
  active:b=no
}

entity{
  _template:t="box_battle_area"
  transform:m=[[164.599, 0.0, 22.3102] [0.0, 50.9745, 0.0] [-30.2427, 0.0, 241.74] [236.603, 15.3537, -466.664]]
  groupName:t="3_capzone_garage"
  battle_area__team:i=1
  battle_area__timeToDamage:r=10.0
  battle_area__damage:r=3.0
  active:b=no
}

entity{
  _template:t="box_battle_area"
  transform:m=[[190.988, 0.0, -100.626] [0.0, 50.9745, 0.0] [79.0395, 0.0, 151.473] [378.147, 15.3537, -478.185]]
  groupName:t="5_capzone_hitlers_bunker"
  battle_area__team:i=1
  battle_area__timeToDamage:r=10.0
  battle_area__damage:r=3.0
  active:b=no
}

entity{
  _template:t="box_battle_area"
  transform:m=[[189.112, 0.0, -48.5809] [0.0, 50.9745, 0.0] [56.8995, 0.0, 221.463] [508.972, 15.3537, -529.849]]
  groupName:t="5_capzone_hitlers_bunker"
  battle_area__team:i=2
  battle_area__timeToDamage:r=10.0
  battle_area__damage:r=3.0
  active:b=no
}

entity{
  _template:t="box_battle_area"
  transform:m=[[-27.6104, 0.0, 107.662] [0.0, 50.9745, 0.0] [-124.5, 0.0, -31.4909] [498.478, 15.3537, -622.68]]
  groupName:t="4_honor_courtyard"
  battle_area__team:i=2
  battle_area__timeToDamage:r=10.0
  battle_area__damage:r=3.0
  active:b=no
}

entity{
  _template:t="box_battle_area"
  transform:m=[[-43.1457, 0.0, 157.807] [0.0, 50.9745, 0.0] [-133.804, 0.0, -36.1457] [587.38, 15.3537, -578.132]]
  groupName:t="4_honor_courtyard"
  battle_area__team:i=1
  battle_area__timeToDamage:r=10.0
  battle_area__damage:r=3.0
  active:b=no
}

entity{
  _template:t="box_battle_area"
  transform:m=[[147.46, 0.0, 15.2773] [0.0, 50.9745, 0.0] [-24.6371, 0.0, 220.202] [218.513, 15.3537, -621.012]]
  groupName:t="4_reich_chancellery_fountain_yard"
  battle_area__team:i=1
  battle_area__timeToDamage:r=10.0
  battle_area__damage:r=3.0
  active:b=no
}

entity{
  _template:t="box_battle_area"
  transform:m=[[-20.0113, 0.0, 142.675] [0.0, 50.9745, 0.0] [-164.925, 0.0, -22.5772] [328.314, 15.3537, -664.942]]
  groupName:t="4_reich_chancellery_fountain_yard"
  battle_area__team:i=2
  battle_area__timeToDamage:r=10.0
  battle_area__damage:r=3.0
  active:b=no
}

entity{
  _template:t="box_battle_area"
  transform:m=[[-29.7683, 0.0, 180.852] [0.0, 50.9745, 0.0] [-282.887, 0.0, -46.2239] [492.943, 15.3537, -617.515]]
  groupName:t="5_hitlers_office"
  battle_area__team:i=1
  battle_area__timeToDamage:r=10.0
  battle_area__damage:r=3.0
  active:b=no
}

entity{
  _template:t="box_battle_area"
  transform:m=[[-32.6386, 0.0, 177.341] [0.0, 50.9745, 0.0] [-237.588, 0.0, -43.1086] [306.708, 15.3537, -650.958]]
  groupName:t="5_hitlers_office"
  battle_area__team:i=2
  battle_area__timeToDamage:r=10.0
  battle_area__damage:r=3.0
  active:b=no
}

entity{
  _template:t="box_battle_area"
  transform:m=[[-32.6386, 0.0, 177.341] [0.0, 50.9745, 0.0] [-237.588, 0.0, -43.1086] [284.127, 15.3537, -656.742]]
  groupName:t="5_hitlers_office_second_chain"
  battle_area__team:i=1
  battle_area__timeToDamage:r=10.0
  battle_area__damage:r=3.0
  active:b=no
}

entity{
  _template:t="box_battle_area"
  transform:m=[[-29.7683, 0.0, 180.852] [0.0, 50.9745, 0.0] [-282.887, 0.0, -46.2239] [488.584, 15.3537, -619.761]]
  groupName:t="5_hitlers_office_second_chain"
  battle_area__team:i=2
  battle_area__timeToDamage:r=10.0
  battle_area__damage:r=3.0
  active:b=no
}

entity{
  _template:t="team_ussr_berlin+team_narrator_invasion_attack"
  team__memberCount:r=0.0
  team__scoreCap:r=1750.0
  team__score:r=1750.0
  team__squadSpawnCost:i=250
  team__firstSpawnCostMul:r=0.0
  team__zeroScoreFailTimer:r=120.0
  team__id:i=1
  team__briefing:t="invasion/attackers_goals"
  team__winSubtitle:t="debriefing/won_invasion_subtitle"
  team__loseSubtitle:t="debriefing/lost_invasion_subtitle"
  team__winTitle:t="debriefing/ussr_won_invasion"
  team__spawnBotArmy:t="moscow_allies"
}

entity{
  _template:t="team_germany_berlin+team_narrator_invasion_defence"
  team__countAdd:r=0.5
  team__memberCount:r=0.5
  team__scoreCap:r=5000.0
  team__capturePenalty:r=1001.0
  team__score:r=5000.0
  team__id:i=2
  team__briefing:t="invasion/defenders_goals"
  team__winSubtitle:t="debriefing/won_defence_subtitle"
  team__loseSubtitle:t="debriefing/lost_defence_subtitle"
  team__winTitle:t="debriefing/ger_won_defence"
  team__spawnBotArmy:t="moscow_axis"
}

entity{
  _template:t="defend_zone_chained_sphere+defend_zone_respawnbase"
  transform:m=[[1.0, 0.0, 0.0] [0.0, 1.0, 0.0] [0.0, 0.0, 1.0] [503.565, 3.22278, -233.001]]
  groupName:t="1_capzone_wilhelmstrasse"
  capzone__capRewardPartCap:r=1.0
  capzone__onlyTeamCanCapture:i=1
  capzone__capReward:r=250.0
  capzone__icon:t="AAA"
  capzone__caption:t="capzone/wilhelmstrasse"
  capzone__capTime:r=30.0
  capzone__capTeam:i=-1
  active:b=no
  capzone__deactivateAfterTimeout:r=25.0
  capzone__spawnAtZoneTimeout:r=25.0
  capzone__createRespawnBaseForTeam:i=2
  decal__thickness:r=0.3
  decal__height:r=0.3

  "capzone__activateChoice:object"{
    2_capzone_headquarters:r=1.0
  }
}

entity{
  _template:t="respTeam1"
  transform:m=[[0.776058, 0.0, -0.630663] [0.0, 1.0, 0.0] [0.630663, 0.0, 0.776058] [463.751, 4.67948, -156.991]]
  groupName:t="1_capzone_wilhelmstrasse"
  active:b=no
}

entity{
  _template:t="respTeam1"
  transform:m=[[0.202985, 0.0, -0.979182] [0.0, 1.0, 0.0] [0.979182, 0.0, 0.202985] [480.25, 4.0263, -139.78]]
  groupName:t="1_capzone_wilhelmstrasse"
  active:b=no
}

entity{
  _template:t="respVehicle"
  transform:m=[[0.216415, 0.0955405, -0.971616] [-0.0475444, 0.995051, 0.087255] [0.975143, 0.0273114, 0.219886] [454.859, 4.0263, -84.6827]]
  groupName:t="1_capzone_wilhelmstrasse"
  team:i=1
  respTime:i=150
  maxVehicleOnSpawn:i=2
  active:b=no
}

entity{
  _template:t="respTeam2"
  transform:m=[[0.541074, 0.0, 0.840974] [0.0, 1.0, 0.0] [-0.840974, 0.0, 0.541074] [490.939, 4.51385, -308.36]]
  groupName:t="1_capzone_wilhelmstrasse"
  active:b=no
}

entity{
  _template:t="respTeam2"
  transform:m=[[-0.972467, 0.0, 0.233039] [0.0, 1.0, 0.0] [-0.233039, 0.0, -0.972467] [550.405, 6.52644, -300.074]]
  groupName:t="1_capzone_wilhelmstrasse"
  active:b=no
}

entity{
  _template:t="respVehicle"
  transform:m=[[-0.259463, 0.0, 0.965753] [0.0, 1.0, 0.0] [-0.965753, 0.0, -0.259463] [551.209, 6.52644, -374.577]]
  groupName:t="1_capzone_wilhelmstrasse"
  team:i=2
  respTime:i=150
  maxVehicleOnSpawn:i=2
  active:b=no
}

entity{
  _template:t="defend_zone_chained_box+defend_zone_respawnbase"
  transform:m=[[8.63107, 0.0, 0.733034] [0.0, 3.34206, 0.0] [-1.67966, 0.0, 18.4045] [275.805, 6.05313, -267.393]]
  groupName:t="2_capzone_goebbels_villa"
  capzone__capRewardPartCap:r=1.1
  capzone__onlyTeamCanCapture:i=1
  capzone__capReward:r=250.0
  capzone__icon:t="AAA"
  capzone__caption:t="capzone/goebbels_villa"
  capzone__capTime:r=30.0
  capzone__capTeam:i=-1
  active:b=no
  capzone__deactivateAfterTimeout:r=25.0
  capzone__spawnAtZoneTimeout:r=25.0
  capzone__createRespawnBaseForTeam:i=2
  decal__thickness:r=0.3
  decal__height:r=0.3

  "capzone__activateChoice:object"{
    3_capzone_ministry_gardens:r=1.0
  }
}

entity{
  _template:t="respTeam1"
  transform:m=[[0.140642, 0.0, -0.99006] [0.0, 1.0, 0.0] [0.99006, 0.0, 0.140642] [257.419, 4.02632, -171.919]]
  groupName:t="2_capzone_goebbels_villa"
  active:b=no
}

entity{
  _template:t="respTeam1"
  transform:m=[[0.177139, 0.0, -0.984186] [0.0, 1.0, 0.0] [0.984186, 0.0, 0.177139] [231.284, 4.02632, -187.166]]
  groupName:t="2_capzone_goebbels_villa"
  active:b=no
}

entity{
  _template:t="respVehicle"
  transform:m=[[0.361783, 0.0, -0.932263] [0.0, 1.0, 0.0] [0.932263, 0.0, 0.361783] [210.091, 4.02632, -124.549]]
  groupName:t="2_capzone_goebbels_villa"
  team:i=1
  respTime:i=150
  maxVehicleOnSpawn:i=2
  active:b=no
}

entity{
  _template:t="respTeam2"
  transform:m=[[-0.546156, 0.0, 0.837684] [0.0, 1.0, 0.0] [-0.837684, 0.0, -0.546156] [326.235, 4.02633, -328.781]]
  groupName:t="2_capzone_goebbels_villa"
  active:b=no
}

entity{
  _template:t="respTeam2"
  transform:m=[[0.431619, 0.0, 0.902056] [0.0, 1.0, 0.0] [-0.902056, 0.0, 0.431619] [235.82, 4.22537, -338.51]]
  groupName:t="2_capzone_goebbels_villa"
  active:b=no
}

entity{
  _template:t="respVehicle"
  transform:m=[[0.109999, 0.0, 0.993932] [0.0, 1.0, 0.0] [-0.993932, 0.0, 0.109999] [197.0, 4.22537, -400.156]]
  groupName:t="2_capzone_goebbels_villa"
  team:i=2
  respTime:i=150
  maxVehicleOnSpawn:i=2
  active:b=no
}

entity{
  _template:t="defend_zone_chained_sphere+defend_zone_respawnbase"
  transform:m=[[0.937779, 0.0, 0.347233] [0.0, 1.0, 0.0] [-0.347233, 0.0, 0.937779] [494.467, 3.66328, -345.902]]
  groupName:t="2_capzone_headquarters"
  capzone__capRewardPartCap:r=1.1
  capzone__onlyTeamCanCapture:i=1
  capzone__capReward:r=250.0
  capzone__icon:t="AAA"
  capzone__caption:t="capzone/headquarters"
  capzone__capTime:r=30.0
  capzone__capTeam:i=-1
  active:b=no
  capzone__deactivateAfterTimeout:r=25.0
  capzone__spawnAtZoneTimeout:r=25.0
  capzone__createRespawnBaseForTeam:i=2
  sphere_zone__radius:r=8.5

  "capzone__activateChoice:object"{
    3_capzone_old_reich_chancellery:r=1.0
  }
}

entity{
  _template:t="respTeam1"
  transform:m=[[-0.241016, 0.0, -0.970521] [0.0, 1.0, 0.0] [0.970521, 0.0, -0.241016] [476.716, 4.02552, -247.435]]
  groupName:t="2_capzone_headquarters"
  active:b=no
}

entity{
  _template:t="respTeam1"
  transform:m=[[-0.267428, 0.0, -0.963577] [0.0, 1.0, 0.0] [0.963577, 0.0, -0.267428] [554.617, 4.02552, -262.373]]
  groupName:t="2_capzone_headquarters"
  active:b=no
}

entity{
  _template:t="respVehicle"
  transform:m=[[0.318971, 0.0, -0.947764] [0.0, 1.0, 0.0] [0.947764, 0.0, 0.318971] [489.003, 4.02552, -205.719]]
  groupName:t="2_capzone_headquarters"
  team:i=1
  respTime:i=150
  maxVehicleOnSpawn:i=2
  active:b=no
}

entity{
  _template:t="respTeam2"
  transform:m=[[0.0283557, 0.0, 0.999598] [0.0, 1.0, 0.0] [-0.999598, 0.0, 0.0283557] [539.7, 4.02424, -410.079]]
  groupName:t="2_capzone_headquarters"
  active:b=no
}

entity{
  _template:t="respTeam2"
  transform:m=[[-0.208443, 0.0, 0.978035] [0.0, 1.0, 0.0] [-0.978036, 0.0, -0.208443] [503.241, 4.02424, -424.767]]
  groupName:t="2_capzone_headquarters"
  active:b=no
}

entity{
  _template:t="respVehicle"
  transform:m=[[-0.340093, 0.0, 0.940392] [0.0, 1.0, 0.0] [-0.940393, 0.0, -0.340094] [581.295, 4.02424, -466.778]]
  groupName:t="2_capzone_headquarters"
  team:i=2
  respTime:i=150
  maxVehicleOnSpawn:i=2
  active:b=no
}

entity{
  _template:t="defend_zone_chained_sphere+defend_zone_respawnbase"
  transform:m=[[0.089019, 0.0, 0.99603] [0.0, 1.0, 0.0] [-0.99603, 0.0, 0.089019] [211.253, 3.70395, -375.284]]
  groupName:t="2_capzone_goering_strasse"
  capzone__capRewardPartCap:r=1.1
  capzone__onlyTeamCanCapture:i=1
  capzone__capReward:r=250.0
  capzone__icon:t="AAA"
  capzone__caption:t="capzone/goering_strasse"
  capzone__capTime:r=30.0
  capzone__capTeam:i=-1
  active:b=no
  sphere_zone__radius:r=6.0
  capzone__deactivateAfterTimeout:r=25.0
  capzone__spawnAtZoneTimeout:r=25.0
  capzone__createRespawnBaseForTeam:i=2

  "capzone__activateChoice:object"{
    3_capzone_garage:r=1.0
  }
}

entity{
  _template:t="respTeam1"
  transform:m=[[0.281002, 0.0, -0.959707] [0.0, 1.0, 0.0] [0.959707, 0.0, 0.281002] [185.176, 4.96674, -277.419]]
  groupName:t="2_capzone_goering_strasse"
  active:b=no
}

entity{
  _template:t="respTeam1"
  transform:m=[[-0.212867, 0.0, -0.977081] [0.0, 1.0, 0.0] [0.977081, 0.0, -0.212867] [250.003, 4.24985, -278.905]]
  groupName:t="2_capzone_goering_strasse"
  active:b=no
}

entity{
  _template:t="respVehicle"
  transform:m=[[-0.199208, 0.0, -0.979958] [0.0, 1.0, 0.0] [0.979958, 0.0, -0.199208] [219.964, 4.24985, -224.375]]
  groupName:t="2_capzone_goering_strasse"
  team:i=1
  respTime:i=150
  maxVehicleOnSpawn:i=2
  active:b=no
}

entity{
  _template:t="respTeam2"
  transform:m=[[-0.652105, 0.0, 0.758129] [0.0, 1.0, 0.0] [-0.758129, 0.0, -0.652105] [259.213, 4.02429, -444.602]]
  groupName:t="2_capzone_goering_strasse"
  active:b=no
}

entity{
  _template:t="respTeam2"
  transform:m=[[0.411659, 0.0, 0.911338] [0.0, 1.0, 0.0] [-0.911338, 0.0, 0.411659] [192.763, 4.28092, -450.339]]
  groupName:t="2_capzone_goering_strasse"
  active:b=no
}

entity{
  _template:t="respVehicle"
  transform:m=[[0.379246, 0.0, 0.925296] [0.0, 1.0, 0.0] [-0.925296, 0.0, 0.379246] [179.779, 4.28092, -517.147]]
  groupName:t="2_capzone_goering_strasse"
  team:i=2
  respTime:i=150
  maxVehicleOnSpawn:i=2
  active:b=no
}

entity{
  _template:t="defend_zone_chained_box+defend_zone_respawnbase"
  transform:m=[[8.94383, 0.0, 3.28301] [0.0, 3.30665, 0.0] [-5.56451, 0.0, 15.452] [550.056, 5.01931, -531.951]]
  groupName:t="3_capzone_old_reich_chancellery"
  capzone__capRewardPartCap:r=1.2
  capzone__onlyTeamCanCapture:i=1
  capzone__capReward:r=250.0
  capzone__icon:t="AAA"
  capzone__caption:t="capzone/old_reich_chancellery"
  capzone__capTime:r=30.0
  capzone__capTeam:i=-1
  active:b=no
  capzone__deactivateAfterTimeout:r=25.0
  capzone__spawnAtZoneTimeout:r=25.0
  capzone__createRespawnBaseForTeam:i=2

  "capzone__activateChoice:object"{
    4_honor_courtyard:r=1.0
  }
}

entity{
  _template:t="respTeam1"
  transform:m=[[0.194815, 0.0, -0.98084] [0.0, 1.0, 0.0] [0.98084, 0.0, 0.194815] [559.929, 4.02552, -428.66]]
  groupName:t="3_capzone_old_reich_chancellery"
  active:b=no
}

entity{
  _template:t="respTeam1"
  transform:m=[[0.600934, 0.0, -0.799298] [0.0, 1.0, 0.0] [0.799298, 0.0, 0.600934] [513.476, 4.02552, -438.0]]
  groupName:t="3_capzone_old_reich_chancellery"
  active:b=no
}

entity{
  _template:t="respVehicle"
  transform:m=[[0.274205, 0.0, -0.961671] [0.0, 1.0, 0.0] [0.961671, 0.0, 0.274205] [554.726, 4.02552, -374.161]]
  groupName:t="3_capzone_old_reich_chancellery"
  team:i=1
  respTime:i=150
  maxVehicleOnSpawn:i=2
  active:b=no
}

entity{
  _template:t="respTeam2"
  transform:m=[[0.679826, 0.0, 0.733373] [0.0, 1.0, 0.0] [-0.733373, 0.0, 0.679827] [539.702, 4.31658, -600.695]]
  groupName:t="3_capzone_old_reich_chancellery"
  active:b=no
}

entity{
  _template:t="respTeam2"
  transform:m=[[-0.786137, 0.0, 0.618051] [0.0, 1.0, 0.0] [-0.618051, 0.0, -0.786138] [633.743, 4.06751, -571.258]]
  groupName:t="3_capzone_old_reich_chancellery"
  active:b=no
}

entity{
  _template:t="respVehicle"
  transform:m=[[-0.333738, 0.0, 0.942666] [0.0, 1.0, 0.0] [-0.942666, 0.0, -0.333739] [645.127, 4.06751, -630.154]]
  groupName:t="3_capzone_old_reich_chancellery"
  team:i=2
  respTime:i=150
  maxVehicleOnSpawn:i=2
  active:b=no
}

entity{
  _template:t="defend_zone_chained_sphere+defend_zone_respawnbase"
  transform:m=[[1.0, 0.0, 0.0] [0.0, 1.0, 0.0] [0.0, 0.0, 1.0] [449.174, 3.17165, -516.425]]
  groupName:t="5_capzone_hitlers_bunker"
  capzone__capRewardPartCap:r=1.3
  capzone__onlyTeamCanCapture:i=1
  capzone__capReward:r=250.0
  capzone__icon:t="AAA"
  capzone__caption:t="capzone/hitlers_bunker"
  capzone__capTime:r=30.0
  capzone__capTeam:i=-1
  active:b=no
  sphere_zone__radius:r=5.5
  capzone__deactivateAfterTimeout:r=25.0
  capzone__spawnAtZoneTimeout:r=25.0
  capzone__createRespawnBaseForTeam:i=2
  decal__thickness:r=0.3
}

entity{
  _template:t="respTeam1"
  transform:m=[[0.813741, 0.0, -0.581229] [0.0, 1.0, 0.0] [0.581229, 0.0, 0.813741] [363.65, 3.98043, -444.511]]
  groupName:t="5_capzone_hitlers_bunker"
  active:b=no
}

entity{
  _template:t="respVehicle"
  transform:m=[[0.924492, 0.378399, -0.0461356] [-0.185473, 0.340769, -0.921671] [-0.333038, 0.860634, 0.385221] [292.906, 3.98043, -478.296]]
  groupName:t="5_capzone_hitlers_bunker"
  team:i=1
  respTime:i=150
  maxVehicleOnSpawn:i=2
  active:b=no
}

entity{
  _template:t="respTeam2"
  transform:m=[[-0.510628, 0.0, 0.859802] [0.0, 1.0, 0.0] [-0.859803, 0.0, -0.510628] [502.778, 5.89452, -591.258]]
  groupName:t="5_capzone_hitlers_bunker"
  active:b=no
}

entity{
  _template:t="respTeam2"
  transform:m=[[-0.948183, 0.0, -0.317726] [0.0, 1.0, 0.0] [0.317726, 0.0, -0.948184] [540.655, 4.16626, -535.363]]
  groupName:t="5_capzone_hitlers_bunker"
  active:b=no
}

entity{
  _template:t="respVehicle"
  transform:m=[[-0.962201, 0.0, -0.272343] [0.0, 1.0, 0.0] [0.272343, 0.0, -0.962202] [533.883, 5.89493, -452.45]]
  groupName:t="5_capzone_hitlers_bunker"
  team:i=2
  respTime:i=150
  maxVehicleOnSpawn:i=2
  active:b=no
}

entity{
  _template:t="defend_zone_chained_box+defend_zone_respawnbase"
  transform:m=[[-7.11362, 0.0, -0.136158] [0.0, 3.43331, 0.0] [-0.0672885, 0.0, -11.2712] [249.336, 6.69245, -189.637]]
  groupName:t="1_capzone_american_embassy"
  capzone__capRewardPartCap:r=1.0
  capzone__onlyTeamCanCapture:i=1
  capzone__capReward:r=250.0
  capzone__icon:t="AAA"
  capzone__caption:t="capzone/american_embassy"
  capzone__capTime:r=30.0
  capzone__capTeam:i=-1
  active:b=no
  capzone__deactivateAfterTimeout:r=25.0
  capzone__spawnAtZoneTimeout:r=25.0
  capzone__createRespawnBaseForTeam:i=2
  decal__thickness:r=0.3

  "capzone__activateChoice:object"{
    2_capzone_goebbels_villa:r=1.0
  }
}

entity{
  _template:t="respTeam1"
  transform:m=[[-0.669732, 0.0, -0.742602] [0.0, 1.0, 0.0] [0.742602, 0.0, -0.669732] [292.076, 4.0263, -92.1324]]
  groupName:t="1_capzone_american_embassy"
  active:b=no
}

entity{
  _template:t="respTeam1"
  transform:m=[[0.680342, 0.0, -0.732894] [0.0, 1.0, 0.0] [0.732894, 0.0, 0.680342] [188.046, 4.0263, -104.081]]
  groupName:t="1_capzone_american_embassy"
  active:b=no
}

entity{
  _template:t="respVehicle"
  transform:m=[[0.120079, 0.0, -0.992764] [0.0, 1.0, 0.0] [0.992764, 0.0, 0.120079] [203.178, 4.0263, -50.2457]]
  groupName:t="1_capzone_american_embassy"
  team:i=1
  respTime:i=150
  maxVehicleOnSpawn:i=2
  active:b=no
}

entity{
  _template:t="respTeam2"
  transform:m=[[-0.0813268, 0.0, 0.996688] [0.0, 1.0, 0.0] [-0.996688, 0.0, -0.0813268] [221.232, 4.08289, -277.017]]
  groupName:t="1_capzone_american_embassy"
  active:b=no
}

entity{
  _template:t="respTeam2"
  transform:m=[[-0.387305, 0.0, 0.921952] [0.0, 1.0, 0.0] [-0.921952, 0.0, -0.387305] [312.796, 4.02633, -245.415]]
  groupName:t="1_capzone_american_embassy"
  active:b=no
}

entity{
  _template:t="respVehicle"
  transform:m=[[0.0614951, 0.0, 0.998107] [0.0, 1.0, 0.0] [-0.998107, 0.0, 0.0614951] [199.387, 4.02633, -364.225]]
  groupName:t="1_capzone_american_embassy"
  team:i=2
  respTime:i=150
  maxVehicleOnSpawn:i=2
  active:b=no
}

entity{
  _template:t="defend_zone_chained_box+defend_zone_respawnbase"
  transform:m=[[8.78152, 0.0, 0.773597] [0.0, 3.16819, 0.0] [-0.576996, 0.0, 6.54981] [335.83, 4.67856, -333.312]]
  groupName:t="3_capzone_ministry_gardens"
  capzone__capRewardPartCap:r=1.1
  capzone__onlyTeamCanCapture:i=1
  capzone__capReward:r=250.0
  capzone__icon:t="AAA"
  capzone__caption:t="capzone/ministry_gardens"
  capzone__capTime:r=30.0
  capzone__capTeam:i=-1
  active:b=no
  capzone__deactivateAfterTimeout:r=25.0
  capzone__spawnAtZoneTimeout:r=25.0
  capzone__createRespawnBaseForTeam:i=2

  "capzone__activateChoice:object"{
    4_capzone_greenhouse:r=1.0
  }
}

entity{
  _template:t="respTeam1"
  transform:m=[[-0.388783, 0.0, -0.921329] [0.0, 1.0, 0.0] [0.921329, 0.0, -0.388782] [367.276, 4.02552, -244.175]]
  groupName:t="3_capzone_ministry_gardens"
  active:b=no
}

entity{
  _template:t="respTeam1"
  transform:m=[[0.428709, 0.0, -0.903443] [0.0, 1.0, 0.0] [0.903443, 0.0, 0.428709] [273.928, 5.27579, -264.373]]
  groupName:t="3_capzone_ministry_gardens"
  active:b=no
}

entity{
  _template:t="respTeam1"
  transform:m=[[0.270054, 0.0, -0.962845] [0.0, 1.0, 0.0] [0.962845, 0.0, 0.270055] [311.61, 4.02552, -243.107]]
  groupName:t="3_capzone_ministry_gardens"
  active:b=no
}

entity{
  _template:t="respVehicle"
  transform:m=[[0.136935, 0.0, -0.99058] [0.0, 1.0, 0.0] [0.99058, 0.0, 0.136936] [214.314, 4.02552, -257.68]]
  groupName:t="3_capzone_ministry_gardens"
  team:i=1
  respTime:i=150
  maxVehicleOnSpawn:i=2
  active:b=no
}

entity{
  _template:t="respTeam2"
  transform:m=[[0.386076, 0.0, 0.922467] [0.0, 1.0, 0.0] [-0.922467, 0.0, 0.386076] [304.212, 4.57429, -409.683]]
  groupName:t="3_capzone_ministry_gardens"
  active:b=no
}

entity{
  _template:t="respTeam2"
  transform:m=[[-0.219632, 0.0, 0.975583] [0.0, 1.0, 0.0] [-0.975583, 0.0, -0.219632] [349.798, 6.20537, -415.496]]
  groupName:t="3_capzone_ministry_gardens"
  active:b=no
}

entity{
  _template:t="respTeam2"
  transform:m=[[-0.413157, 0.0, 0.91066] [0.0, 1.0, 0.0] [-0.91066, 0.0, -0.413157] [385.637, 8.96633, -408.542]]
  groupName:t="3_capzone_ministry_gardens"
  active:b=no
}

entity{
  _template:t="respVehicle"
  transform:m=[[-0.368918, 0.0, 0.929462] [0.0, 1.0, 0.0] [-0.929462, 0.0, -0.368918] [362.047, 5.14765, -456.31]]
  groupName:t="3_capzone_ministry_gardens"
  team:i=2
  respTime:i=150
  maxVehicleOnSpawn:i=2
  active:b=no
}

entity{
  _template:t="defend_zone_chained_box+defend_zone_respawnbase"
  transform:m=[[18.5363, 0.0, 3.16608] [0.0, 3.47757, 0.0] [-1.30074, 0.0, 8.75061] [347.9, 4.86659, -474.34]]
  groupName:t="4_capzone_greenhouse"
  capzone__capRewardPartCap:r=1.2
  capzone__onlyTeamCanCapture:i=1
  capzone__capReward:r=250.0
  capzone__icon:t="AAA"
  capzone__caption:t="capzone/greenhouse"
  capzone__capTime:r=30.0
  capzone__capTeam:i=-1
  active:b=no
  capzone__deactivateAfterTimeout:r=25.0
  capzone__spawnAtZoneTimeout:r=25.0
  capzone__createRespawnBaseForTeam:i=2

  "capzone__activateChoice:object"{
    5_capzone_hitlers_bunker:r=1.0
  }
}

entity{
  _template:t="respTeam1"
  transform:m=[[0.191122, 0.0, -0.981567] [0.0, 1.0, 0.0] [0.981567, 0.0, 0.191122] [322.3, 4.47902, -375.775]]
  groupName:t="4_capzone_greenhouse"
  active:b=no
}

entity{
  _template:t="respTeam1"
  transform:m=[[-0.198777, 0.0, -0.980045] [0.0, 1.0, 0.0] [0.980045, 0.0, -0.198777] [368.627, 4.03503, -376.9]]
  groupName:t="4_capzone_greenhouse"
  active:b=no
}

entity{
  _template:t="respTeam1"
  transform:m=[[0.451516, 0.0, -0.892263] [0.0, 1.0, 0.0] [0.892263, 0.0, 0.451516] [290.034, 4.3635, -386.69]]
  groupName:t="4_capzone_greenhouse"
  active:b=no
}

entity{
  _template:t="respVehicle"
  transform:m=[[0.018885, 0.0, -0.999822] [0.0, 1.0, 0.0] [0.999822, 0.0, 0.018885] [323.993, 4.3635, -323.145]]
  groupName:t="4_capzone_greenhouse"
  team:i=1
  respTime:i=150
  maxVehicleOnSpawn:i=2
  active:b=no
}

entity{
  _template:t="respTeam2"
  transform:m=[[-0.87007, 0.0, 0.49293] [0.0, 1.0, 0.0] [-0.49293, 0.0, -0.87007] [423.526, 4.08246, -522.159]]
  groupName:t="4_capzone_greenhouse"
  active:b=no
}

entity{
  _template:t="respVehicle"
  transform:m=[[-0.291676, 0.0, 0.956517] [0.0, 1.0, 0.0] [-0.956517, 0.0, -0.291676] [407.45, 4.08246, -595.016]]
  groupName:t="4_capzone_greenhouse"
  team:i=2
  respTime:i=150
  maxVehicleOnSpawn:i=2
  active:b=no
}

entity{
  _template:t="defend_zone_chained_box+defend_zone_respawnbase"
  transform:m=[[8.21528, 0.0, -0.753407] [0.0, 2.61956, 0.0] [0.598021, 0.0, 8.99033] [254.02, 0.527673, -561.505]]
  groupName:t="3_capzone_garage"
  capzone__capRewardPartCap:r=1.2
  capzone__onlyTeamCanCapture:i=1
  capzone__capReward:r=250.0
  capzone__icon:t="AAA"
  capzone__caption:t="capzone/garage"
  capzone__capTime:r=30.0
  capzone__capTeam:i=-1
  active:b=no
  capzone__deactivateAfterTimeout:r=25.0
  capzone__spawnAtZoneTimeout:r=25.0
  capzone__createRespawnBaseForTeam:i=2

  "capzone__activateChoice:object"{
    4_reich_chancellery_fountain_yard:r=1.0
  }
}

entity{
  _template:t="respTeam1"
  transform:m=[[0.124707, 0.0, -0.992194] [0.0, 1.0, 0.0] [0.992194, 0.0, 0.124707] [242.335, 5.12445, -424.245]]
  groupName:t="3_capzone_garage"
  active:b=no
}

entity{
  _template:t="respTeam1"
  transform:m=[[-0.201597, 0.0, -0.979469] [0.0, 1.0, 0.0] [0.979469, 0.0, -0.201597] [216.828, 4.19967, -431.302]]
  groupName:t="3_capzone_garage"
  active:b=no
}

entity{
  _template:t="respTeam1"
  transform:m=[[0.282696, 0.0, -0.95921] [0.0, 1.0, 0.0] [0.95921, 0.0, 0.282696] [191.982, 4.47902, -447.64]]
  groupName:t="3_capzone_garage"
  active:b=no
}

entity{
  _template:t="respVehicle"
  transform:m=[[0.29733, 0.0, -0.954774] [0.0, 1.0, 0.0] [0.954774, 0.0, 0.29733] [195.436, 4.47902, -408.999]]
  groupName:t="3_capzone_garage"
  team:i=1
  respTime:i=150
  maxVehicleOnSpawn:i=2
  active:b=no
}

entity{
  _template:t="respTeam2"
  transform:m=[[-0.527271, 0.0, 0.849698] [0.0, 1.0, 0.0] [-0.849698, 0.0, -0.527271] [262.532, 4.16657, -633.142]]
  groupName:t="3_capzone_garage"
  active:b=no
}

entity{
  _template:t="respTeam2"
  transform:m=[[0.29759, 0.0, 0.954694] [0.0, 1.0, 0.0] [-0.954694, 0.0, 0.29759] [203.327, 4.04299, -644.61]]
  groupName:t="3_capzone_garage"
  active:b=no
}

entity{
  _template:t="respTeam2"
  transform:m=[[-0.708877, 0.0, 0.705333] [0.0, 1.0, 0.0] [-0.705333, 0.0, -0.708877] [265.422, 0.458666, -644.495]]
  groupName:t="3_capzone_garage"
  active:b=no
}

entity{
  _template:t="respVehicle"
  transform:m=[[0.135152, 0.0, 0.990826] [0.0, 1.0, 0.0] [-0.990826, 0.0, 0.135152] [176.754, 0.44487, -699.296]]
  groupName:t="3_capzone_garage"
  team:i=2
  respTime:i=150
  maxVehicleOnSpawn:i=2
  active:b=no
}

entity{
  _template:t="defend_zone_chained_box+defend_zone_respawnbase"
  transform:m=[[18.8689, 0.0, 5.33612] [0.0, 7.29416, 0.0] [-5.33612, 0.0, 18.8689] [543.462, 7.12893, -600.466]]
  groupName:t="4_honor_courtyard"
  capzone__capRewardPartCap:r=1.3
  capzone__onlyTeamCanCapture:i=1
  capzone__capReward:r=250.0
  capzone__icon:t="AAA"
  capzone__caption:t="capzone/honor_courtyard"
  capzone__capTime:r=30.0
  capzone__capTeam:i=-1
  active:b=no
  capzone__deactivateAfterTimeout:r=25.0
  capzone__spawnAtZoneTimeout:r=25.0
  capzone__createRespawnBaseForTeam:i=2

  "capzone__activateChoice:object"{
    5_hitlers_office:r=1.0
  }
}

entity{
  _template:t="respTeam1"
  transform:m=[[-0.0115055, 0.0, -0.999934] [0.0, 1.0, 0.0] [0.999934, 0.0, -0.0115055] [564.9, 4.02552, -528.26]]
  groupName:t="4_honor_courtyard"
  active:b=no
}

entity{
  _template:t="respTeam1"
  transform:m=[[-0.562128, 0.0, -0.827049] [0.0, 1.0, 0.0] [0.827049, 0.0, -0.562128] [617.547, 4.02552, -564.886]]
  groupName:t="4_honor_courtyard"
  active:b=no
}

entity{
  _template:t="respVehicle"
  transform:m=[[-0.662913, 0.0, -0.748695] [0.0, 1.0, 0.0] [0.748695, 0.0, -0.662913] [639.839, 4.02552, -607.642]]
  groupName:t="4_honor_courtyard"
  team:i=1
  respTime:i=150
  maxVehicleOnSpawn:i=2
  active:b=no
}

entity{
  _template:t="respTeam2"
  transform:m=[[0.853946, 0.0, 0.520361] [0.0, 1.0, 0.0] [-0.520362, 0.0, 0.853947] [475.834, 5.97758, -625.742]]
  groupName:t="4_honor_courtyard"
  active:b=no
}

entity{
  _template:t="respTeam2"
  transform:m=[[0.977473, 0.0, 0.21106] [0.0, 1.0, 0.0] [-0.21106, 0.0, 0.977473] [499.802, 5.7032, -636.817]]
  groupName:t="4_honor_courtyard"
  active:b=no
}

entity{
  _template:t="respVehicle"
  transform:m=[[0.922683, 0.0, 0.385558] [0.0, 1.0, 0.0] [-0.385559, 0.0, 0.922684] [478.7, -2.99526, -668.097]]
  groupName:t="4_honor_courtyard"
  team:i=2
  respTime:i=150
  maxVehicleOnSpawn:i=2
  active:b=no
}

entity{
  _template:t="defend_zone_chained_box+defend_zone_respawnbase"
  transform:m=[[16.3372, 0.0, 2.4393] [0.0, 7.51512, 0.0] [-2.4393, 0.0, 16.3372] [272.504, 2.1381, -654.684]]
  groupName:t="4_reich_chancellery_fountain_yard"
  capzone__capRewardPartCap:r=1.3
  capzone__onlyTeamCanCapture:i=1
  capzone__capReward:r=250.0
  capzone__icon:t="AAA"
  capzone__caption:t="capzone/reich_chancellery_fountain_yard"
  capzone__capTime:r=30.0
  capzone__capTeam:i=-1
  active:b=no
  capzone__deactivateAfterTimeout:r=25.0
  capzone__spawnAtZoneTimeout:r=25.0
  capzone__createRespawnBaseForTeam:i=2

  "capzone__activateChoice:object"{
    5_hitlers_office_second_chain:r=1.0
  }
}

entity{
  _template:t="respTeam1"
  transform:m=[[0.0640414, 0.0, -0.997948] [0.0, 1.0, 0.0] [0.997948, 0.0, 0.0640414] [249.973, -0.0392953, -557.631]]
  groupName:t="4_reich_chancellery_fountain_yard"
  active:b=no
}

entity{
  _template:t="respTeam1"
  transform:m=[[-0.204178, 0.0, -0.978934] [0.0, 1.0, 0.0] [0.978934, 0.0, -0.204178] [258.112, 4.09031, -556.413]]
  groupName:t="4_reich_chancellery_fountain_yard"
  active:b=no
}

entity{
  _template:t="respTeam1"
  transform:m=[[0.259409, 0.0, -0.965767] [0.0, 1.0, 0.0] [0.965767, 0.0, 0.259409] [211.938, 3.91937, -559.692]]
  groupName:t="4_reich_chancellery_fountain_yard"
  active:b=no
}

entity{
  _template:t="respVehicle"
  transform:m=[[0.837935, 0.0, -0.545769] [0.0, 1.0, 0.0] [0.545769, 0.0, 0.837935] [188.654, 3.91937, -596.642]]
  groupName:t="4_reich_chancellery_fountain_yard"
  team:i=1
  respTime:i=150
  maxVehicleOnSpawn:i=2
  active:b=no
}

entity{
  _template:t="respTeam2"
  transform:m=[[-0.98641, 0.0, -0.164302] [0.0, 1.0, 0.0] [0.164303, 0.0, -0.98641] [346.578, 7.10184, -633.573]]
  groupName:t="4_reich_chancellery_fountain_yard"
  active:b=no
}

entity{
  _template:t="respTeam2"
  transform:m=[[-0.944213, 0.0, -0.329333] [0.0, 1.0, 0.0] [0.329333, 0.0, -0.944215] [348.611, 7.0833, -640.091]]
  groupName:t="4_reich_chancellery_fountain_yard"
  active:b=no
}

entity{
  _template:t="respVehicle"
  transform:m=[[-0.990685, 0.0, -0.136167] [0.0, 1.0, 0.0] [0.136166, 0.0, -0.990687] [381.345, 4.70062, -682.374]]
  groupName:t="4_reich_chancellery_fountain_yard"
  team:i=2
  respTime:i=150
  maxVehicleOnSpawn:i=2
  active:b=no
}

entity{
  _template:t="defend_zone_chained_box+defend_zone_respawnbase"
  transform:m=[[24.9525, 0.0, 4.71178] [0.0, 4.81688, 0.0] [-2.24853, 0.0, 12.7437] [377.598, 8.46589, -623.881]]
  groupName:t="5_hitlers_office"
  capzone__capRewardPartCap:r=1.5
  capzone__onlyTeamCanCapture:i=1
  capzone__capReward:r=250.0
  capzone__icon:t="AAA"
  capzone__caption:t="capzone/hitlers_office"
  capzone__capTime:r=30.0
  capzone__capTeam:i=-1
  active:b=no
  capzone__deactivateAfterTimeout:r=25.0
  capzone__spawnAtZoneTimeout:r=25.0
  capzone__createRespawnBaseForTeam:i=2
}

entity{
  _template:t="respTeam1"
  transform:m=[[-0.636666, 0.0, 0.771139] [0.0, 1.0, 0.0] [-0.771139, 0.0, -0.636666] [457.51, 7.09301, -628.354]]
  groupName:t="5_hitlers_office"
  active:b=no
}

entity{
  _template:t="respTeam1"
  transform:m=[[-0.984257, 0.0, -0.176735] [0.0, 1.0, 0.0] [0.176735, 0.0, -0.984257] [459.928, 4.92761, -643.362]]
  groupName:t="5_hitlers_office"
  active:b=no
}

entity{
  _template:t="respVehicle"
  transform:m=[[-0.926323, 0.0, -0.376728] [0.0, 1.0, 0.0] [0.376728, 0.0, -0.926323] [567.75, 4.92761, -646.954]]
  groupName:t="5_hitlers_office"
  team:i=1
  respTime:i=150
  maxVehicleOnSpawn:i=2
  active:b=no
}

entity{
  _template:t="respTeam2"
  transform:m=[[0.880588, 0.0, -0.473882] [0.0, 1.0, 0.0] [0.473882, 0.0, 0.880589] [304.666, 7.0833, -632.82]]
  groupName:t="5_hitlers_office"
  active:b=no
}

entity{
  _template:t="respTeam2"
  transform:m=[[0.986209, 0.0, 0.165501] [0.0, 1.0, 0.0] [-0.165502, 0.0, 0.98621] [312.743, 7.0833, -649.304]]
  groupName:t="5_hitlers_office"
  active:b=no
}

entity{
  _template:t="respVehicle"
  transform:m=[[0.974652, 0.0, 0.223721] [0.0, 1.0, 0.0] [-0.223722, 0.0, 0.974653] [231.455, 5.56019, -705.463]]
  groupName:t="5_hitlers_office"
  team:i=2
  respTime:i=150
  maxVehicleOnSpawn:i=2
  active:b=no
}

entity{
  _template:t="defend_zone_chained_box+defend_zone_respawnbase"
  transform:m=[[24.9525, 0.0, 4.71178] [0.0, 4.81688, 0.0] [-2.24853, 0.0, 12.7437] [377.598, 8.44076, -623.881]]
  groupName:t="5_hitlers_office_second_chain"
  capzone__capRewardPartCap:r=1.5
  capzone__onlyTeamCanCapture:i=1
  capzone__capReward:r=250.0
  capzone__icon:t="AAA"
  capzone__caption:t="capzone/hitlers_office"
  capzone__capTime:r=30.0
  capzone__capTeam:i=-1
  active:b=no
  capzone__deactivateAfterTimeout:r=25.0
  capzone__spawnAtZoneTimeout:r=25.0
  capzone__createRespawnBaseForTeam:i=2
}

entity{
  _template:t="respTeam1"
  transform:m=[[0.982155, 0.0, -0.188074] [0.0, 1.0, 0.0] [0.188074, 0.0, 0.982155] [295.276, 7.12293, -649.448]]
  groupName:t="5_hitlers_office_second_chain"
  active:b=no
}

entity{
  _template:t="respTeam1"
  transform:m=[[0.983777, 0.0, 0.179396] [0.0, 1.0, 0.0] [-0.179396, 0.0, 0.983777] [293.835, 7.12293, -639.513]]
  groupName:t="5_hitlers_office_second_chain"
  active:b=no
}

entity{
  _template:t="respVehicle"
  transform:m=[[0.985881, 0.0, 0.167448] [0.0, 1.0, 0.0] [-0.167448, 0.0, 0.985881] [226.141, 5.03915, -705.105]]
  groupName:t="5_hitlers_office_second_chain"
  team:i=1
  respTime:i=150
  maxVehicleOnSpawn:i=2
  active:b=no
}

entity{
  _template:t="respTeam1"
  transform:m=[[0.89309, 0.0, 0.449878] [0.0, 1.0, 0.0] [-0.449878, 0.0, 0.89309] [274.805, 4.05103, -630.335]]
  groupName:t="5_hitlers_office_second_chain"
  active:b=no
}

entity{
  _template:t="respTeam2"
  transform:m=[[-0.977355, 0.0, 0.211604] [0.0, 1.0, 0.0] [-0.211604, 0.0, -0.977356] [431.728, 7.0833, -630.979]]
  groupName:t="5_hitlers_office_second_chain"
  active:b=no
}

entity{
  _template:t="respTeam2"
  transform:m=[[-0.978737, 0.0, 0.205118] [0.0, 1.0, 0.0] [-0.205118, 0.0, -0.978738] [467.57, 4.05045, -596.041]]
  groupName:t="5_hitlers_office_second_chain"
  active:b=no
}

entity{
  _template:t="respTeam2"
  transform:m=[[-0.905102, 0.0, 0.425193] [0.0, 1.0, 0.0] [-0.425194, 0.0, -0.905103] [430.959, 4.11001, -647.488]]
  groupName:t="5_hitlers_office_second_chain"
  active:b=no
}

entity{
  _template:t="respVehicle"
  transform:m=[[-0.999356, 0.0, -0.0358694] [0.0, 1.0, 0.0] [0.035869, 0.0, -0.999357] [539.242, 4.11001, -657.374]]
  groupName:t="5_hitlers_office_second_chain"
  team:i=2
  respTime:i=150
  maxVehicleOnSpawn:i=2
  active:b=no
}

entity{
  _template:t="respTeam1"
  transform:m=[[0.202985, 0.0, -0.979182] [0.0, 1.0, 0.0] [0.979182, 0.0, 0.202985] [536.166, 4.54763, -140.938]]
  groupName:t="1_capzone_wilhelmstrasse"
  active:b=no
}

entity{
  _template:t="respTeam1"
  transform:m=[[0.202985, 0.0, -0.979182] [0.0, 1.0, 0.0] [0.979182, 0.0, 0.202985] [529.324, 4.54763, -142.174]]
  groupName:t="1_capzone_wilhelmstrasse"
  active:b=no
}

entity{
  _template:t="respTeam2"
