import{
  scene:t="content/enlisted/gamedata/scenes/_berlin_opera_gpu_objects.blk"
  scene:t="content/enlisted/gamedata/scenes/_berlin_opera_biom_fx.blk"
  scene:t="content/enlisted/gamedata/scenes/_berlin_opera_background_fx.blk"
  scene:t="content/enlisted/gamedata/scenes/_berlin_opera_projectors.blk"
  scene:t="content/enlisted/gamedata/scenes/_berlin_opera_tracers.blk"
}

import{
  scene:t="content/enlisted/gamedata/scenes/_berlin_opera_level.blk"
}

entity{
  _template:t="poly_battle_area"
  transform:m=[[1.0, 0.0, 0.0] [0.0, 1.0, 0.0] [0.0, 0.0, 1.0] [-398.048, -5.68434e-14, 873.556]]
  battle_area__timeToDamage:r=5.0
  battle_area__damage:r=3.0
  battle_area__team:i=1
  battleAreaId:t="area1"
}

entity{
  _template:t="battle_area_polygon_point"
  transform:m=[[1.0, 0.0, 0.0] [0.0, 1.0, 0.0] [0.0, 0.0, 1.0] [-415.205, -2.922, 736.86]]
  battle_area_polygon_point__id:t="point1"
  battle_area_polygon_point__nextId:t="point2"
  battle_area_polygon_point__forBattleAreaId:t="area1"
}

entity{
  _template:t="battle_area_polygon_point"
  transform:m=[[1.0, 0.0, 0.0] [0.0, 1.0, 0.0] [0.0, 0.0, 1.0] [-277.101, -2.922, 738.953]]
  battle_area_polygon_point__id:t="point2"
  battle_area_polygon_point__nextId:t="point3"
  battle_area_polygon_point__forBattleAreaId:t="area1"
}

entity{
  _template:t="battle_area_polygon_point"
  transform:m=[[1.0, 0.0, 0.0] [0.0, 1.0, 0.0] [0.0, 0.0, 1.0] [-265.721, -2.922, 1017.96]]
  battle_area_polygon_point__id:t="point3"
  battle_area_polygon_point__nextId:t="point4"
  battle_area_polygon_point__forBattleAreaId:t="area1"
}

entity{
  _template:t="battle_area_polygon_point"
  transform:m=[[1.0, 0.0, 0.0] [0.0, 1.0, 0.0] [0.0, 0.0, 1.0] [-483.46, -2.922, 987.068]]
  battle_area_polygon_point__id:t="point4"
  battle_area_polygon_point__nextId:t="point5"
  battle_area_polygon_point__forBattleAreaId:t="area1"
}

entity{
  _template:t="battle_area_polygon_point"
  transform:m=[[1.0, 0.0, 0.0] [0.0, 1.0, 0.0] [0.0, 0.0, 1.0] [-483.447, -2.922, 944.502]]
  battle_area_polygon_point__id:t="point5"
  battle_area_polygon_point__nextId:t="point6"
  battle_area_polygon_point__forBattleAreaId:t="area1"
}

entity{
  _template:t="battle_area_polygon_point"
  transform:m=[[1.0, 0.0, 0.0] [0.0, 1.0, 0.0] [0.0, 0.0, 1.0] [-522.043, 3.47446, 774.727]]
  battle_area_polygon_point__id:t="point6"
  battle_area_polygon_point__nextId:t="point7"
  battle_area_polygon_point__forBattleAreaId:t="area1"
}

entity{
  _template:t="battle_area_polygon_point"
  transform:m=[[1.0, 0.0, 0.0] [0.0, 1.0, 0.0] [0.0, 0.0, 1.0] [-418.708, -2.922, 780.042]]
  battle_area_polygon_point__id:t="point7"
  battle_area_polygon_point__nextId:t="point1"
  battle_area_polygon_point__forBattleAreaId:t="area1"
}

entity{
  _template:t="poly_battle_area"
  transform:m=[[1.0, 0.0, 0.0] [0.0, 1.0, 0.0] [0.0, 0.0, 1.0] [0.0, 0.0, 0.0]]
  battle_area__timeToDamage:r=5.0
  battle_area__damage:r=3.0
  battle_area__team:i=2
  battleAreaId:t="area2"
}

entity{
  _template:t="battle_area_polygon_point"
  transform:m=[[1.0, 0.0, 0.0] [0.0, 1.0, 0.0] [0.0, 0.0, 1.0] [-483.495, -2.922, 944.418]]
  battle_area_polygon_point__id:t="point1"
  battle_area_polygon_point__nextId:t="point2"
  battle_area_polygon_point__forBattleAreaId:t="area2"
}

entity{
  _template:t="battle_area_polygon_point"
  transform:m=[[1.0, 0.0, 0.0] [0.0, 1.0, 0.0] [0.0, 0.0, 1.0] [-526.35, -2.922, 748.987]]
  battle_area_polygon_point__id:t="point2"
  battle_area_polygon_point__nextId:t="point3"
  battle_area_polygon_point__forBattleAreaId:t="area2"
}

entity{
  _template:t="battle_area_polygon_point"
  transform:m=[[1.0, 0.0, 0.0] [0.0, 1.0, 0.0] [0.0, 0.0, 1.0] [-549.916, -2.922, 620.139]]
  battle_area_polygon_point__id:t="point3"
  battle_area_polygon_point__nextId:t="point4"
  battle_area_polygon_point__forBattleAreaId:t="area2"
}

entity{
  _template:t="battle_area_polygon_point"
  transform:m=[[1.0, 0.0, 0.0] [0.0, 1.0, 0.0] [0.0, 0.0, 1.0] [-437.032, -2.922, 598.049]]
  battle_area_polygon_point__id:t="point4"
  battle_area_polygon_point__nextId:t="point5"
  battle_area_polygon_point__forBattleAreaId:t="area2"
}

entity{
  _template:t="battle_area_polygon_point"
  transform:m=[[1.0, 0.0, 0.0] [0.0, 1.0, 0.0] [0.0, 0.0, 1.0] [-401.201, -2.922, 654.071]]
  battle_area_polygon_point__id:t="point5"
  battle_area_polygon_point__nextId:t="point6"
  battle_area_polygon_point__forBattleAreaId:t="area2"
}

entity{
  _template:t="battle_area_polygon_point"
  transform:m=[[1.0, 0.0, 0.0] [0.0, 1.0, 0.0] [0.0, 0.0, 1.0] [-354.528, -2.922, 699.817]]
  battle_area_polygon_point__id:t="point6"
  battle_area_polygon_point__nextId:t="point7"
  battle_area_polygon_point__forBattleAreaId:t="area2"
}

entity{
  _template:t="battle_area_polygon_point"
  transform:m=[[1.0, 0.0, 0.0] [0.0, 1.0, 0.0] [0.0, 0.0, 1.0] [-314.04, -2.922, 723.562]]
  battle_area_polygon_point__id:t="point7"
  battle_area_polygon_point__nextId:t="point8"
  battle_area_polygon_point__forBattleAreaId:t="area2"
}

entity{
  _template:t="battle_area_polygon_point"
  transform:m=[[1.0, 0.0, 0.0] [0.0, 1.0, 0.0] [0.0, 0.0, 1.0] [-294.409, -2.922, 736.237]]
  battle_area_polygon_point__id:t="point8"
  battle_area_polygon_point__nextId:t="point9"
  battle_area_polygon_point__forBattleAreaId:t="area2"
}

entity{
  _template:t="battle_area_polygon_point"
  transform:m=[[1.0, 0.0, 0.0] [0.0, 1.0, 0.0] [0.0, 0.0, 1.0] [-264.493, -2.922, 997.404]]
  battle_area_polygon_point__id:t="point9"
  battle_area_polygon_point__nextId:t="point10"
  battle_area_polygon_point__forBattleAreaId:t="area2"
}

entity{
  _template:t="battle_area_polygon_point"
  transform:m=[[1.0, 0.0, 0.0] [0.0, 1.0, 0.0] [0.0, 0.0, 1.0] [-429.494, 3.29998, 988.179]]
  battle_area_polygon_point__forBattleAreaId:t="area2"
  battle_area_polygon_point__id:t="point10"
  battle_area_polygon_point__nextId:t="point11"
}

entity{
  _template:t="battle_area_polygon_point"
  transform:m=[[1.0, 0.0, 0.0] [0.0, 1.0, 0.0] [0.0, 0.0, 1.0] [-427.713, 2.01013, 947.433]]
  battle_area_polygon_point__forBattleAreaId:t="area2"
  battle_area_polygon_point__id:t="point11"
  battle_area_polygon_point__nextId:t="point1"
}

entity{
  _template:t="enemy_attack_marker"
}

entity{
  _template:t="static_cam"
  camera__active:b=yes
  transform:m=[[-0.455638, 0.0, 0.890165] [0.00980182, 0.999939, 0.00501713] [-0.890112, 0.0110112, -0.45561] [-142.442, 17.8407, 735.794]]
}

entity{
  _template:t="team_ussr_berlin+team_narrator_domination+respawn_creators_team"
  team__id:i=1
  team__score:r=2500.0
  team__scoreCap:r=2500.0
  score_bleed__domBleed:r=4.0
  score_bleed__domBleedOn:b=no
  score_bleed__totalDomZoneCount:i=3
  score_bleed__totalDomBleedMul:r=2.0
  score_bleed__totalDomBleedOn:b=no
  team__briefing:t="domination/common_goals"
  team__numZonesCaptured:i=0
  team__deathPenalty:r=2.0
  team__spawnBotArmy:t="moscow_allies"
}

entity{
  _template:t="team_germany_berlin+team_narrator_domination+respawn_creators_team"
  team__id:i=2
  team__score:r=2500.0
  team__scoreCap:r=2500.0
  score_bleed__domBleed:r=4.0
  score_bleed__domBleedOn:b=no
  score_bleed__totalDomZoneCount:i=3
  score_bleed__totalDomBleedMul:r=2.0
  score_bleed__totalDomBleedOn:b=no
  team__briefing:t="domination/common_goals"
  team__numZonesCaptured:i=0
  team__deathPenalty:r=2.0
  team__spawnBotArmy:t="moscow_axis"
}

entity{
  _template:t="respawn_camera"
  respawnCameraForTeam:i=1
  moveCameraToHeight:r=500.0
  transform:m=[[1.0, 0.0, 0.0] [0.0, 1.0, 0.0] [0.0, 0.0, 1.0] [-224.935, 499.638, 380.026]]
}

entity{
  _template:t="respawn_camera"
  respawnCameraForTeam:i=2
  moveCameraToHeight:r=500.0
  transform:m=[[1.0, 0.0, 0.0] [0.0, 1.0, 0.0] [0.0, 0.0, 1.0] [-847.618, 500.423, -71.423]]
}

entity{
  _template:t="spawn_switcher"
  swapProbability:r=0.5
  team1:i=2
  team2:i=1
}

entity{
  _template:t="aircraft_box_battle_area"
  transform:m=[[25814.7, 0.0, 112.793] [0.0, 8000.36, 0.0] [-111.84, 0.0, 25814.3] [-132.513, 240.858, 427.519]]
  battle_area__timeToDamage:r=30.0
  battle_area__damage:r=3.0
  battle_area__team:i=-1
}

entity{
  _template:t="respAircraftInAir"
  respawnbaseType:t="aircraft_fighter"
  transform:m=[[-0.677979, 0.0, -0.735082] [0.0, 1.0, 0.0] [0.735082, 0.0, -0.677979] [748.853, 1000.0, 1772.35]]
  team:i=1
  maxVehicleOnSpawn:i=1
  respTime:i=120
}

entity{
  _template:t="respAircraftInAir"
  respawnbaseType:t="aircraft_assault"
  transform:m=[[0.420099, 0.0, -0.907479] [0.0, 1.0, 0.0] [0.907479, 0.0, 0.420099] [-611.766, 800.0, 1492.41]]
  team:i=1
  maxVehicleOnSpawn:i=1
  respTime:i=120
}

entity{
  _template:t="respAircraftInAir"
  respawnbaseType:t="aircraft_fighter"
  transform:m=[[-0.677979, 0.0, -0.735082] [0.0, 1.0, 0.0] [0.735082, 0.0, -0.677979] [1203.08, 1000.0, 1561.28]]
  team:i=1
  maxVehicleOnSpawn:i=1
  respTime:i=120
}

entity{
  _template:t="respAircraftInAir"
  respawnbaseType:t="aircraft_assault"
  transform:m=[[-0.975077, 0.0, -0.221869] [0.0, 1.0, 0.0] [0.221869, 0.0, -0.975077] [1412.19, 800.0, 1180.22]]
  team:i=1
  maxVehicleOnSpawn:i=1
  respTime:i=120
}

entity{
  _template:t="respAircraftInAir"
  respawnbaseType:t="aircraft_fighter"
  transform:m=[[0.647616, 0.0, 0.761966] [0.0, 1.0, 0.0] [-0.761966, 0.0, 0.647616] [-1040.13, 1000.0, -562.901]]
  team:i=2
  maxVehicleOnSpawn:i=1
  respTime:i=120
}

entity{
  _template:t="respAircraftInAir"
  respawnbaseType:t="aircraft_assault"
  transform:m=[[0.292061, 0.0, 0.956399] [0.0, 1.0, 0.0] [-0.956399, 0.0, 0.292061] [-920.97, 800.0, -916.317]]
  team:i=2
  maxVehicleOnSpawn:i=1
  respTime:i=120
}

entity{
  _template:t="respAircraftInAir"
  respawnbaseType:t="aircraft_fighter"
  transform:m=[[-0.358086, 0.0, 0.933688] [0.0, 1.0, 0.0] [-0.933688, 0.0, -0.358086] [-122.435, 1000.0, -1045.46]]
  team:i=2
  maxVehicleOnSpawn:i=1
  respTime:i=120
}

entity{
  _template:t="respAircraftInAir"
  respawnbaseType:t="aircraft_assault"
  transform:m=[[0.628742, 0.0, 0.777613] [0.0, 1.0, 0.0] [-0.777613, 0.0, 0.628742] [-1379.51, 800.0, -603.821]]
  team:i=2
  maxVehicleOnSpawn:i=1
  respTime:i=120
}

entity{
  _template:t="resupply_in_air_zone"
  transform:m=[[-0.157002, 0.0, -0.987599] [0.0, 1.0, 0.0] [0.987599, 0.0, -0.157002] [-1903.01, 702.031, 1724.08]]
  resupply_zone__team:i=1
  sphere_zone__radius:r=500.0
}

entity{
  _template:t="resupply_in_air_zone"
  transform:m=[[-0.157002, 0.0, -0.987599] [0.0, 1.0, 0.0] [0.987599, 0.0, -0.157002] [1339.45, 708.018, -537.455]]
  resupply_zone__team:i=2
  sphere_zone__radius:r=500.0
}

entity{
  _template:t="domination_box_capzone"
  transform:m=[[47.3436, 0.0, -38.8925] [0.0, 7.76617, 0.0] [11.7816, 0.0, 14.3417] [-397.376, 6.66665, 561.852]]
  capzone__title:t="A"
  capzone__caption:t="capzone/moltke_bridge"
}

entity{
  _template:t="respawnChooser+respawnBase"
  transform:m=[[-0.598992, 0.0, 0.800755] [0.0, 1.0, 0.0] [-0.800755, 0.0, -0.598992] [-425.442, 6.78012, 378.601]]
  groupName:t=""
  team:i=2
}

entity{
  _template:t="respawnChooser+respawnBase"
  transform:m=[[0.957899, 0.0, -0.287106] [0.0, 1.0, 0.0] [0.287106, 0.0, 0.957899] [-620.417, 2.11557, 469.171]]
  groupName:t=""
  team:i=2
  respawnBaseGroup:i=2
}

entity{
  _template:t="respawnChooser+respawnBase"
  transform:m=[[0.799877, 0.0, 0.600164] [0.0, 1.0, 0.0] [-0.600164, 0.0, 0.799877] [-615.613, -0.93335, 429.787]]
  respawnBaseGroup:i=2
  team:i=2
}

entity{
  _template:t="respawnChooser+respawnBase"
  transform:m=[[0.212769, 0.0, 0.977102] [0.0, 1.0, 0.0] [-0.977102, 0.0, 0.212769] [-406.597, 6.05222, 390.834]]
  respawnBaseGroup:i=1
  team:i=2
}

entity{
  _template:t="respawnChooser+respawnBase"
  transform:m=[[-0.491149, 0.0, 0.871075] [0.0, 1.0, 0.0] [-0.871075, 0.0, -0.491149] [-202.304, 6.11113, 470.282]]
  groupName:t=""
  team:i=1
}

entity{
  _template:t="respawnChooser+respawnBase"
  transform:m=[[0.997061, 0.0, 0.0766067] [0.0, 1.0, 0.0] [-0.0766067, 0.0, 0.997061] [-230.516, 6.71904, 458.144]]
  team:i=1
}

entity{
  _template:t="respawnChooser+respawnBase"
  transform:m=[[-0.832706, 0.0, -0.553714] [0.0, 1.0, 0.0] [0.553714, 0.0, -0.832706] [-177.983, -1.4064, 666.45]]
  team:i=1
  respawnBaseGroup:i=2
}

entity{
  _template:t="respawnChooser+respawnBase"
  transform:m=[[0.687095, 0.0, -0.726567] [0.0, 1.0, 0.0] [0.726567, 0.0, 0.687095] [-187.378, -1.40641, 665.307]]
  team:i=1
  respawnBaseGroup:i=2
}

entity{
  _template:t="respVehicle"
  transform:m=[[-0.74728, 0.0, 0.664509] [0.0, 1.0, 0.0] [-0.664509, 0.0, -0.74728] [-108.754, 3.29961, 447.675]]
  team:i=1
}

entity{
  _template:t="respVehicle"
  transform:m=[[0.628747, 0.0, 0.77761] [0.0, 1.0, 0.0] [-0.77761, 0.0, 0.628747] [-538.117, 3.29863, 335.767]]
  team:i=2
}

entity{
  _template:t="respVehicle"
  transform:m=[[0.628747, 0.0, 0.77761] [0.0, 1.0, 0.0] [-0.77761, 0.0, 0.628747] [-538.117, 3.29863, 335.767]]
  team:i=2
}

entity{
  _template:t="domination_box_capzone"
  transform:m=[[11.1446, 0.0, -12.4095] [0.0, 5.94526, 0.0] [24.3513, 0.0, 22.9235] [-507.415, 1.55469, 473.297]]
  capzone__title:t="B"
}

entity{
  _template:t="domination_box_capzone"
  transform:m=[[-11.862, 0.0, -7.07334] [0.0, 3.31149, 0.0] [6.58272, 0.0, -11.0615] [-245.308, 5.98804, 582.937]]
  capzone__title:t="C"
}

entity{
  _template:t="respawnChooser+respawnBase"
  transform:m=[[-0.215457, 0.0, -0.976513] [0.0, 1.0, 0.0] [0.976513, 0.0, -0.215457] [-209.188, -1.40573, 744.443]]
  team:i=1
  respawnBaseGroup:i=3
}

entity{
  _template:t="respawnChooser+respawnBase"
  transform:m=[[0.285796, 0.0, -0.958291] [0.0, 1.0, 0.0] [0.958291, 0.0, 0.285796] [-218.772, -1.40573, 737.606]]
  respawnBaseGroup:i=3
  team:i=1
}

entity{
  _template:t="respawnChooser+respawnBase"
  transform:m=[[0.264114, 0.0, 0.964491] [0.0, 1.0, 0.0] [-0.964491, 0.0, 0.264114] [-574.984, 3.05302, 335.872]]
  respawnBaseGroup:i=3
  team:i=2
}

entity{
  _template:t="respawnChooser+respawnBase"
  transform:m=[[-0.679663, 0.0, 0.733525] [0.0, 1.0, 0.0] [-0.733525, 0.0, -0.679663] [-564.032, 3.05302, 339.209]]
  respawnBaseGroup:i=3
  team:i=2
}

entity{
  _template:t="respVehicle"
  transform:m=[[0.865268, 0.0, 0.501309] [0.0, 1.0, 0.0] [-0.501309, 0.0, 0.865268] [-406.763, 3.29863, 326.181]]
  team:i=2
}

entity{
  _template:t="respVehicle"
  transform:m=[[0.0832412, 0.0, 0.996529] [0.0, 1.0, 0.0] [-0.996529, 0.0, 0.0832412] [-252.731, 3.29863, 388.736]]
  team:i=1
}

entity{
  _template:t="respawnChooser+respMotorcycle"
  transform:m=[[-0.74728, 0.0, 0.664509] [0.0, 1.0, 0.0] [-0.664509, 0.0, -0.74728] [-108.754, 3.29961, 447.675]]
  team:i=1
}

entity{
  _template:t="respawnChooser+respMotorcycle"
  transform:m=[[0.628747, 0.0, 0.77761] [0.0, 1.0, 0.0] [-0.77761, 0.0, 0.628747] [-538.117, 3.29863, 335.767]]
  team:i=2
}

entity{
  _template:t="respawnChooser+respMotorcycle"
  transform:m=[[0.628747, 0.0, 0.77761] [0.0, 1.0, 0.0] [-0.77761, 0.0, 0.628747] [-538.117, 3.29863, 335.767]]
  team:i=2
}

entity{
  _template:t="respawnChooser+respMotorcycle"
  transform:m=[[0.865268, 0.0, 0.501309] [0.0, 1.0, 0.0] [-0.501309, 0.0, 0.865268] [-406.763, 3.29863, 326.181]]
  team:i=2
}

entity{
  _template:t="respawnChooser+respMotorcycle"
  transform:m=[[0.0832412, 0.0, 0.996529] [0.0, 1.0, 0.0] [-0.996529, 0.0, 0.0832412] [-252.731, 3.29863, 388.736]]
  team:i=1
}