import{
  scene:t="content/enlisted/gamedata/scenes/_berlin_village_sounds.blk"
}

entity{
  _template:t="aircraft_box_battle_area"
  transform:m=[[11314.0, 0.0, 95.0636] [0.0, 8000.03, 0.0] [-95.5912, 0.0, 11313.9] [652.401, 240.916, 331.582]]
  battle_area__team:i=-1
}

entity{
  _template:t="railroad"
}

entity{
  _template:t="shaderVars"

  "shader_vars__vars:object"{
    hmap_displacement_up:r=0.3
    ocean1:c=142, 137, 71, 0
    ocean0:c=76, 63, 5, 0
    ocean_density:r=0.1
    river1:c=64, 64, 29, 0
    river0:c=49, 47, 41, 0
    hmap_displacement_down:r=-0.15
    leaves_ss_profile:p4=1.0, 1.0, 1.0, 0.0
    paint_details_tex:t="germany_wall_color_tex_palette*"
    layered_fog_height:r=20.0
    water_color_noise_size:r=71.0
    water_depth_hardness:r=0.41
    river_density:r=0.5
  }
}

entity{
  _template:t="ri_gpu_object"
  ri_gpu_object__name:t="tree_fraxinus_bush_small_a"
  ri_gpu_object__biom_indexes:p4=22.0, -1.0, -1.0, -1.0
  ri_gpu_object__grid_size:i=16
  ri_gpu_object__grid_tiling:i=1
  ri_gpu_object__cell_size:r=8.0
  ri_gpu_object__incline_delta:r=0.0
  ri_gpu_object__scale_range:p2=0.9, 1.05
  ri_gpu_object__rotate_range:p2=0.0, 0.0
  ri_gpu_object__seed:i=1127
  ri_gpu_object__is_using_normal:b=no
  ri_gpu_object__sparse_weight:r=17.5

  "ri_gpu_object__multiple_objects:array"{

    "ri_gpu_object__multiple_objects:object"{
      name:t="tree_fraxinus_bush_small_a"
      weight:r=1.0
    }

    "ri_gpu_object__multiple_objects:object"{
      name:t="tree_fraxinus_bush_small_b"
      weight:r=1.0
    }

    "ri_gpu_object__multiple_objects:object"{
      name:t="tree_fraxinus_bush_small_c"
      weight:r=1.0
    }

    "ri_gpu_object__multiple_objects:object"{
      name:t="tree_fraxinus_bush_small_d"
      weight:r=1.0
    }

    "ri_gpu_object__multiple_objects:object"{
      name:t="tree_fraxinus_bush_small_e"
      weight:r=1.0
    }
  }
}

entity{
  _template:t="ri_gpu_object"
  ri_gpu_object__name:t="tree_dry_branches_a"
  ri_gpu_object__biom_indexes:p4=2.0, -1.0, -1.0, -1.0
  ri_gpu_object__grid_size:i=8
  ri_gpu_object__grid_tiling:i=2
  ri_gpu_object__cell_size:r=16.0
  ri_gpu_object__incline_delta:r=0.0
  ri_gpu_object__scale_range:p2=0.6, 1.05
  ri_gpu_object__rotate_range:p2=135.0, 960.0
  ri_gpu_object__seed:i=55112
  ri_gpu_object__is_using_normal:b=yes

  "ri_gpu_object__multiple_objects:array"{

    "ri_gpu_object__multiple_objects:object"{
      name:t="tree_dry_branches_a"
      weight:r=1.0
    }

    "ri_gpu_object__multiple_objects:object"{
      name:t="tree_dry_branches_b"
      weight:r=1.0
    }

    "ri_gpu_object__multiple_objects:object"{
      name:t="tree_dry_branches_c"
      weight:r=1.0
    }

    "ri_gpu_object__multiple_objects:object"{
      name:t="tree_branches_small_a"
      weight:r=0.33
    }

    "ri_gpu_object__multiple_objects:object"{
      name:t="tree_branches_small_b"
      weight:r=0.33
    }

    "ri_gpu_object__multiple_objects:object"{
      name:t="tree_branches_small_c"
      weight:r=0.33
    }

    "ri_gpu_object__multiple_objects:object"{
      name:t="tree_branches_small_d"
      weight:r=0.33
    }
  }
}

entity{
  _template:t="ri_gpu_object"
  ri_gpu_object__name:t="tree_dry_pine_branches_e"
  ri_gpu_object__biom_indexes:p4=22.0, 1.0, -1.0, -1.0
  ri_gpu_object__grid_size:i=8
  ri_gpu_object__grid_tiling:i=1
  ri_gpu_object__cell_size:r=8.0
  ri_gpu_object__incline_delta:r=0.0
  ri_gpu_object__scale_range:p2=0.5, 0.65
  ri_gpu_object__rotate_range:p2=135.0, 960.0
  ri_gpu_object__seed:i=5542
  ri_gpu_object__sparse_weight:r=5.0
  ri_gpu_object__is_using_normal:b=yes

  "ri_gpu_object__multiple_objects:array"{

    "ri_gpu_object__multiple_objects:object"{
      name:t="tree_dry_pine_branches_pile_a"
      weight:r=1.0
    }

    "ri_gpu_object__multiple_objects:object"{
      name:t="tree_dry_pine_branches_pile_b"
      weight:r=1.0
    }

    "ri_gpu_object__multiple_objects:object"{
      name:t="tree_dry_pine_branches_pile_c"
      weight:r=1.0
    }

    "ri_gpu_object__multiple_objects:object"{
      name:t="tree_dry_pine_branches_pile_d"
      weight:r=1.0
    }

    "ri_gpu_object__multiple_objects:object"{
      name:t="tree_dry_pine_branches_a"
      weight:r=1.0
    }

    "ri_gpu_object__multiple_objects:object"{
      name:t="tree_dry_pine_branches_b"
      weight:r=1.0
    }

    "ri_gpu_object__multiple_objects:object"{
      name:t="tree_dry_pine_branches_c"
      weight:r=1.0
    }

    "ri_gpu_object__multiple_objects:object"{
      name:t="tree_dry_pine_branches_d"
      weight:r=1.0
    }

    "ri_gpu_object__multiple_objects:object"{
      name:t="tree_dry_pine_branches_e"
      weight:r=1.0
    }
  }
}

entity{
  _template:t="ri_gpu_object"
  ri_gpu_object__name:t="generic_stone_small_a"
  ri_gpu_object__biom_indexes:p4=2.0, 3.0, 52.0, -1.0
  ri_gpu_object__grid_size:i=8
  ri_gpu_object__grid_tiling:i=8
  ri_gpu_object__cell_size:r=16.0
  ri_gpu_object__incline_delta:r=0.0
  ri_gpu_object__scale_range:p2=0.05, 1.4
  ri_gpu_object__rotate_range:p2=135.0, 960.0
  ri_gpu_object__seed:i=75112
  ri_gpu_object__sparse_weight:r=5.0
  ri_gpu_object__is_using_normal:b=yes

  "ri_gpu_object__multiple_objects:array"{

    "ri_gpu_object__multiple_objects:object"{
      name:t="generic_stone_small_a"
      weight:r=1.0
    }

    "ri_gpu_object__multiple_objects:object"{
      name:t="generic_stone_small_b"
      weight:r=1.0
    }

    "ri_gpu_object__multiple_objects:object"{
      name:t="generic_stone_small_c"
      weight:r=1.0
    }

    "ri_gpu_object__multiple_objects:object"{
      name:t="generic_stone_small_d"
      weight:r=1.0
    }

    "ri_gpu_object__multiple_objects:object"{
      name:t="generic_stone_small_e"
      weight:r=1.0
    }

    "ri_gpu_object__multiple_objects:object"{
      name:t="generic_stone_small_f"
      weight:r=1.0
    }
  }
}

entity{
  _template:t="ri_gpu_object"
  ri_gpu_object__name:t="clover_a"
  ri_gpu_object__biom_indexes:p4=22.0, -1.0, -1.0, -1.0
  ri_gpu_object__grid_size:i=8
  ri_gpu_object__grid_tiling:i=16
  ri_gpu_object__cell_size:r=8.0
  ri_gpu_object__incline_delta:r=15.0
  ri_gpu_object__scale_range:p2=0.5, 1.4
  ri_gpu_object__rotate_range:p2=180.0, 360.0
  ri_gpu_object__seed:i=2
  ri_gpu_object__is_using_normal:b=yes
  ri_gpu_object__sparse_weight:r=5.0
  ri_gpu_object__up_vector:p3=0.0, 1.0, 0.0
}

entity{
  _template:t="postfx_roundctrl"

  "post_fx:object"{
  }
}

entity{
  _template:t="postfx_color_grading_tonemap_death_alive_enlisted"
}

entity{
  _template:t="minimap_berlin_seelow_heights"
}

entity{
  _template:t="door_mult_ent_generator"
  ri_extra_gen__blk:t="content/e_berlin/gamedata/berlin_doors.blk"
}

entity{
  _template:t="session_finalizer"
  session_finalizer__timer:r=10.0
}

entity{
  _template:t="static_cam"
  camera__active:b=yes
  transform:m=[[-0.432304, 0.0, -0.901728] [0.0, 1.0, 0.0] [0.901728, 0.0, -0.432304] [228.264, 15.0621, 358.197]]
}

entity{
  _template:t="briefing_escort"
  mission_name:t="berlin_village_escort"

  "loading_images:list<t>"{
    item:t="ui/berlin_escort_01.jpg"
    item:t="ui/berlin_escort_02.jpg"
    item:t="ui/berlin_escort_03.jpg"
  }
}

entity{
  _template:t="team_ussr_berlin+team_narrator_escort_defence+respawn_creators_team"
  team__countAdd:r=0.5
  team__memberCount:r=0.5
  team__scoreCap:r=28000.0
  team__score:r=28000.0
  team__capturePenalty:r=1001.0
  team__id:i=1
  team__briefing:t="escort/defenders_goals"
  team__winSubtitle:t="debriefing/escort/won_defence_subtitle"
  team__loseSubtitle:t="debriefing/escort/lost_defence_subtitle"
  team__winTitle:t="debriefing/escort/allies_won_defence"
  team__spawnBotArmy:t="moscow_allies"
}

entity{
  _template:t="team_germany_berlin+team_narrator_escort_attack+respawn_creators_team"
  team__memberCount:r=0.0
  team__scoreCap:r=1900.0
  team__score:r=1900.0
  team__squadSpawnCost:i=250
  team__firstSpawnCostMul:r=0.0
  team__zeroScoreFailTimer:r=60.0
  team__id:i=2
  team__briefing:t="escort/attackers_goals"
  team__winSubtitle:t="debriefing/escort/won_attack_subtitle"
  team__loseSubtitle:t="debriefing/escort/lost_attack_subtitle"
  team__winTitle:t="debriefing/escort/axis_won_attack"
  team__spawnBotArmy:t="moscow_axis"
}

entity{
  _template:t="berlin_train_carts"
  transform:m=[[-1.0, 0.0, 0.0] [0.0, 1.0, 0.0] [0.0, 0.0, -1.0] [1671.09, 10.1016, 319.403]]
  train__teamOffense:i=2
  train__teamDefense:i=1
  train__offenseTeamAdvantageWeight:i=1
  train__defenseTeamAdvantageWeight:i=1
}

entity{
  _template:t="train_destination_point"
  transform:m=[[1.0, 0.0, 0.0] [0.0, 1.0, 0.0] [0.0, 0.0, 1.0] [-366.684, 10.9087, 319.406]]
}

entity{
  _template:t="basic_box+building_restricted_zone"
  transform:m=[[2294.9, 0.0, 0.0] [0.0, 7.26678, 0.0] [0.0, 0.0, 8.43925] [646.983, 9.71422, 319.455]]
}

entity{
  _template:t="respawn_camera"
  respawnCameraForTeam:i=1
  transform:m=[[1.0, 0.0, 0.0] [0.0, 1.0, 0.0] [0.0, 0.0, 1.0] [755.606, 312.915, 328.489]]
}

entity{
  _template:t="respawn_camera"
  respawnCameraForTeam:i=2
  transform:m=[[1.0, 0.0, 0.0] [0.0, 1.0, 0.0] [0.0, 0.0, 1.0] [1891.49, 309.759, 378.205]]
}

entity{
  _template:t="group_activator"

  "activator__activateChoice:object"{
    sector_1:r=1.0
  }
}

entity{
  _template:t="objective_train_zone"
  capzone__onlyTeamCanCapture:i=2
  groupName:t="sector_1"
  active:b=no
  transform:m=[[1.0, 0.0, 0.0] [0.0, 1.0, 0.0] [0.0, 0.0, 1.0] [1468.62, 8.59819, 319.43]]

  "capzone__activateChoice:object"{
    sector_2:r=1.0
  }
}

entity{
  _template:t="objective_train_zone"
  capzone__onlyTeamCanCapture:i=2
  groupName:t="sector_2"
  active:b=no
  transform:m=[[1.0, 0.0, 0.0] [0.0, 1.0, 0.0] [0.0, 0.0, 1.0] [1409.16, 8.59819, 319.43]]

  "capzone__activateChoice:object"{
    sector_3:r=1.0
  }
}

entity{
  _template:t="objective_train_zone"
  capzone__onlyTeamCanCapture:i=2
  groupName:t="sector_3"
  active:b=no
  transform:m=[[1.0, 0.0, 0.0] [0.0, 1.0, 0.0] [0.0, 0.0, 1.0] [1349.84, 8.59819, 319.43]]

  "capzone__activateChoice:object"{
    sector_4:r=1.0
  }
}

entity{
  _template:t="objective_train_zone"
  capzone__onlyTeamCanCapture:i=2
  groupName:t="sector_4"
  active:b=no
  transform:m=[[1.0, 0.0, 0.0] [0.0, 1.0, 0.0] [0.0, 0.0, 1.0] [1288.78, 8.59819, 319.43]]

  "capzone__activateChoice:object"{
    sector_5:r=1.0
  }
}

entity{
  _template:t="objective_train_zone"
  capzone__onlyTeamCanCapture:i=2
  groupName:t="sector_5"
  active:b=no
  transform:m=[[1.0, 0.0, 0.0] [0.0, 1.0, 0.0] [0.0, 0.0, 1.0] [1227.83, 8.59819, 319.43]]

  "capzone__activateChoice:object"{
    sector_6:r=1.0
  }
}

entity{
  _template:t="objective_train_zone"
  capzone__onlyTeamCanCapture:i=2
  groupName:t="sector_6"
  active:b=no
  transform:m=[[1.0, 0.0, 0.0] [0.0, 1.0, 0.0] [0.0, 0.0, 1.0] [1165.81, 8.59819, 319.43]]

  "capzone__activateChoice:object"{
    sector_7:r=1.0
  }
}

entity{
  _template:t="objective_train_zone"
  capzone__onlyTeamCanCapture:i=2
  groupName:t="sector_7"
  capzone__capReward:r=250.0
  capzone__alwaysHide:b=no
  capzone_timer__timeLeft:r=2700.0
  capzone__icon:t="train_cross"
  capzone__iconOffsetY:r=3.0
  active:b=no
  transform:m=[[1.0, 0.0, 0.0] [0.0, 1.0, 0.0] [0.0, 0.0, 1.0] [1105.18, 8.59819, 319.43]]

  "capzone__activateChoice:object"{
    sector_8:r=1.0
  }
}

entity{
  _template:t="objective_train_zone"
  capzone__onlyTeamCanCapture:i=2
  groupName:t="sector_8"
  active:b=no
  transform:m=[[1.0, 0.0, 0.0] [0.0, 1.0, 0.0] [0.0, 0.0, 1.0] [1043.73, 8.59819, 319.43]]

  "capzone__activateChoice:object"{
    sector_9:r=1.0
  }
}

entity{
  _template:t="objective_train_zone"
  capzone__onlyTeamCanCapture:i=2
  groupName:t="sector_9"
  active:b=no
  transform:m=[[1.0, 0.0, 0.0] [0.0, 1.0, 0.0] [0.0, 0.0, 1.0] [981.958, 8.59819, 319.43]]

  "capzone__activateChoice:object"{
    sector_10:r=1.0
  }
}

entity{
  _template:t="objective_train_zone"
  capzone__onlyTeamCanCapture:i=2
  groupName:t="sector_10"
  active:b=no
  transform:m=[[1.0, 0.0, 0.0] [0.0, 1.0, 0.0] [0.0, 0.0, 1.0] [919.478, 8.59819, 319.43]]

  "capzone__activateChoice:object"{
    sector_11:r=1.0
  }
}

entity{
  _template:t="objective_train_zone"
  capzone__onlyTeamCanCapture:i=2
  groupName:t="sector_11"
  active:b=no
  transform:m=[[1.0, 0.0, 0.0] [0.0, 1.0, 0.0] [0.0, 0.0, 1.0] [852.032, 7.36076, 319.43]]

  "capzone__activateChoice:object"{
    sector_12:r=1.0
  }
}

entity{
  _template:t="objective_train_zone"
  capzone__onlyTeamCanCapture:i=2
  groupName:t="sector_12"
  active:b=no
  transform:m=[[1.0, 0.0, 0.0] [0.0, 1.0, 0.0] [0.0, 0.0, 1.0] [790.922, 7.36076, 319.43]]

  "capzone__activateChoice:object"{
    sector_13:r=1.0
  }
}

entity{
  _template:t="objective_train_zone"
  capzone__onlyTeamCanCapture:i=2
  groupName:t="sector_13"
  active:b=no
  transform:m=[[1.0, 0.0, 0.0] [0.0, 1.0, 0.0] [0.0, 0.0, 1.0] [728.178, 7.36076, 319.43]]

  "capzone__activateChoice:object"{
    sector_14:r=1.0
  }
}

entity{
  _template:t="objective_train_zone"
  capzone__onlyTeamCanCapture:i=2
  groupName:t="sector_14"
  capzone__capReward:r=250.0
  capzone__capRewardPartCap:r=1.2
  capzone__alwaysHide:b=no
  capzone_timer__timeLeft:r=2700.0
  capzone__icon:t="train_cross"
  capzone__iconOffsetY:r=3.0
  capzone__narrator_zoneCaptured:t="trainHalfWay"
  capzone__narrator_zoneCapturedMessage:t="Our train is halfway there"
  capzone__narrator_zoneCapturedEnemy:t="trainHalfWay"
  capzone__narrator_zoneCapturedEnemyMessage:t="Enemy train is halfway there"
  capzone__narrator_zoneCapturedEnable:b=yes
  active:b=no
  transform:m=[[1.0, 0.0, 0.0] [0.0, 1.0, 0.0] [0.0, 0.0, 1.0] [666.7, 8.57356, 319.43]]

  "capzone__activateChoice:object"{
    sector_15:r=1.0
  }
}

entity{
  _template:t="objective_train_zone"
  capzone__onlyTeamCanCapture:i=2
  groupName:t="sector_15"
  active:b=no
  transform:m=[[1.0, 0.0, 0.0] [0.0, 1.0, 0.0] [0.0, 0.0, 1.0] [606.89, 8.57356, 319.43]]

  "capzone__activateChoice:object"{
    sector_16:r=1.0
  }
}

entity{
  _template:t="objective_train_zone"
  capzone__onlyTeamCanCapture:i=2
  groupName:t="sector_16"
  active:b=no
  transform:m=[[1.0, 0.0, 0.0] [0.0, 1.0, 0.0] [0.0, 0.0, 1.0] [544.762, 8.57356, 319.43]]

  "capzone__activateChoice:object"{
    sector_17:r=1.0
  }
}

entity{
  _template:t="objective_train_zone"
  capzone__onlyTeamCanCapture:i=2
  groupName:t="sector_17"
  active:b=no
  transform:m=[[1.0, 0.0, 0.0] [0.0, 1.0, 0.0] [0.0, 0.0, 1.0] [485.46, 8.57356, 319.43]]

  "capzone__activateChoice:object"{
    sector_18:r=1.0
  }
}

entity{
  _template:t="objective_train_zone"
  capzone__onlyTeamCanCapture:i=2
  groupName:t="sector_18"
  active:b=no
  transform:m=[[1.0, 0.0, 0.0] [0.0, 1.0, 0.0] [0.0, 0.0, 1.0] [425.018, 8.57356, 319.43]]

  "capzone__activateChoice:object"{
    sector_19:r=1.0
  }
}

entity{
  _template:t="objective_train_zone"
  capzone__onlyTeamCanCapture:i=2
  groupName:t="sector_19"
  active:b=no
  transform:m=[[1.0, 0.0, 0.0] [0.0, 1.0, 0.0] [0.0, 0.0, 1.0] [367.275, 8.57356, 319.43]]

  "capzone__activateChoice:object"{
    sector_20:r=1.0
  }
}

entity{
  _template:t="objective_train_zone"
  capzone__onlyTeamCanCapture:i=2
  groupName:t="sector_20"
  active:b=no
  transform:m=[[1.0, 0.0, 0.0] [0.0, 1.0, 0.0] [0.0, 0.0, 1.0] [310.104, 8.57356, 319.43]]

  "capzone__activateChoice:object"{
    sector_21:r=1.0
  }
}

entity{
  _template:t="objective_train_zone"
  capzone__onlyTeamCanCapture:i=2
  groupName:t="sector_21"
  capzone__capReward:r=250.0
  capzone__capRewardPartCap:r=1.4
  capzone__alwaysHide:b=no
  capzone_timer__timeLeft:r=2700.0
  capzone__icon:t="train_cross"
  capzone__iconOffsetY:r=3.0
  capzone__narrator_zoneCaptured:t="trainAlmostWay"
  capzone__narrator_zoneCapturedMessage:t="Our train is almost there"
  capzone__narrator_zoneCapturedEnemy:t="trainAlmostWay"
  capzone__narrator_zoneCapturedEnemyMessage:t="Enemy train is almost there"
  capzone__narrator_zoneCapturedEnable:b=yes
  active:b=no
  transform:m=[[1.0, 0.0, 0.0] [0.0, 1.0, 0.0] [0.0, 0.0, 1.0] [250.307, 8.57356, 319.43]]

  "capzone__activateChoice:object"{
    sector_22:r=1.0
  }
}

entity{
  _template:t="objective_train_zone"
  capzone__onlyTeamCanCapture:i=2
  groupName:t="sector_22"
  active:b=no
  transform:m=[[1.0, 0.0, 0.0] [0.0, 1.0, 0.0] [0.0, 0.0, 1.0] [189.862, 8.57356, 319.43]]

  "capzone__activateChoice:object"{
    sector_23:r=1.0
  }
}

entity{
  _template:t="objective_train_zone"
  capzone__onlyTeamCanCapture:i=2
  groupName:t="sector_23"
  active:b=no
  transform:m=[[1.0, 0.0, 0.0] [0.0, 1.0, 0.0] [0.0, 0.0, 1.0] [129.441, 8.57356, 319.43]]

  "capzone__activateChoice:object"{
    sector_24:r=1.0
  }
}

entity{
  _template:t="objective_train_zone"
  capzone__onlyTeamCanCapture:i=2
  groupName:t="sector_24"
  active:b=no
  transform:m=[[1.0, 0.0, 0.0] [0.0, 1.0, 0.0] [0.0, 0.0, 1.0] [69.1722, 9.43955, 319.43]]

  "capzone__activateChoice:object"{
    sector_25:r=1.0
  }
}

entity{
  _template:t="objective_train_zone"
  capzone__onlyTeamCanCapture:i=2
  groupName:t="sector_25"
  active:b=no
  transform:m=[[1.0, 0.0, 0.0] [0.0, 1.0, 0.0] [0.0, 0.0, 1.0] [10.4674, 10.2976, 319.43]]

  "capzone__activateChoice:object"{
    sector_26:r=1.0
  }
}

entity{
  _template:t="objective_train_zone"
  capzone__onlyTeamCanCapture:i=2
  groupName:t="sector_26"
  active:b=no
  transform:m=[[1.0, 0.0, 0.0] [0.0, 1.0, 0.0] [0.0, 0.0, 1.0] [-47.7082, 10.2976, 319.43]]

  "capzone__activateChoice:object"{
    sector_27:r=1.0
  }
}

entity{
  _template:t="objective_train_zone"
  capzone__onlyTeamCanCapture:i=2
  groupName:t="sector_27"
  active:b=no
  transform:m=[[1.0, 0.0, 0.0] [0.0, 1.0, 0.0] [0.0, 0.0, 1.0] [-106.193, 10.2976, 319.43]]

  "capzone__activateChoice:object"{
    sector_28:r=1.0
  }
}

entity{
  _template:t="objective_train_zone"
  capzone__onlyTeamCanCapture:i=2
  groupName:t="sector_28"
  capzone__alwaysHide:b=no
  capzone_timer__timeLeft:r=2700.0
  capzone__icon:t="train_cross"
  capzone__iconOffsetY:r=3.0
  capzone__narrator_zoneCapturedEnable:b=yes
  active:b=no
  transform:m=[[1.0, 0.0, 0.0] [0.0, 1.0, 0.0] [0.0, 0.0, 1.0] [-172.14, 9.41165, 319.43]]
}

entity{
  _template:t="box_battle_area"
  transform:m=[[2322.32, 0.0, 0.0] [0.0, 243.881, 0.0] [0.0, 0.0, 402.435] [646.346, 10.8968, 314.426]]
}

entity{
  _template:t="berlin_level"
  level__blk:t="content/enlisted/levels/battle_of_berlin_seelow_heights.blk"
}

entity{
  _template:t="water"
  water__strength:r=0.3
  water__level:r=0.0
}

entity{
  _template:t="wind"
  wind__strength:r=1.3
  wind__dir:r=190.0
}

entity{
  _template:t="clouds_hole_target"
  transform:m=[[1.0, 0.0, 0.0] [0.0, 1.0, 0.0] [0.0, 0.0, 1.0] [0.0, 0.0, 0.0]]
}

entity{
  _template:t="resupply_in_air_zone"
  transform:m=[[-0.999999, 0.0, -0.000445871] [0.0, 1.0, 0.0] [0.000445871, 0.0, -0.999999] [4072.68, 1000.0, 1059.6]]
  resupply_zone__team:i=2
}

entity{
  _template:t="respAircraftInAir"
  respawnbaseType:t="aircraft_fighter"
  transform:m=[[0.808044, 0.0, 0.589123] [0.0, 1.0, 0.0] [-0.589123, 0.0, 0.808044] [-1341.3, 1023.92, -1281.53]]
  team:i=1
  maxVehicleOnSpawn:i=1
  respTime:i=120
}

entity{
  _template:t="respAircraftInAir"
  respawnbaseType:t="aircraft_assault"
  transform:m=[[0.746714, 0.0, 0.665145] [0.0, 1.0, 0.0] [-0.665145, 0.0, 0.746714] [-1450.05, 823.92, -1141.59]]
  team:i=1
  maxVehicleOnSpawn:i=1
  respTime:i=120
}

entity{
  _template:t="respAircraftInAir"
  respawnbaseType:t="aircraft_fighter"
  transform:m=[[0.78176, 0.0, 0.623581] [0.0, 1.0, 0.0] [-0.623581, 0.0, 0.78176] [-1431.36, 1023.92, -1153.38]]
  team:i=1
  maxVehicleOnSpawn:i=1
  respTime:i=120
}

entity{
  _template:t="respAircraftInAir"
  respawnbaseType:t="aircraft_assault"
  transform:m=[[0.787942, 0.0, 0.615749] [0.0, 1.0, 0.0] [-0.615749, 0.0, 0.787942] [-1341.3, 823.92, -1281.53]]
  team:i=1
  maxVehicleOnSpawn:i=1
  respTime:i=120
}

entity{
  _template:t="resupply_in_air_zone"
  transform:m=[[0.327869, 0.0, -0.944724] [0.0, 1.0, 0.0] [0.944724, 0.0, 0.327869] [-2825.47, 1023.92, -369.472]]
  resupply_zone__team:i=1
}

entity{
  _template:t="respAircraftInAir"
  respawnbaseType:t="aircraft_fighter"
  transform:m=[[-0.784018, 0.0, -0.620738] [0.0, 1.0, 0.0] [0.620738, 0.0, -0.784018] [2588.95, 988.137, 2015.22]]
  team:i=2
  maxVehicleOnSpawn:i=1
  respTime:i=120
}

entity{
  _template:t="respAircraftInAir"
  respawnbaseType:t="aircraft_assault"
  transform:m=[[-0.784018, 0.0, -0.620738] [0.0, 1.0, 0.0] [0.620738, 0.0, -0.784018] [2588.95, 788.137, 2015.22]]
  team:i=2
  maxVehicleOnSpawn:i=1
  respTime:i=120
}

entity{
  _template:t="respAircraftInAir"
  respawnbaseType:t="aircraft_fighter"
  transform:m=[[-0.784018, 0.0, -0.620738] [0.0, 1.0, 0.0] [0.620738, 0.0, -0.784018] [2703.31, 988.137, 1917.26]]
  team:i=2
  maxVehicleOnSpawn:i=1
  respTime:i=120
}

entity{
  _template:t="respAircraftInAir"
  respawnbaseType:t="aircraft_assault"
  transform:m=[[-0.784018, 0.0, -0.620738] [0.0, 1.0, 0.0] [0.620738, 0.0, -0.784018] [2697.49, 788.137, 1872.97]]
  team:i=2
  maxVehicleOnSpawn:i=1
  respTime:i=120
}

entity{
  _template:t="respawnChooser+respTeam1"
  transform:m=[[0.244969, 0.0, -0.969531] [0.0, 1.0, 0.0] [0.969531, 0.0, 0.244969] [1315.68, 10.5832, 350.933]]
  groupName:t="sector_1"
  active:b=no
}

entity{
  _template:t="respawnChooser+respTeam1"
  transform:m=[[0.999946, 0.0, 0.0104329] [0.0, 1.0, 0.0] [-0.0104329, 0.0, 0.999946] [1302.51, 10.5832, 273.929]]
  groupName:t="sector_1"
  active:b=no
}

entity{
  _template:t="respawnChooser+respTeam1"
  transform:m=[[0.997816, 0.0, 0.0660656] [0.0, 1.0, 0.0] [-0.0660656, 0.0, 0.997816] [1302.47, 10.5832, 277.448]]
  groupName:t="sector_1"
  active:b=no
}

entity{
  _template:t="respawnChooser+respTeam1"
  transform:m=[[0.357736, 0.0, -0.933823] [0.0, 1.0, 0.0] [0.933823, 0.0, 0.357736] [1301.36, 10.576, 342.033]]
  groupName:t="sector_1"
  active:b=no
}

entity{
  _template:t="respawnChooser+respTeam1"
  transform:m=[[0.116524, 0.0, 0.993188] [0.0, 1.0, 0.0] [-0.993188, 0.0, 0.116524] [1261.27, 9.98032, 257.379]]
  groupName:t="sector_2"
  active:b=no
}

entity{
  _template:t="respawnChooser+respTeam1"
  transform:m=[[0.198053, 0.0, -0.980191] [0.0, 1.0, 0.0] [0.980191, 0.0, 0.198053] [1264.47, 10.7925, 380.325]]
  groupName:t="sector_2"
  active:b=no
}

entity{
  _template:t="respawnChooser+respTeam1"
  transform:m=[[0.587587, 0.0, 0.809161] [0.0, 1.0, 0.0] [-0.809161, 0.0, 0.587587] [1246.71, 10.1775, 260.495]]
  groupName:t="sector_2"
  active:b=no
}

entity{
  _template:t="respawnChooser+respTeam1"
  transform:m=[[0.998537, 0.0, -0.0540826] [0.0, 1.0, 0.0] [0.0540826, 0.0, 0.998537] [1213.5, 10.3255, 343.191]]
  groupName:t="sector_3"
  active:b=no
}

entity{
  _template:t="respawnChooser+respTeam1"
  transform:m=[[0.998537, 0.0, -0.0540826] [0.0, 1.0, 0.0] [0.0540826, 0.0, 0.998537] [1217.11, 10.4986, 357.796]]
  groupName:t="sector_3"
  active:b=no
}

entity{
  _template:t="respawnChooser+respTeam1"
  transform:m=[[0.954499, 0.0, 0.298214] [0.0, 1.0, 0.0] [-0.298214, 0.0, 0.954499] [1209.78, 10.1777, 240.287]]
  groupName:t="sector_3"
  active:b=no
}

entity{
  _template:t="respawnChooser+respTeam1"
  transform:m=[[0.998537, 0.0, -0.0540826] [0.0, 1.0, 0.0] [0.0540826, 0.0, 0.998537] [1171.52, 9.92635, 343.041]]
  groupName:t="sector_4"
  active:b=no
}

entity{
  _template:t="respawnChooser+respTeam1"
  transform:m=[[0.99378, 0.0, 0.111367] [0.0, 1.0, 0.0] [-0.111367, 0.0, 0.99378] [1195.57, 10.5032, 240.406]]
  groupName:t="sector_4"
  active:b=no
}

entity{
  _template:t="respawnChooser+respTeam1"
  transform:m=[[0.240079, 0.0, 0.970754] [0.0, 1.0, 0.0] [-0.970754, 0.0, 0.240079] [1105.49, 9.86409, 259.338]]
  groupName:t="sector_5"
  active:b=no
}

entity{
  _template:t="respawnChooser+respTeam1"
  transform:m=[[0.674033, 0.0, -0.738702] [0.0, 1.0, 0.0] [0.738702, 0.0, 0.674033] [1089.73, 10.1657, 352.64]]
  groupName:t="sector_5"
  active:b=no
}

entity{
  _template:t="respawnChooser+respTeam1"
  transform:m=[[0.998537, 0.0, -0.0540826] [0.0, 1.0, 0.0] [0.0540826, 0.0, 0.998537] [1035.72, 10.4055, 350.175]]
  groupName:t="sector_6"
  active:b=no
}

entity{
  _template:t="respawnChooser+respTeam1"
  transform:m=[[0.894104, 0.0, 0.44786] [0.0, 1.0, 0.0] [-0.44786, 0.0, 0.894104] [1025.77, 9.2561, 289.73]]
  groupName:t="sector_6"
  active:b=no
}

entity{
  _template:t="respawnChooser+respTeam1"
  transform:m=[[0.746111, 0.0, 0.665821] [0.0, 1.0, 0.0] [-0.665821, 0.0, 0.746111] [1025.15, 10.576, 276.669]]
  groupName:t="sector_6"
  active:b=no
}

entity{
  _template:t="respawnChooser+respTeam1"
  transform:m=[[0.998329, 0.0, -0.0577894] [0.0, 1.0, 0.0] [0.0577894, 0.0, 0.998329] [995.292, 10.576, 350.137]]
  groupName:t="sector_7"
  active:b=no
}

entity{
  _template:t="respawnChooser+respTeam1"
  transform:m=[[0.524498, 0.0, 0.851412] [0.0, 1.0, 0.0] [-0.851412, 0.0, 0.524498] [999.338, 10.576, 269.209]]
  groupName:t="sector_7"
  active:b=no
}

entity{
  _template:t="respawnChooser+respTeam1"
  transform:m=[[0.997202, 0.0, -0.0747475] [0.0, 1.0, 0.0] [0.0747475, 0.0, 0.997202] [943.001, 9.86324, 350.05]]
  groupName:t="sector_8"
  active:b=no
}

entity{
  _template:t="respawnChooser+respTeam1"
  transform:m=[[0.990843, 0.0, 0.135023] [0.0, 1.0, 0.0] [-0.135023, 0.0, 0.990843] [930.108, 11.8677, 268.039]]
  groupName:t="sector_8"
  active:b=no
}

entity{
  _template:t="respawnChooser+respTeam1"
  transform:m=[[0.954335, 0.0, -0.298739] [0.0, 1.0, 0.0] [0.298739, 0.0, 0.954335] [809.356, 13.3465, 373.979]]
  groupName:t="sector_9"
  active:b=no
}

entity{
  _template:t="respawnChooser+respTeam1"
  transform:m=[[0.995064, 0.0, 0.0992331] [0.0, 1.0, 0.0] [-0.0992331, 0.0, 0.995064] [810.361, 14.3195, 267.176]]
  groupName:t="sector_9"
  active:b=no
}

entity{
  _template:t="respawnChooser+respTeam1"
  transform:m=[[0.960481, 0.0, 0.278346] [0.0, 1.0, 0.0] [-0.278346, 0.0, 0.960481] [807.771, 14.468, 288.454]]
  groupName:t="sector_9"
  active:b=no
}

entity{
  _template:t="respawnChooser+respTeam1"
  transform:m=[[0.853186, 0.0, -0.521607] [0.0, 1.0, 0.0] [0.521607, 0.0, 0.853186] [725.635, 9.46641, 369.643]]
  groupName:t="sector_10"
  active:b=no
}

entity{
  _template:t="respawnChooser+respTeam1"
  transform:m=[[0.872256, 0.0, -0.48905] [0.0, 1.0, 0.0] [0.48905, 0.0, 0.872256] [724.922, 10.2044, 344.042]]
  groupName:t="sector_10"
  active:b=no
}

entity{
  _template:t="respawnChooser+respTeam1"
  transform:m=[[0.976722, 0.0, 0.214511] [0.0, 1.0, 0.0] [-0.214511, 0.0, 0.976722] [718.605, 9.72043, 291.543]]
  groupName:t="sector_10"
  active:b=no
}

entity{
  _template:t="respawnChooser+respTeam1"
  transform:m=[[0.943474, 0.0, -0.331446] [0.0, 1.0, 0.0] [0.331446, 0.0, 0.943474] [681.672, 11.2021, 345.433]]
  groupName:t="sector_11"
  active:b=no
}

entity{
  _template:t="respawnChooser+respTeam1"
  transform:m=[[0.957079, 0.0, 0.289826] [0.0, 1.0, 0.0] [-0.289826, 0.0, 0.957079] [700.861, 9.56538, 287.454]]
  groupName:t="sector_11"
  active:b=no
}

entity{
  _template:t="respawnChooser+respTeam1"
  transform:m=[[0.996851, 0.0, -0.0792955] [0.0, 1.0, 0.0] [0.0792955, 0.0, 0.996851] [638.175, 10.2995, 338.044]]
  groupName:t="sector_12"
  active:b=no
}

entity{
  _template:t="respawnChooser+respTeam1"
  transform:m=[[0.999003, 0.0, 0.0446339] [0.0, 1.0, 0.0] [-0.0446339, 0.0, 0.999003] [604.905, 10.135, 274.722]]
  groupName:t="sector_12"
  active:b=no
}

entity{
  _template:t="respawnChooser+respTeam1"
  transform:m=[[0.933188, 0.0, 0.359389] [0.0, 1.0, 0.0] [-0.359389, 0.0, 0.933188] [599.952, 9.92328, 286.823]]
  groupName:t="sector_12"
  active:b=no
}

entity{
  _template:t="respawnChooser+respTeam1"
  transform:m=[[0.54265, 0.0, 0.839958] [0.0, 1.0, 0.0] [-0.839958, 0.0, 0.54265] [591.973, 9.84615, 289.318]]
  groupName:t="sector_13"
  active:b=no
}

entity{
  _template:t="respawnChooser+respTeam1"
  transform:m=[[0.877566, 0.0, 0.479455] [0.0, 1.0, 0.0] [-0.479455, 0.0, 0.877566] [598.724, 10.0101, 275.351]]
  groupName:t="sector_13"
  active:b=no
}

entity{
  _template:t="respawnChooser+respTeam1"
  transform:m=[[0.672791, 0.0, -0.739832] [0.0, 1.0, 0.0] [0.739832, 0.0, 0.672791] [588.286, 10.7422, 344.122]]
  groupName:t="sector_13"
  active:b=no
}

entity{
  _template:t="respawnChooser+respTeam1"
  transform:m=[[0.993919, 0.0, -0.11011] [0.0, 1.0, 0.0] [0.11011, 0.0, 0.993919] [533.922, 10.0458, 343.464]]
  groupName:t="sector_14"
  active:b=no
}

entity{
  _template:t="respawnChooser+respTeam1"
  transform:m=[[0.304475, 0.0, 0.95252] [0.0, 1.0, 0.0] [-0.95252, 0.0, 0.304475] [543.229, 9.33386, 283.844]]
  groupName:t="sector_14"
  active:b=no
}

entity{
  _template:t="respawnChooser+respTeam1"
  transform:m=[[0.727193, 0.0, 0.686432] [0.0, 1.0, 0.0] [-0.686432, 0.0, 0.727193] [527.474, 9.60175, 304.726]]
  groupName:t="sector_14"
  active:b=no
}

entity{
  _template:t="respawnChooser+respTeam1"
  transform:m=[[0.993919, 0.0, -0.11011] [0.0, 1.0, 0.0] [0.11011, 0.0, 0.993919] [478.183, 10.1657, 336.289]]
  groupName:t="sector_15"
  active:b=no
}

entity{
  _template:t="respawnChooser+respTeam1"
  transform:m=[[0.704619, 0.0, 0.709585] [0.0, 1.0, 0.0] [-0.709585, 0.0, 0.704619] [499.085, 7.98307, 278.37]]
  groupName:t="sector_15"
  active:b=no
}

entity{
  _template:t="respawnChooser+respTeam1"
  transform:m=[[0.237921, 0.0, 0.971284] [0.0, 1.0, 0.0] [-0.971284, 0.0, 0.237921] [485.861, 8.66467, 301.285]]
  groupName:t="sector_15"
  active:b=no
}

entity{
  _template:t="respawnChooser+respTeam1"
  transform:m=[[0.998882, 0.0, -0.0472731] [0.0, 1.0, 0.0] [0.0472731, 0.0, 0.998882] [441.598, 8.15486, 298.998]]
  groupName:t="sector_16"
  active:b=no
}

entity{
  _template:t="respawnChooser+respTeam1"
  transform:m=[[0.975777, 0.0, -0.218766] [0.0, 1.0, 0.0] [0.218766, 0.0, 0.975777] [427.779, 9.6037, 333.446]]
  groupName:t="sector_16"
  active:b=no
}

entity{
  _template:t="respawnChooser+respTeam1"
  transform:m=[[0.337249, 0.0, -0.941415] [0.0, 1.0, 0.0] [0.941415, 0.0, 0.337249] [433.583, 9.82823, 340.289]]
  groupName:t="sector_16"
  active:b=no
}

entity{
  _template:t="respawnChooser+respTeam1"
  transform:m=[[0.968307, 0.0, 0.24976] [0.0, 1.0, 0.0] [-0.24976, 0.0, 0.968307] [413.596, 8.82931, 305.435]]
  groupName:t="sector_17"
  active:b=no
}

entity{
  _template:t="respawnChooser+respTeam1"
  transform:m=[[0.352492, 0.0, -0.935814] [0.0, 1.0, 0.0] [0.935814, 0.0, 0.352492] [393.131, 9.07848, 332.075]]
  groupName:t="sector_17"
  active:b=no
}

entity{
  _template:t="respawnChooser+respTeam1"
  transform:m=[[0.194347, 0.0, -0.980933] [0.0, 1.0, 0.0] [0.980933, 0.0, 0.194347] [397.708, 9.26809, 333.073]]
  groupName:t="sector_17"
  active:b=no
}

entity{
  _template:t="respawnChooser+respTeam1"
  transform:m=[[0.993919, 0.0, -0.11011] [0.0, 1.0, 0.0] [0.11011, 0.0, 0.993919] [335.025, 0.866199, 362.983]]
  groupName:t="sector_18"
  active:b=no
}

entity{
  _template:t="respawnChooser+respTeam1"
  transform:m=[[0.948897, 0.0, 0.315584] [0.0, 1.0, 0.0] [-0.315584, 0.0, 0.948897] [333.534, 1.87612, 291.167]]
  groupName:t="sector_18"
  active:b=no
}

entity{
  _template:t="respawnChooser+respTeam1"
  transform:m=[[0.999212, 0.0, -0.0396908] [0.0, 1.0, 0.0] [0.0396908, 0.0, 0.999212] [323.801, 2.32435, 329.183]]
  groupName:t="sector_18"
  active:b=no
}

entity{
  _template:t="respawnChooser+respTeam1"
  transform:m=[[0.922424, 0.0, 0.386178] [0.0, 1.0, 0.0] [-0.386178, 0.0, 0.922424] [197.642, 8.91254, 303.065]]
  groupName:t="sector_19"
  active:b=no
}

entity{
  _template:t="respawnChooser+respTeam1"
  transform:m=[[0.741295, 0.0, -0.67118] [0.0, 1.0, 0.0] [0.67118, 0.0, 0.741295] [185.026, 5.98011, 349.52]]
  groupName:t="sector_19"
  active:b=no
}

entity{
  _template:t="respawnChooser+respTeam1"
  transform:m=[[0.921624, 0.0, 0.388084] [0.0, 1.0, 0.0] [-0.388084, 0.0, 0.921624] [137.312, 8.6642, 298.459]]
  groupName:t="sector_20"
  active:b=no
}

entity{
  _template:t="respawnChooser+respTeam1"
  transform:m=[[0.913905, 0.0, -0.405929] [0.0, 1.0, 0.0] [0.405929, 0.0, 0.913905] [152.021, 7.53036, 360.904]]
  groupName:t="sector_20"
  active:b=no
}

entity{
  _template:t="respawnChooser+respTeam1"
  transform:m=[[0.708365, 0.0, 0.705846] [0.0, 1.0, 0.0] [-0.705846, 0.0, 0.708365] [82.3042, 8.76516, 301.066]]
  groupName:t="sector_21"
  active:b=no
}

entity{
  _template:t="respawnChooser+respTeam1"
  transform:m=[[0.9675, 0.0, 0.252872] [0.0, 1.0, 0.0] [-0.252872, 0.0, 0.9675] [97.1176, 9.10025, 290.073]]
  groupName:t="sector_21"
  active:b=no
}

entity{
  _template:t="respawnChooser+respTeam1"
  transform:m=[[0.749641, 0.0, 0.661845] [0.0, 1.0, 0.0] [-0.661845, 0.0, 0.749641] [103.497, 8.78022, 283.434]]
  groupName:t="sector_21"
  active:b=no
}

entity{
  _template:t="respawnChooser+respTeam1"
  transform:m=[[0.813095, 0.0, 0.582131] [0.0, 1.0, 0.0] [-0.582131, 0.0, 0.813095] [22.6358, 8.88932, 302.856]]
  groupName:t="sector_22"
  active:b=no
}

entity{
  _template:t="respawnChooser+respTeam1"
  transform:m=[[0.999271, 0.0, -0.0381758] [0.0, 1.0, 0.0] [0.0381758, 0.0, 0.999271] [20.9415, 9.10025, 296.448]]
  groupName:t="sector_22"
  active:b=no
}

entity{
  _template:t="respawnChooser+respTeam1"
  transform:m=[[0.9675, 0.0, 0.252872] [0.0, 1.0, 0.0] [-0.252872, 0.0, 0.9675] [-5.13674, 9.10025, 296.827]]
  groupName:t="sector_23"
  active:b=no
}

entity{
  _template:t="respawnChooser+respTeam1"
  transform:m=[[0.996656, 0.0, 0.0817152] [0.0, 1.0, 0.0] [-0.0817152, 0.0, 0.996656] [-5.67881, 9.10025, 300.003]]
  groupName:t="sector_23"
  active:b=no
}

entity{
  _template:t="respawnChooser+respTeam1"
  transform:m=[[0.983978, 0.0, 0.17829] [0.0, 1.0, 0.0] [-0.17829, 0.0, 0.983978] [-6.01875, 9.10025, 289.699]]
  groupName:t="sector_23"
  active:b=no
}

entity{
  _template:t="respawnChooser+respTeam1"
  transform:m=[[0.9675, 0.0, 0.252872] [0.0, 1.0, 0.0] [-0.252872, 0.0, 0.9675] [-85.3686, 10.0326, 299.442]]
  groupName:t="sector_24"
  active:b=no
}

entity{
  _template:t="respawnChooser+respTeam1"
  transform:m=[[0.459118, 0.0, -0.888376] [0.0, 1.0, 0.0] [0.888376, 0.0, 0.459118] [-84.0665, 9.87648, 337.57]]
  groupName:t="sector_24"
  active:b=no
}

entity{
  _template:t="respawnChooser+respTeam1"
  transform:m=[[0.834212, 0.0, -0.551445] [0.0, 1.0, 0.0] [0.551445, 0.0, 0.834212] [-145.672, 10.4354, 333.919]]
  groupName:t="sector_25"
  active:b=no
}

entity{
  _template:t="respawnChooser+respTeam1"
  transform:m=[[0.9675, 0.0, 0.252872] [0.0, 1.0, 0.0] [-0.252872, 0.0, 0.9675] [-151.168, 11.1771, 303.435]]
  groupName:t="sector_25"
  active:b=no
}

entity{
  _template:t="respawnChooser+respTeam1"
  transform:m=[[0.986408, 0.0, 0.164314] [0.0, 1.0, 0.0] [-0.164314, 0.0, 0.986408] [-269.47, 11.714, 286.765]]
  groupName:t="sector_27"
  active:b=no
}

entity{
  _template:t="respawnChooser+respTeam1"
  transform:m=[[0.96743, 0.0, -0.253138] [0.0, 1.0, 0.0] [0.253138, 0.0, 0.96743] [-270.11, 11.9167, 334.656]]
  groupName:t="sector_27"
  active:b=no
}

entity{
  _template:t="respawnChooser+respTeam1"
  transform:m=[[0.674583, 0.0, 0.738199] [0.0, 1.0, 0.0] [-0.738199, 0.0, 0.674583] [-279.117, 11.9982, 288.815]]
  groupName:t="sector_27"
  active:b=no
}

entity{
  _template:t="respawnChooser+respTeam1"
  transform:m=[[0.900913, 0.0, -0.434] [0.0, 1.0, 0.0] [0.434, 0.0, 0.900913] [-218.181, 11.8443, 337.167]]
  groupName:t="sector_26"
  active:b=no
}

entity{
  _template:t="respawnChooser+respTeam1"
  transform:m=[[0.996113, 0.0, 0.088085] [0.0, 1.0, 0.0] [-0.088085, 0.0, 0.996113] [-205.801, 10.9451, 296.107]]
  groupName:t="sector_26"
  active:b=no
}

entity{
  _template:t="respawnChooser+respTeam1"
  transform:m=[[0.995836, 0.0, 0.0911655] [0.0, 1.0, 0.0] [-0.0911655, 0.0, 0.995836] [-324.277, 11.7816, 278.204]]
  groupName:t="sector_28"
  active:b=no
}

entity{
  _template:t="respawnChooser+respTeam1"
  transform:m=[[0.398825, 0.0, -0.917027] [0.0, 1.0, 0.0] [0.917027, 0.0, 0.398825] [-316.478, 11.9443, 333.125]]
  groupName:t="sector_28"
  active:b=no
}

entity{
  _template:t="respawnChooser+respTeam1"
  transform:m=[[0.502403, 0.0, -0.864634] [0.0, 1.0, 0.0] [0.864634, 0.0, 0.502403] [-330.72, 11.8261, 334.686]]
  groupName:t="sector_28"
  active:b=no
}

entity{
  _template:t="respawnChooser+respTeam2"
  transform:m=[[-0.793905, 0.0, 0.608041] [0.0, 1.0, 0.0] [-0.608041, 0.0, -0.793905] [1585.57, 10.3197, 297.426]]
  groupName:t="sector_1"
  active:b=no
}

entity{
  _template:t="respawnChooser+respTeam2"
  transform:m=[[-0.349106, 0.0, -0.937084] [0.0, 1.0, 0.0] [0.937084, 0.0, -0.349106] [1631.28, 10.3494, 351.29]]
  groupName:t="sector_1"
  active:b=no
}

entity{
  _template:t="respawnChooser+respTeam2"
  transform:m=[[-0.0934956, 0.0, 0.99562] [0.0, 1.0, 0.0] [-0.99562, 0.0, -0.0934956] [1657.4, 10.43, 296.675]]
  groupName:t="sector_1"
  active:b=no
}

entity{
  _template:t="respawnChooser+respTeam2"
  transform:m=[[-0.983767, 0.0, -0.179452] [0.0, 1.0, 0.0] [0.179452, 0.0, -0.983767] [1610.5, 10.503, 290.844]]
  groupName:t="sector_2"
  active:b=no
}

entity{
  _template:t="respawnChooser+respTeam2"
  transform:m=[[-0.731428, 0.0, 0.681919] [0.0, 1.0, 0.0] [-0.681919, 0.0, -0.731428] [1610.83, 10.7975, 292.801]]
  groupName:t="sector_2"
  active:b=no
}

entity{
  _template:t="respawnChooser+respTeam2"
  transform:m=[[-0.973503, 0.0, 0.228676] [0.0, 1.0, 0.0] [-0.228676, 0.0, -0.973503] [1587.45, 10.2785, 291.657]]
  groupName:t="sector_3"
  active:b=no
}

entity{
  _template:t="respawnChooser+respTeam2"
  transform:m=[[-0.991998, 0.0, -0.126256] [0.0, 1.0, 0.0] [0.126256, 0.0, -0.991998] [1565.98, 10.624, 342.361]]
  groupName:t="sector_3"
  active:b=no
}

entity{
  _template:t="respawnChooser+respTeam2"
  transform:m=[[-0.996684, 0.0, 0.0813764] [0.0, 1.0, 0.0] [-0.0813764, 0.0, -0.996684] [1587.32, 10.0936, 298.139]]
  groupName:t="sector_3"
  active:b=no
}

entity{
  _template:t="respawnChooser+respTeam2"
  transform:m=[[-0.958261, 0.0, -0.285896] [0.0, 1.0, 0.0] [0.285896, 0.0, -0.958261] [1488.49, 10.676, 347.556]]
  groupName:t="sector_4"
  active:b=no
}

entity{
  _template:t="respawnChooser+respTeam2"
  transform:m=[[-0.88875, 0.0, -0.458395] [0.0, 1.0, 0.0] [0.458395, 0.0, -0.88875] [1511.89, 10.5832, 338.188]]
  groupName:t="sector_4"
  active:b=no
}

entity{
  _template:t="respawnChooser+respTeam2"
  transform:m=[[-0.494855, 0.0, -0.868976] [0.0, 1.0, 0.0] [0.868976, 0.0, -0.494855] [1431.24, 10.5363, 345.811]]
  groupName:t="sector_5"
  active:b=no
}

entity{
  _template:t="respawnChooser+respTeam2"
  transform:m=[[-0.176227, 0.0, 0.984351] [0.0, 1.0, 0.0] [-0.984351, 0.0, -0.176227] [1418.46, 10.3029, 290.339]]
  groupName:t="sector_5"
  active:b=no
}

entity{
  _template:t="respawnChooser+respTeam2"
  transform:m=[[-0.662543, 0.0, -0.749024] [0.0, 1.0, 0.0] [0.749024, 0.0, -0.662543] [1438.97, 10.7449, 342.56]]
  groupName:t="sector_5"
  active:b=no
}

entity{
  _template:t="respawnChooser+respTeam2"
  transform:m=[[-0.960557, 0.0, -0.278085] [0.0, 1.0, 0.0] [0.278085, 0.0, -0.960557] [1375.09, 11.3166, 354.619]]
  groupName:t="sector_6"
  active:b=no
}

entity{
  _template:t="respawnChooser+respTeam2"
  transform:m=[[-0.973439, 0.0, -0.228946] [0.0, 1.0, 0.0] [0.228946, 0.0, -0.973439] [1393.96, 11.191, 338.874]]
  groupName:t="sector_6"
  active:b=no
}

entity{
  _template:t="respawnChooser+respTeam2"
  transform:m=[[-0.856224, 0.0, -0.516606] [0.0, 1.0, 0.0] [0.516606, 0.0, -0.856224] [1318.96, 10.8347, 350.413]]
  groupName:t="sector_7"
  active:b=no
}

entity{
  _template:t="respawnChooser+respTeam2"
  transform:m=[[-0.944213, 0.0, 0.329338] [0.0, 1.0, 0.0] [-0.329338, 0.0, -0.944213] [1304.07, 10.5092, 273.25]]
  groupName:t="sector_7"
  active:b=no
}

entity{
  _template:t="respawnChooser+respTeam2"
  transform:m=[[-0.949177, 0.0, -0.314743] [0.0, 1.0, 0.0] [0.314743, 0.0, -0.949177] [1325.45, 10.7847, 346.098]]
  groupName:t="sector_7"
  active:b=no
}

entity{
  _template:t="respawnChooser+respTeam2"
