entity{
  _template:t="battle_area_polygon_point"
  transform:m=[[1.0, 0.0, 0.0] [0.0, 1.0, 0.0] [0.0, 0.0, 1.0] [342.236, 3.27128, -224.349]]
  battle_area_polygon_point__forBattleAreaId:t="1_area1"
  battle_area_polygon_point__id:t="point1"
  battle_area_polygon_point__nextId:t="point2"
}

entity{
  _template:t="battle_area_polygon_point"
  transform:m=[[1.0, 0.0, 0.0] [0.0, 1.0, 0.0] [0.0, 0.0, 1.0] [345.954, 3.28004, -299.907]]
  battle_area_polygon_point__forBattleAreaId:t="1_area1"
  battle_area_polygon_point__id:t="point2"
  battle_area_polygon_point__nextId:t="point3"
}

entity{
  _template:t="battle_area_polygon_point"
  transform:m=[[0.950233, 0.0, 0.311541] [0.0, 1.0, -0.0] [-0.311541, 0.0, 0.950233] [404.581, 3.26768, -338.399]]
  battle_area_polygon_point__forBattleAreaId:t="1_area1"
  battle_area_polygon_point__id:t="point3"
  battle_area_polygon_point__nextId:t="point4"
}

entity{
  _template:t="battle_area_polygon_point"
  transform:m=[[0.957135, 0.0, 0.289641] [0.0, 1.0, -0.0] [-0.289641, 0.0, 0.957135] [627.287, 3.89556, -261.275]]
  battle_area_polygon_point__forBattleAreaId:t="1_area1"
  battle_area_polygon_point__id:t="point4"
  battle_area_polygon_point__nextId:t="point5"
}

entity{
  _template:t="battle_area_polygon_point"
  transform:m=[[0.9389, 0.0, 0.344191] [0.0, 1.0, -0.0] [-0.344191, 0.0, 0.9389] [599.754, -0.415502, -547.793]]
  battle_area_polygon_point__forBattleAreaId:t="1_area2"
  battle_area_polygon_point__id:t="point1"
  battle_area_polygon_point__nextId:t="point2"
}

entity{
  _template:t="battle_area_polygon_point"
  transform:m=[[0.94656, 0.0, 0.322529] [0.0, 1.0, -0.0] [-0.322529, 0.0, 0.94656] [692.927, 3.28474, -516.938]]
  battle_area_polygon_point__forBattleAreaId:t="1_area2"
  battle_area_polygon_point__id:t="point2"
  battle_area_polygon_point__nextId:t="point3"
}

entity{
  _template:t="battle_area_polygon_point"
  transform:m=[[1.0, 0.0, 0.0] [0.0, 1.0, 0.0] [0.0, 0.0, 1.0] [590.1, 3.35971, -200.897]]
  battle_area_polygon_point__forBattleAreaId:t="1_area2"
  battle_area_polygon_point__id:t="point3"
  battle_area_polygon_point__nextId:t="point4"
}

entity{
  _template:t="battle_area_polygon_point"
  transform:m=[[1.0, 0.0, 0.0] [0.0, 1.0, 0.0] [0.0, 0.0, 1.0] [540.373, 2.38938, -198.031]]
  battle_area_polygon_point__forBattleAreaId:t="1_area2"
  battle_area_polygon_point__id:t="point4"
  battle_area_polygon_point__nextId:t="point5"
}

entity{
  _template:t="battle_area_polygon_point"
  transform:m=[[1.0, 0.0, 0.0] [0.0, 1.0, 0.0] [0.0, 0.0, 1.0] [502.022, 3.26458, -186.084]]
  battle_area_polygon_point__forBattleAreaId:t="1_area2"
  battle_area_polygon_point__id:t="point5"
  battle_area_polygon_point__nextId:t="point6"
}

entity{
  _template:t="battle_area_polygon_point"
  transform:m=[[1.0, 0.0, 0.0] [0.0, 1.0, 0.0] [0.0, 0.0, 1.0] [440.501, 7.49071, -209.369]]
  battle_area_polygon_point__forBattleAreaId:t="1_area2"
  battle_area_polygon_point__id:t="point6"
  battle_area_polygon_point__nextId:t="point7"
}

entity{
  _template:t="battle_area_polygon_point"
  transform:m=[[0.970142, 0.0, 0.242536] [0.0, 1.0, -0.0] [-0.242536, 0.0, 0.970142] [375.404, 3.32245, -258.731]]
  battle_area_polygon_point__forBattleAreaId:t="1_area2"
  battle_area_polygon_point__id:t="point7"
  battle_area_polygon_point__nextId:t="point8"
}

entity{
  _template:t="battle_area_polygon_point"
  transform:m=[[0.936002, 0.0, 0.351996] [0.0, 1.0, -0.0] [-0.351996, 0.0, 0.936002] [447.598, 6.55818, -421.556]]
  battle_area_polygon_point__forBattleAreaId:t="2a_area1"
  battle_area_polygon_point__id:t="point1"
  battle_area_polygon_point__nextId:t="point2"
}

entity{
  _template:t="battle_area_polygon_point"
  transform:m=[[1.0, 0.0, 0.0] [0.0, 1.0, 0.0] [0.0, 0.0, 1.0] [517.387, 2.43197, -395.248]]
  battle_area_polygon_point__forBattleAreaId:t="2a_area1"
  battle_area_polygon_point__id:t="point2"
  battle_area_polygon_point__nextId:t="point3"
}

entity{
  _template:t="battle_area_polygon_point"
  transform:m=[[0.940154, 0.0, 0.340751] [0.0, 1.0, -0.0] [-0.340751, 0.0, 0.940154] [608.263, 5.15137, -362.505]]
  battle_area_polygon_point__forBattleAreaId:t="2a_area1"
  battle_area_polygon_point__id:t="point3"
  battle_area_polygon_point__nextId:t="point4"
}

entity{
  _template:t="battle_area_polygon_point"
  transform:m=[[0.964798, 0.0, 0.262993] [0.0, 1.0, -0.0] [-0.262993, 0.0, 0.964798] [629.188, 1.64983, -339.736]]
  battle_area_polygon_point__forBattleAreaId:t="2a_area1"
  battle_area_polygon_point__id:t="point4"
  battle_area_polygon_point__nextId:t="point5"
}

entity{
  _template:t="battle_area_polygon_point"
  transform:m=[[1.0, 0.0, 0.0] [0.0, 1.0, 0.0] [0.0, 0.0, 1.0] [500.775, 0.954177, -608.0]]
  battle_area_polygon_point__forBattleAreaId:t="2a_area2"
  battle_area_polygon_point__id:t="point1"
  battle_area_polygon_point__nextId:t="point2"
}

entity{
  _template:t="battle_area_polygon_point"
  transform:m=[[0.946799, 0.0, 0.321825] [0.0, 1.0, -0.0] [-0.321825, 0.0, 0.946799] [689.236, 1.85101, -547.012]]
  battle_area_polygon_point__forBattleAreaId:t="2a_area2"
  battle_area_polygon_point__id:t="point2"
  battle_area_polygon_point__nextId:t="point3"
}

entity{
  _template:t="battle_area_polygon_point"
  transform:m=[[0.966083, 0.0, 0.258231] [0.0, 1.0, -0.0] [-0.258231, 0.0, 0.966083] [614.822, -0.754458, -338.063]]
  battle_area_polygon_point__forBattleAreaId:t="2a_area2"
  battle_area_polygon_point__id:t="point3"
  battle_area_polygon_point__nextId:t="point4"
}

entity{
  _template:t="battle_area_polygon_point"
  transform:m=[[1.0, 0.0, 0.0] [0.0, 1.0, 0.0] [0.0, 0.0, 1.0] [590.588, -0.0458645, -270.506]]
  battle_area_polygon_point__forBattleAreaId:t="2a_area2"
  battle_area_polygon_point__id:t="point4"
  battle_area_polygon_point__nextId:t="point5"
}

entity{
  _template:t="battle_area_polygon_point"
  transform:m=[[1.0, 0.0, 0.0] [0.0, 1.0, 0.0] [0.0, 0.0, 1.0] [537.336, -1.21715, -286.898]]
  battle_area_polygon_point__forBattleAreaId:t="2a_area2"
  battle_area_polygon_point__id:t="point5"
  battle_area_polygon_point__nextId:t="point6"
}

entity{
  _template:t="battle_area_polygon_point"
  transform:m=[[0.940491, 0.0, 0.339819] [0.0, 1.0, -0.0] [-0.339819, 0.0, 0.94049] [401.696, 2.08669, -333.743]]
  battle_area_polygon_point__forBattleAreaId:t="2a_area2"
  battle_area_polygon_point__id:t="point6"
  battle_area_polygon_point__nextId:t="point7"
}

entity{
  _template:t="battle_area_polygon_point"
  transform:m=[[0.979622, 0.0, 0.200848] [0.0, 1.0, -0.0] [-0.200848, 0.0, 0.979622] [569.6, 6.55818, -82.8845]]
  battle_area_polygon_point__forBattleAreaId:t="2b_area1"
  battle_area_polygon_point__id:t="point1"
  battle_area_polygon_point__nextId:t="point2"
}

entity{
  _template:t="battle_area_polygon_point"
  transform:m=[[1.0, 0.0, 0.0] [0.0, 1.0, 0.0] [0.0, 0.0, 1.0] [345.341, 2.43197, -135.604]]
  battle_area_polygon_point__forBattleAreaId:t="2b_area1"
  battle_area_polygon_point__id:t="point2"
  battle_area_polygon_point__nextId:t="point3"
}

entity{
  _template:t="battle_area_polygon_point"
  transform:m=[[0.955755, 0.0, 0.294163] [0.0, 1.0, -0.0] [-0.294163, 0.0, 0.955755] [425.583, 5.15137, -434.308]]
  battle_area_polygon_point__forBattleAreaId:t="2b_area1"
  battle_area_polygon_point__id:t="point3"
  battle_area_polygon_point__nextId:t="point4"
}

entity{
  _template:t="battle_area_polygon_point"
  transform:m=[[0.948136, 0.0, 0.317865] [0.0, 1.0, -0.0] [-0.317865, 0.0, 0.948136] [643.661, 1.64983, -359.205]]
  battle_area_polygon_point__forBattleAreaId:t="2b_area1"
  battle_area_polygon_point__id:t="point4"
  battle_area_polygon_point__nextId:t="point5"
}

entity{
  _template:t="battle_area_polygon_point"
  transform:m=[[1.0, 0.0, 0.0] [0.0, 1.0, 0.0] [0.0, 0.0, 1.0] [493.107, 0.954177, -597.22]]
  battle_area_polygon_point__forBattleAreaId:t="2b_area2"
  battle_area_polygon_point__id:t="point1"
  battle_area_polygon_point__nextId:t="point2"
}

entity{
  _template:t="battle_area_polygon_point"
  transform:m=[[1.0, 0.0, 0.0] [0.0, 1.0, 0.0] [0.0, 0.0, 1.0] [697.032, 1.85101, -530.797]]
  battle_area_polygon_point__forBattleAreaId:t="2b_area2"
  battle_area_polygon_point__id:t="point2"
  battle_area_polygon_point__nextId:t="point3"
}

entity{
  _template:t="battle_area_polygon_point"
  transform:m=[[1.0, 0.0, 0.0] [0.0, 1.0, 0.0] [0.0, 0.0, 1.0] [633.193, -0.754458, -333.381]]
  battle_area_polygon_point__forBattleAreaId:t="2b_area2"
  battle_area_polygon_point__id:t="point3"
  battle_area_polygon_point__nextId:t="point4"
}

entity{
  _template:t="battle_area_polygon_point"
  transform:m=[[1.0, 0.0, 0.0] [0.0, 1.0, 0.0] [0.0, 0.0, 1.0] [614.784, -0.0458645, -263.871]]
  battle_area_polygon_point__forBattleAreaId:t="2b_area2"
  battle_area_polygon_point__id:t="point4"
  battle_area_polygon_point__nextId:t="point5"
}

entity{
  _template:t="battle_area_polygon_point"
  transform:m=[[1.0, 0.0, 0.0] [0.0, 1.0, 0.0] [0.0, 0.0, 1.0] [537.242, -1.21715, -286.626]]
  battle_area_polygon_point__forBattleAreaId:t="2b_area2"
  battle_area_polygon_point__id:t="point5"
  battle_area_polygon_point__nextId:t="point6"
}

entity{
  _template:t="battle_area_polygon_point"
  transform:m=[[1.0, 0.0, 0.0] [0.0, 1.0, 0.0] [0.0, 0.0, 1.0] [406.656, 2.08669, -330.569]]
  battle_area_polygon_point__forBattleAreaId:t="2b_area2"
  battle_area_polygon_point__id:t="point6"
  battle_area_polygon_point__nextId:t="point1"
}

entity{
  _template:t="battle_area_polygon_point"
  transform:m=[[0.960359, 0.0, 0.278767] [0.0, 1.0, 0.0] [-0.278767, 0.0, 0.960359] [338.162, 0.182863, -518.236]]
  battle_area_polygon_point__forBattleAreaId:t="3_area1"
  battle_area_polygon_point__id:t="point1"
  battle_area_polygon_point__nextId:t="point2"
}

entity{
  _template:t="battle_area_polygon_point"
  transform:m=[[0.985179, 0.0, 0.171535] [0.0, 1.0, 0.0] [-0.171535, 0.0, 0.985179] [357.068, 1.94759, -598.652]]
  battle_area_polygon_point__forBattleAreaId:t="3_area1"
  battle_area_polygon_point__id:t="point2"
  battle_area_polygon_point__nextId:t="point3"
}

entity{
  _template:t="battle_area_polygon_point"
  transform:m=[[0.976135, 0.0, 0.217164] [0.0, 1.0, 0.0] [-0.217164, 0.0, 0.976135] [526.431, 2.54762, -568.476]]
  battle_area_polygon_point__forBattleAreaId:t="3_area1"
  battle_area_polygon_point__id:t="point3"
  battle_area_polygon_point__nextId:t="point4"
}

entity{
  _template:t="battle_area_polygon_point"
  transform:m=[[0.955779, 0.0, 0.294087] [0.0, 1.0, 0.0] [-0.294087, 0.0, 0.955779] [628.299, 2.0669, -535.01]]
  battle_area_polygon_point__forBattleAreaId:t="3_area1"
  battle_area_polygon_point__id:t="point4"
  battle_area_polygon_point__nextId:t="point5"
}

entity{
  _template:t="battle_area_polygon_point"
  transform:m=[[0.938686, 0.0, 0.344774] [0.0, 1.0, -0.0] [-0.344774, 0.0, 0.938686] [678.276, 3.25163, -516.391]]
  battle_area_polygon_point__forBattleAreaId:t="3_area1"
  battle_area_polygon_point__id:t="point5"
  battle_area_polygon_point__nextId:t="point6"
}

entity{
  _template:t="battle_area_polygon_point"
  transform:m=[[0.946175, 0.0, 0.323656] [0.0, 1.0, -0.0] [-0.323656, 0.0, 0.946175] [658.503, 2.26954, -457.869]]
  battle_area_polygon_point__forBattleAreaId:t="3_area1"
  battle_area_polygon_point__id:t="point6"
  battle_area_polygon_point__nextId:t="point7"
}

entity{
  _template:t="battle_area_polygon_point"
  transform:m=[[0.994673, 0.0, 0.103083] [0.0, 1.0, -0.0] [-0.103083, 0.0, 0.994673] [577.96, 1.91122, -216.629]]
  battle_area_polygon_point__forBattleAreaId:t="3_area1"
  battle_area_polygon_point__id:t="point7"
  battle_area_polygon_point__nextId:t="point8"
}

entity{
  _template:t="battle_area_polygon_point"
  transform:m=[[0.931439, 0.0, 0.363897] [0.0, 1.0, 0.0] [-0.363897, 0.0, 0.931439] [720.976, -0.840502, -629.271]]
  battle_area_polygon_point__forBattleAreaId:t="3_area2"
  battle_area_polygon_point__id:t="point1"
  battle_area_polygon_point__nextId:t="point2"
}

entity{
  _template:t="battle_area_polygon_point"
  transform:m=[[0.948738, 0.0, 0.316063] [0.0, 1.0, 0.0] [-0.316063, 0.0, 0.948738] [632.846, 1.16173, -369.958]]
  battle_area_polygon_point__forBattleAreaId:t="3_area2"
  battle_area_polygon_point__id:t="point2"
  battle_area_polygon_point__nextId:t="point3"
}

entity{
  _template:t="battle_area_polygon_point"
  transform:m=[[0.95221, 0.0, 0.305445] [0.0, 1.0, 0.0] [-0.305445, 0.0, 0.95221] [538.987, -0.255541, -398.876]]
  battle_area_polygon_point__forBattleAreaId:t="3_area2"
  battle_area_polygon_point__id:t="point3"
  battle_area_polygon_point__nextId:t="point4"
}

entity{
  _template:t="battle_area_polygon_point"
  transform:m=[[0.951196, 0.0, 0.308586] [0.0, 1.0, -0.0] [-0.308586, 0.0, 0.951196] [533.733, -0.529949, -398.394]]
  battle_area_polygon_point__forBattleAreaId:t="3_area2"
  battle_area_polygon_point__id:t="point4"
  battle_area_polygon_point__nextId:t="point5"
}

entity{
  _template:t="battle_area_polygon_point"
  transform:m=[[0.951196, 0.0, 0.308586] [0.0, 1.0, -0.0] [-0.308586, 0.0, 0.951196] [454.951, -0.529949, -423.952]]
  battle_area_polygon_point__forBattleAreaId:t="3_area2"
  battle_area_polygon_point__id:t="point5"
  battle_area_polygon_point__nextId:t="point6"
}

entity{
  _template:t="battle_area_polygon_point"
  transform:m=[[0.951196, 0.0, 0.308586] [0.0, 1.0, -0.0] [-0.308586, 0.0, 0.951196] [413.123, -0.529949, -427.301]]
  battle_area_polygon_point__forBattleAreaId:t="3_area2"
  battle_area_polygon_point__id:t="point6"
  battle_area_polygon_point__nextId:t="point7"
}

entity{
  _template:t="battle_area_polygon_point"
  transform:m=[[0.951196, 0.0, 0.308586] [0.0, 1.0, -0.0] [-0.308586, 0.0, 0.951196] [373.483, -0.529949, -438.52]]
  battle_area_polygon_point__forBattleAreaId:t="3_area2"
  battle_area_polygon_point__id:t="point7"
  battle_area_polygon_point__nextId:t="point8"
}

entity{
  _template:t="battle_area_polygon_point"
  transform:m=[[0.951196, 0.0, 0.308586] [0.0, 1.0, -0.0] [-0.308586, 0.0, 0.951196] [309.55, -0.529949, -462.648]]
  battle_area_polygon_point__forBattleAreaId:t="3_area2"
  battle_area_polygon_point__id:t="point8"
  battle_area_polygon_point__nextId:t="point9"
}

entity{
  _template:t="battle_area_polygon_point"
  transform:m=[[0.951196, 0.0, 0.308586] [0.0, 1.0, -0.0] [-0.308586, 0.0, 0.951196] [294.008, -0.529949, -474.111]]
  battle_area_polygon_point__forBattleAreaId:t="3_area2"
  battle_area_polygon_point__id:t="point9"
  battle_area_polygon_point__nextId:t="point10"
}

entity{
  _template:t="battle_area_polygon_point"
  transform:m=[[0.993392, 0.0, -0.114773] [0.0, 1.0, 0.0] [0.114773, -0.0, 0.993392] [182.354, -0.529949, -465.317]]
  battle_area_polygon_point__forBattleAreaId:t="3_area2"
  battle_area_polygon_point__id:t="point10"
  battle_area_polygon_point__nextId:t="point11"
}

entity{
  _template:t="battle_area_polygon_point"
  transform:m=[[0.99862, 0.0, -0.0525161] [0.0, 1.0, 0.0] [0.0525161, -0.0, 0.99862] [167.631, -0.529949, -729.366]]
  battle_area_polygon_point__forBattleAreaId:t="3_area2"
  battle_area_polygon_point__id:t="point11"
  battle_area_polygon_point__nextId:t="point12"
}

entity{
  _template:t="battle_area_polygon_point"
  transform:m=[[0.991208, 0.0, 0.132314] [0.0, 1.0, -0.0] [-0.132314, 0.0, 0.991208] [709.755, -0.529949, -648.214]]
  battle_area_polygon_point__forBattleAreaId:t="3_area2"
  battle_area_polygon_point__id:t="point12"
  battle_area_polygon_point__nextId:t="point1"
}

entity{
  _template:t="battle_area_polygon_point"
  transform:m=[[0.949023, 0.0, 0.315207] [0.0, 1.0, 0.0] [-0.315207, 0.0, 0.949023] [530.467, 1.91122, -221.297]]
  battle_area_polygon_point__forBattleAreaId:t="3_area1"
  battle_area_polygon_point__id:t="point8"
  battle_area_polygon_point__nextId:t="point9"
}

entity{
  _template:t="battle_area_polygon_point"
  transform:m=[[0.949023, 0.0, 0.315207] [0.0, 1.0, 0.0] [-0.315207, 0.0, 0.949023] [502.676, 1.91122, -211.259]]
  battle_area_polygon_point__forBattleAreaId:t="3_area1"
  battle_area_polygon_point__id:t="point9"
  battle_area_polygon_point__nextId:t="point10"
}

entity{
  _template:t="battle_area_polygon_point"
  transform:m=[[0.949023, 0.0, 0.315207] [0.0, 1.0, 0.0] [-0.315207, 0.0, 0.949023] [434.026, 1.91122, -229.131]]
  battle_area_polygon_point__forBattleAreaId:t="3_area1"
  battle_area_polygon_point__id:t="point10"
  battle_area_polygon_point__nextId:t="point11"
}

entity{
  _template:t="battle_area_polygon_point"
  transform:m=[[0.949023, 0.0, 0.315207] [0.0, 1.0, 0.0] [-0.315207, 0.0, 0.949023] [329.015, 1.91122, -245.335]]
  battle_area_polygon_point__forBattleAreaId:t="3_area1"
  battle_area_polygon_point__id:t="point11"
  battle_area_polygon_point__nextId:t="point12"
}

entity{
  _template:t="battle_area_polygon_point"
  transform:m=[[0.949023, 0.0, 0.315207] [0.0, 1.0, 0.0] [-0.315207, 0.0, 0.949023] [325.375, 1.91122, -291.059]]
  battle_area_polygon_point__forBattleAreaId:t="3_area1"
  battle_area_polygon_point__id:t="point12"
  battle_area_polygon_point__nextId:t="point13"
}

entity{
  _template:t="battle_area_polygon_point"
  transform:m=[[0.991501, 0.0, 0.1301] [0.0, 1.0, -0.0] [-0.1301, 0.0, 0.991501] [281.391, 1.91122, -332.285]]
  battle_area_polygon_point__forBattleAreaId:t="3_area1"
  battle_area_polygon_point__id:t="point13"
  battle_area_polygon_point__nextId:t="point14"
}

entity{
  _template:t="battle_area_polygon_point"
  transform:m=[[0.991501, 0.0, 0.1301] [0.0, 1.0, -0.0] [-0.1301, 0.0, 0.991501] [304.118, 1.91122, -437.569]]
  battle_area_polygon_point__forBattleAreaId:t="3_area1"
  battle_area_polygon_point__id:t="point14"
  battle_area_polygon_point__nextId:t="point15"
}

entity{
  _template:t="battle_area_polygon_point"
  transform:m=[[0.991501, 0.0, 0.1301] [0.0, 1.0, -0.0] [-0.1301, 0.0, 0.991501] [325.836, 1.91122, -484.273]]
  battle_area_polygon_point__forBattleAreaId:t="3_area1"
  battle_area_polygon_point__id:t="point15"
  battle_area_polygon_point__nextId:t="point1"
}

entity{
  _template:t="battle_area_polygon_point"
  transform:m=[[0.995043, 0.0, 0.0994526] [0.0, 1.0, -0.0] [-0.0994526, 0.0, 0.995043] [621.395, 1.64983, -267.983]]
  battle_area_polygon_point__forBattleAreaId:t="2a_area1"
  battle_area_polygon_point__id:t="point5"
  battle_area_polygon_point__nextId:t="point6"
}

entity{
  _template:t="battle_area_polygon_point"
  transform:m=[[0.994806, 0.0, 0.101796] [0.0, 1.0, -0.0] [-0.101796, 0.0, 0.994806] [593.182, 1.64983, -82.8121]]
  battle_area_polygon_point__forBattleAreaId:t="2a_area1"
  battle_area_polygon_point__id:t="point6"
  battle_area_polygon_point__nextId:t="point7"
}

entity{
  _template:t="battle_area_polygon_point"
  transform:m=[[0.994806, 0.0, 0.101796] [0.0, 1.0, -0.0] [-0.101796, 0.0, 0.994806] [341.15, 1.64983, -108.601]]
  battle_area_polygon_point__forBattleAreaId:t="2a_area1"
  battle_area_polygon_point__id:t="point7"
  battle_area_polygon_point__nextId:t="point8"
}

entity{
  _template:t="battle_area_polygon_point"
  transform:m=[[0.994806, 0.0, 0.101796] [0.0, 1.0, -0.0] [-0.101796, 0.0, 0.994806] [343.693, 1.64983, -338.842]]
  battle_area_polygon_point__forBattleAreaId:t="2a_area1"
  battle_area_polygon_point__id:t="point8"
  battle_area_polygon_point__nextId:t="point9"
}

entity{
  _template:t="battle_area_polygon_point"
  transform:m=[[0.928331, 0.0, 0.371758] [0.0, 1.0, -0.0] [-0.371758, 0.0, 0.928331] [365.21, 1.64983, -419.299]]
  battle_area_polygon_point__forBattleAreaId:t="2a_area1"
  battle_area_polygon_point__id:t="point9"
  battle_area_polygon_point__nextId:t="point1"
}

entity{
  _template:t="battle_area_polygon_point"
  transform:m=[[0.970142, 0.0, 0.242536] [0.0, 1.0, -0.0] [-0.242536, 0.0, 0.970142] [387.315, 3.32245, -349.593]]
  battle_area_polygon_point__forBattleAreaId:t="1_area2"
  battle_area_polygon_point__id:t="point8"
  battle_area_polygon_point__nextId:t="point9"
}

entity{
  _template:t="battle_area_polygon_point"
  transform:m=[[0.9389, 0.0, 0.344191] [0.0, 1.0, -0.0] [-0.344191, 0.0, 0.9389] [521.651, -0.415502, -572.318]]
  battle_area_polygon_point__forBattleAreaId:t="1_area2"
  battle_area_polygon_point__id:t="point10"
  battle_area_polygon_point__nextId:t="point1"
}

entity{
  _template:t="battle_area_polygon_point"
  transform:m=[[0.9389, 0.0, 0.344191] [0.0, 1.0, -0.0] [-0.344191, 0.0, 0.9389] [458.765, -0.415502, -583.444]]
  battle_area_polygon_point__forBattleAreaId:t="1_area2"
  battle_area_polygon_point__id:t="point9"
  battle_area_polygon_point__nextId:t="point10"
}

entity{
  _template:t="battle_area_polygon_point"
  transform:m=[[0.991409, 0.0, 0.130798] [0.0, 1.0, -0.0] [-0.130798, 0.0, 0.991409] [606.658, 3.89556, -20.8304]]
  battle_area_polygon_point__forBattleAreaId:t="1_area1"
  battle_area_polygon_point__id:t="point5"
  battle_area_polygon_point__nextId:t="point6"
}

entity{
  _template:t="battle_area_polygon_point"
  transform:m=[[0.991409, 0.0, 0.130798] [0.0, 1.0, -0.0] [-0.130798, 0.0, 0.991409] [469.663, 3.89556, -32.7495]]
  battle_area_polygon_point__forBattleAreaId:t="1_area1"
  battle_area_polygon_point__id:t="point6"
  battle_area_polygon_point__nextId:t="point7"
}

entity{
  _template:t="battle_area_polygon_point"
  transform:m=[[0.991409, 0.0, 0.130798] [0.0, 1.0, -0.0] [-0.130798, 0.0, 0.991409] [331.531, 3.89556, -46.7083]]
  battle_area_polygon_point__forBattleAreaId:t="1_area1"
  battle_area_polygon_point__id:t="point7"
  battle_area_polygon_point__nextId:t="point8"
}

entity{
  _template:t="battle_area_polygon_point"
  transform:m=[[0.991409, 0.0, 0.130798] [0.0, 1.0, -0.0] [-0.130798, 0.0, 0.991409] [334.491, 3.89556, -112.562]]
  battle_area_polygon_point__forBattleAreaId:t="1_area1"
  battle_area_polygon_point__id:t="point8"
  battle_area_polygon_point__nextId:t="point1"
}

entity{
  _template:t="battle_area_polygon_point"
  transform:m=[[0.937137, 0.0, 0.34896] [0.0, 1.0, -0.0] [-0.34896, 0.0, 0.937137] [603.122, 4.07727, -311.158]]
  battle_area_polygon_point__forBattleAreaId:t="4a_area1"
  battle_area_polygon_point__id:t="point1"
  battle_area_polygon_point__nextId:t="point2"
}

entity{
  _template:t="battle_area_polygon_point"
  transform:m=[[0.937137, 0.0, 0.34896] [0.0, 1.0, -0.0] [-0.34896, 0.0, 0.937137] [379.014, 4.07727, -389.287]]
  battle_area_polygon_point__forBattleAreaId:t="4a_area1"
  battle_area_polygon_point__id:t="point2"
  battle_area_polygon_point__nextId:t="point3"
}

entity{
  _template:t="battle_area_polygon_point"
  transform:m=[[0.937137, 0.0, 0.34896] [0.0, 1.0, -0.0] [-0.34896, 0.0, 0.937137] [352.733, 4.07727, -439.932]]
  battle_area_polygon_point__forBattleAreaId:t="4a_area1"
  battle_area_polygon_point__id:t="point3"
  battle_area_polygon_point__nextId:t="point4"
}

entity{
  _template:t="battle_area_polygon_point"
  transform:m=[[0.937137, 0.0, 0.34896] [0.0, 1.0, -0.0] [-0.34896, 0.0, 0.937137] [321.263, 4.07727, -462.388]]
  battle_area_polygon_point__forBattleAreaId:t="4a_area1"
  battle_area_polygon_point__id:t="point4"
  battle_area_polygon_point__nextId:t="point5"
}

entity{
  _template:t="battle_area_polygon_point"
  transform:m=[[0.984468, 0.0, 0.175563] [0.0, 1.0, -0.0] [-0.175563, 0.0, 0.984468] [311.712, 4.07727, -499.193]]
  battle_area_polygon_point__forBattleAreaId:t="4a_area1"
  battle_area_polygon_point__id:t="point5"
  battle_area_polygon_point__nextId:t="point6"
}

entity{
  _template:t="battle_area_polygon_point"
  transform:m=[[0.984468, 0.0, 0.175563] [0.0, 1.0, -0.0] [-0.175563, 0.0, 0.984468] [324.249, 4.07727, -569.494]]
  battle_area_polygon_point__forBattleAreaId:t="4a_area1"
  battle_area_polygon_point__id:t="point6"
  battle_area_polygon_point__nextId:t="point7"
}

entity{
  _template:t="battle_area_polygon_point"
  transform:m=[[0.984468, 0.0, 0.175563] [0.0, 1.0, -0.0] [-0.175563, 0.0, 0.984468] [317.993, 4.07727, -615.314]]
  battle_area_polygon_point__forBattleAreaId:t="4a_area1"
  battle_area_polygon_point__id:t="point7"
  battle_area_polygon_point__nextId:t="point8"
}

entity{
  _template:t="battle_area_polygon_point"
  transform:m=[[0.987665, 0.0, 0.15658] [0.0, 1.0, -0.0] [-0.15658, 0.0, 0.987665] [333.66, 4.07727, -703.168]]
  battle_area_polygon_point__forBattleAreaId:t="4a_area1"
  battle_area_polygon_point__id:t="point8"
  battle_area_polygon_point__nextId:t="point9"
}

entity{
  _template:t="battle_area_polygon_point"
  transform:m=[[0.987665, 0.0, 0.15658] [0.0, 1.0, -0.0] [-0.15658, 0.0, 0.987665] [627.751, 4.07727, -656.544]]
  battle_area_polygon_point__forBattleAreaId:t="4a_area1"
  battle_area_polygon_point__id:t="point9"
  battle_area_polygon_point__nextId:t="point10"
}

entity{
  _template:t="battle_area_polygon_point"
  transform:m=[[0.93444, 0.0, 0.35612] [0.0, 1.0, -0.0] [-0.35612, 0.0, 0.93444] [703.993, 4.07727, -605.959]]
  battle_area_polygon_point__forBattleAreaId:t="4a_area1"
  battle_area_polygon_point__id:t="point10"
  battle_area_polygon_point__nextId:t="point11"
}

entity{
  _template:t="battle_area_polygon_point"
  transform:m=[[0.93444, 0.0, 0.35612] [0.0, 1.0, -0.0] [-0.35612, 0.0, 0.93444] [644.747, 4.07727, -441.694]]
  battle_area_polygon_point__forBattleAreaId:t="4a_area1"
  battle_area_polygon_point__id:t="point11"
  battle_area_polygon_point__nextId:t="point1"
}

entity{
  _template:t="battle_area_polygon_point"
  transform:m=[[1.0, 0.0, 0.0] [0.0, 1.0, 0.0] [0.0, 0.0, 1.0] [156.152, 3.94534, -503.582]]
  battle_area_polygon_point__forBattleAreaId:t="4a_area2"
  battle_area_polygon_point__id:t="point1"
  battle_area_polygon_point__nextId:t="point2"
}

entity{
  _template:t="battle_area_polygon_point"
  transform:m=[[1.0, 0.0, 0.0] [0.0, 1.0, 0.0] [0.0, 0.0, 1.0] [165.562, 3.94534, -549.958]]
  battle_area_polygon_point__forBattleAreaId:t="4a_area2"
  battle_area_polygon_point__id:t="point2"
  battle_area_polygon_point__nextId:t="point3"
}

entity{
  _template:t="battle_area_polygon_point"
  transform:m=[[0.999104, 0.0, -0.0423248] [0.0, 1.0, 0.0] [0.0423248, -0.0, 0.999104] [177.129, 3.94534, -569.518]]
  battle_area_polygon_point__forBattleAreaId:t="4a_area2"
  battle_area_polygon_point__id:t="point3"
  battle_area_polygon_point__nextId:t="point4"
}

entity{
  _template:t="battle_area_polygon_point"
  transform:m=[[0.999104, 0.0, -0.0423248] [0.0, 1.0, 0.0] [0.0423248, -0.0, 0.999104] [167.731, 3.94534, -706.966]]
  battle_area_polygon_point__forBattleAreaId:t="4a_area2"
  battle_area_polygon_point__id:t="point4"
  battle_area_polygon_point__nextId:t="point5"
}

entity{
  _template:t="battle_area_polygon_point"
  transform:m=[[0.980914, 0.0, 0.194443] [0.0, 1.0, -0.0] [-0.194443, 0.0, 0.980914] [193.932, 3.94534, -724.274]]
  battle_area_polygon_point__forBattleAreaId:t="4a_area2"
  battle_area_polygon_point__id:t="point5"
  battle_area_polygon_point__nextId:t="point6"
}

entity{
  _template:t="battle_area_polygon_point"
  transform:m=[[0.980914, 0.0, 0.194443] [0.0, 1.0, -0.0] [-0.194443, 0.0, 0.980914] [317.012, 3.94534, -709.646]]
  battle_area_polygon_point__forBattleAreaId:t="4a_area2"
  battle_area_polygon_point__id:t="point6"
  battle_area_polygon_point__nextId:t="point7"
}

entity{
  _template:t="battle_area_polygon_point"
  transform:m=[[0.980914, 0.0, 0.194443] [0.0, 1.0, -0.0] [-0.194443, 0.0, 0.980914] [424.65, 3.94534, -693.264]]
  battle_area_polygon_point__forBattleAreaId:t="4a_area2"
  battle_area_polygon_point__id:t="point7"
  battle_area_polygon_point__nextId:t="point8"
}

entity{
  _template:t="battle_area_polygon_point"
  transform:m=[[0.987365, 0.0, 0.158462] [0.0, 1.0, -0.0] [-0.158462, 0.0, 0.987365] [429.281, 3.94534, -652.527]]
  battle_area_polygon_point__forBattleAreaId:t="4a_area2"
  battle_area_polygon_point__id:t="point8"
  battle_area_polygon_point__nextId:t="point9"
}

entity{
  _template:t="battle_area_polygon_point"
  transform:m=[[0.987365, 0.0, 0.158462] [0.0, 1.0, -0.0] [-0.158462, 0.0, 0.987365] [400.974, 3.94534, -476.15]]
  battle_area_polygon_point__forBattleAreaId:t="4a_area2"
  battle_area_polygon_point__id:t="point9"
  battle_area_polygon_point__nextId:t="point10"
}

entity{
  _template:t="battle_area_polygon_point"
  transform:m=[[0.987365, 0.0, 0.158462] [0.0, 1.0, -0.0] [-0.158462, 0.0, 0.987365] [387.813, 3.94534, -432.144]]
  battle_area_polygon_point__forBattleAreaId:t="4a_area2"
  battle_area_polygon_point__id:t="point10"
  battle_area_polygon_point__nextId:t="point11"
}

entity{
  _template:t="battle_area_polygon_point"
  transform:m=[[0.987365, 0.0, 0.158462] [0.0, 1.0, -0.0] [-0.158462, 0.0, 0.987365] [355.153, 3.94534, -396.699]]
  battle_area_polygon_point__forBattleAreaId:t="4a_area2"
  battle_area_polygon_point__id:t="point11"
  battle_area_polygon_point__nextId:t="point12"
}

entity{
  _template:t="battle_area_polygon_point"
  transform:m=[[0.942854, 0.0, 0.333207] [0.0, 1.0, -0.0] [-0.333207, 0.0, 0.942854] [343.174, 3.94534, -348.448]]
  battle_area_polygon_point__forBattleAreaId:t="4a_area2"
  battle_area_polygon_point__id:t="point12"
  battle_area_polygon_point__nextId:t="point13"
}

entity{
  _template:t="battle_area_polygon_point"
  transform:m=[[0.942854, 0.0, 0.333207] [0.0, 1.0, -0.0] [-0.333207, 0.0, 0.942854] [171.642, 3.94534, -405.333]]
  battle_area_polygon_point__forBattleAreaId:t="4a_area2"
  battle_area_polygon_point__id:t="point13"
  battle_area_polygon_point__nextId:t="point14"
}

entity{
  _template:t="battle_area_polygon_point"
  transform:m=[[0.942854, 0.0, 0.333207] [0.0, 1.0, -0.0] [-0.333207, 0.0, 0.942854] [142.48, 3.94534, -451.23]]
  battle_area_polygon_point__forBattleAreaId:t="4a_area2"
  battle_area_polygon_point__id:t="point14"
  battle_area_polygon_point__nextId:t="point1"
}

entity{
  _template:t="battle_area_polygon_point"
  transform:m=[[0.988862, 0.0, 0.148834] [0.0, 1.0, -0.0] [-0.148834, 0.0, 0.988862] [267.884, 3.29961, -610.538]]
  battle_area_polygon_point__forBattleAreaId:t="5a_area1"
  battle_area_polygon_point__id:t="point1"
  battle_area_polygon_point__nextId:t="point2"
}

entity{
  _template:t="battle_area_polygon_point"
  transform:m=[[0.988862, 0.0, 0.148834] [0.0, 1.0, -0.0] [-0.148834, 0.0, 0.988862] [257.44, 3.29961, -610.611]]
  battle_area_polygon_point__forBattleAreaId:t="5a_area1"
  battle_area_polygon_point__id:t="point2"
  battle_area_polygon_point__nextId:t="point3"
}

entity{
  _template:t="battle_area_polygon_point"
  transform:m=[[0.988862, 0.0, 0.148834] [0.0, 1.0, -0.0] [-0.148834, 0.0, 0.988862] [249.248, 3.29961, -621.257]]
  battle_area_polygon_point__forBattleAreaId:t="5a_area1"
  battle_area_polygon_point__id:t="point3"
  battle_area_polygon_point__nextId:t="point4"
}

entity{
  _template:t="battle_area_polygon_point"
  transform:m=[[0.988862, 0.0, 0.148834] [0.0, 1.0, -0.0] [-0.148834, 0.0, 0.988862] [254.927, 3.29961, -658.991]]
  battle_area_polygon_point__forBattleAreaId:t="5a_area1"
  battle_area_polygon_point__id:t="point4"
  battle_area_polygon_point__nextId:t="point5"
}

entity{
  _template:t="battle_area_polygon_point"
  transform:m=[[0.988862, 0.0, 0.148834] [0.0, 1.0, -0.0] [-0.148834, 0.0, 0.988862] [263.545, 3.29961, -716.25]]
  battle_area_polygon_point__forBattleAreaId:t="5a_area1"
  battle_area_polygon_point__id:t="point5"
  battle_area_polygon_point__nextId:t="point6"
}

entity{
  _template:t="battle_area_polygon_point"
  transform:m=[[0.988862, 0.0, 0.148834] [0.0, 1.0, -0.0] [-0.148834, 0.0, 0.988862] [471.066, 3.29961, -685.016]]
  battle_area_polygon_point__forBattleAreaId:t="5a_area1"
  battle_area_polygon_point__id:t="point6"
  battle_area_polygon_point__nextId:t="point7"
}

entity{
  _template:t="battle_area_polygon_point"
  transform:m=[[0.988862, 0.0, 0.148834] [0.0, 1.0, -0.0] [-0.148834, 0.0, 0.988862] [630.264, 3.29961, -661.056]]
  battle_area_polygon_point__forBattleAreaId:t="5a_area1"
  battle_area_polygon_point__id:t="point7"
  battle_area_polygon_point__nextId:t="point8"
}

entity{
  _template:t="battle_area_polygon_point"
  transform:m=[[0.939126, 0.0, 0.343574] [0.0, 1.0, -0.0] [-0.343574, 0.0, 0.939126] [655.523, 3.29961, -622.006]]
  battle_area_polygon_point__forBattleAreaId:t="5a_area1"
  battle_area_polygon_point__id:t="point8"
  battle_area_polygon_point__nextId:t="point9"
}

entity{
  _template:t="battle_area_polygon_point"
  transform:m=[[0.939126, 0.0, 0.343574] [0.0, 1.0, -0.0] [-0.343574, 0.0, 0.939126] [552.09, 3.29961, -339.283]]
  battle_area_polygon_point__forBattleAreaId:t="5a_area1"
  battle_area_polygon_point__id:t="point9"
  battle_area_polygon_point__nextId:t="point10"
}

entity{
  _template:t="battle_area_polygon_point"
  transform:m=[[0.939126, 0.0, 0.343574] [0.0, 1.0, -0.0] [-0.343574, 0.0, 0.939126] [447.213, 3.29961, -372.994]]
  battle_area_polygon_point__forBattleAreaId:t="5a_area1"
  battle_area_polygon_point__id:t="point10"
  battle_area_polygon_point__nextId:t="point11"
}

entity{
  _template:t="battle_area_polygon_point"
  transform:m=[[0.939126, 0.0, 0.343574] [0.0, 1.0, -0.0] [-0.343574, 0.0, 0.939126] [374.744, 3.29961, -398.748]]
  battle_area_polygon_point__forBattleAreaId:t="5a_area1"
  battle_area_polygon_point__id:t="point11"
  battle_area_polygon_point__nextId:t="point12"
}

entity{
  _template:t="battle_area_polygon_point"
  transform:m=[[0.939126, 0.0, 0.343574] [0.0, 1.0, -0.0] [-0.343574, 0.0, 0.939126] [319.014, 3.29961, -456.293]]
  battle_area_polygon_point__forBattleAreaId:t="5a_area1"
  battle_area_polygon_point__id:t="point12"
  battle_area_polygon_point__nextId:t="point13"
}

entity{
  _template:t="battle_area_polygon_point"
  transform:m=[[0.985101, 0.0, 0.17198] [0.0, 1.0, -0.0] [-0.17198, 0.0, 0.985101] [300.052, 3.29961, -493.775]]
  battle_area_polygon_point__forBattleAreaId:t="5a_area1"
  battle_area_polygon_point__id:t="point13"
  battle_area_polygon_point__nextId:t="point14"
}

entity{
  _template:t="battle_area_polygon_point"
  transform:m=[[0.999987, 0.0, -0.00524128] [0.0, 1.0, 0.0] [0.00524128, -0.0, 0.999987] [273.694, 3.29961, -498.526]]
  battle_area_polygon_point__forBattleAreaId:t="5a_area1"
  battle_area_polygon_point__id:t="point14"
  battle_area_polygon_point__nextId:t="point15"
}

entity{
  _template:t="battle_area_polygon_point"
  transform:m=[[0.939126, 0.0, 0.343574] [0.0, 1.0, -0.0] [-0.343574, 0.0, 0.939126] [268.598, 3.29961, -555.859]]
  battle_area_polygon_point__forBattleAreaId:t="5a_area1"
  battle_area_polygon_point__id:t="point15"
  battle_area_polygon_point__nextId:t="point16"
}

entity{
  _template:t="battle_area_polygon_point"
  transform:m=[[0.939126, 0.0, 0.343574] [0.0, 1.0, -0.0] [-0.343574, 0.0, 0.939126] [264.472, 3.29961, -589.357]]
  battle_area_polygon_point__forBattleAreaId:t="5a_area1"
  battle_area_polygon_point__id:t="point16"
  battle_area_polygon_point__nextId:t="point1"
}

entity{
  _template:t="battle_area_polygon_point"
  transform:m=[[1.0, 0.0, 0.0] [0.0, 1.0, 0.0] [0.0, 0.0, 1.0] [171.654, 4.02383, -311.429]]
  battle_area_polygon_point__forBattleAreaId:t="5a_area2"
  battle_area_polygon_point__id:t="point1"
  battle_area_polygon_point__nextId:t="point2"
}

entity{
  _template:t="battle_area_polygon_point"
  transform:m=[[1.0, 0.0, 0.0] [0.0, 1.0, 0.0] [0.0, 0.0, 1.0] [155.959, 4.02383, -448.413]]
  battle_area_polygon_point__forBattleAreaId:t="5a_area2"
  battle_area_polygon_point__id:t="point2"
  battle_area_polygon_point__nextId:t="point3"
}

entity{
  _template:t="battle_area_polygon_point"
  transform:m=[[1.0, 0.0, 0.0] [0.0, 1.0, 0.0] [0.0, 0.0, 1.0] [138.225, 4.02383, -470.11]]
  battle_area_polygon_point__forBattleAreaId:t="5a_area2"
  battle_area_polygon_point__id:t="point3"
  battle_area_polygon_point__nextId:t="point4"
}

entity{
  _template:t="battle_area_polygon_point"
  transform:m=[[1.0, 0.0, 0.0] [0.0, 1.0, 0.0] [0.0, 0.0, 1.0] [155.873, 4.02383, -526.525]]
  battle_area_polygon_point__forBattleAreaId:t="5a_area2"
  battle_area_polygon_point__id:t="point4"
  battle_area_polygon_point__nextId:t="point5"
}

entity{
  _template:t="battle_area_polygon_point"
  transform:m=[[1.0, 0.0, 0.0] [0.0, 1.0, 0.0] [0.0, 0.0, 1.0] [163.912, 4.02383, -546.472]]
  battle_area_polygon_point__forBattleAreaId:t="5a_area2"
  battle_area_polygon_point__id:t="point5"
  battle_area_polygon_point__nextId:t="point6"
}

entity{
  _template:t="battle_area_polygon_point"
  transform:m=[[1.0, 0.0, 0.0] [0.0, 1.0, 0.0] [0.0, 0.0, 1.0] [176.893, 4.02383, -567.226]]
  battle_area_polygon_point__forBattleAreaId:t="5a_area2"
  battle_area_polygon_point__id:t="point6"
  battle_area_polygon_point__nextId:t="point7"
}

entity{
  _template:t="battle_area_polygon_point"
  transform:m=[[0.997531, 0.0, -0.0702346] [0.0, 1.0, 0.0] [0.0702346, -0.0, 0.997531] [164.559, 4.02383, -727.763]]
  battle_area_polygon_point__forBattleAreaId:t="5a_area2"
  battle_area_polygon_point__id:t="point7"
  battle_area_polygon_point__nextId:t="point8"
}

entity{
  _template:t="battle_area_polygon_point"
  transform:m=[[0.989756, 0.0, 0.142769] [0.0, 1.0, -0.0] [-0.142769, 0.0, 0.989756] [319.427, 4.02383, -705.361]]
  battle_area_polygon_point__forBattleAreaId:t="5a_area2"
  battle_area_polygon_point__id:t="point8"
  battle_area_polygon_point__nextId:t="point9"
}

entity{
  _template:t="battle_area_polygon_point"
  transform:m=[[0.989756, 0.0, 0.142769] [0.0, 1.0, -0.0] [-0.142769, 0.0, 0.989756] [308.957, 4.02383, -627.604]]
  battle_area_polygon_point__forBattleAreaId:t="5a_area2"
  battle_area_polygon_point__id:t="point9"
  battle_area_polygon_point__nextId:t="point10"
}

entity{
  _template:t="battle_area_polygon_point"
  transform:m=[[0.986629, 0.0, 0.162984] [0.0, 1.0, -0.0] [-0.162984, 0.0, 0.986629] [355.895, 4.02383, -620.11]]
  battle_area_polygon_point__forBattleAreaId:t="5a_area2"
  battle_area_polygon_point__id:t="point10"
  battle_area_polygon_point__nextId:t="point11"
}

entity{
  _template:t="battle_area_polygon_point"
  transform:m=[[0.989756, 0.0, 0.142769] [0.0, 1.0, -0.0] [-0.142769, 0.0, 0.989756] [348.683, 4.02383, -552.555]]
  battle_area_polygon_point__forBattleAreaId:t="5a_area2"
  battle_area_polygon_point__id:t="point11"
  battle_area_polygon_point__nextId:t="point12"
}

entity{
  _template:t="battle_area_polygon_point"
  transform:m=[[0.989756, 0.0, 0.142769] [0.0, 1.0, -0.0] [-0.142769, 0.0, 0.989756] [371.733, 4.02383, -515.295]]
  battle_area_polygon_point__forBattleAreaId:t="5a_area2"
  battle_area_polygon_point__id:t="point12"
  battle_area_polygon_point__nextId:t="point13"
}

entity{
  _template:t="battle_area_polygon_point"
  transform:m=[[0.989756, 0.0, 0.142769] [0.0, 1.0, -0.0] [-0.142769, 0.0, 0.989756] [361.645, 4.02383, -443.651]]
  battle_area_polygon_point__forBattleAreaId:t="5a_area2"
  battle_area_polygon_point__id:t="point13"
  battle_area_polygon_point__nextId:t="point14"
}

entity{
  _template:t="battle_area_polygon_point"
  transform:m=[[0.983517, 0.0, -0.180815] [0.0, 1.0, 0.0] [0.180815, -0.0, 0.983517] [326.1, 4.02383, -338.272]]
  battle_area_polygon_point__forBattleAreaId:t="5a_area2"
  battle_area_polygon_point__id:t="point14"
  battle_area_polygon_point__nextId:t="point1"
}

entity{
  _template:t="battle_area_polygon_point"
  transform:m=[[1.0, 0.0, 0.0] [0.0, 1.0, 0.0] [0.0, 0.0, 1.0] [269.333, 3.29863, -578.359]]
  battle_area_polygon_point__forBattleAreaId:t="4b_area1"
  battle_area_polygon_point__id:t="point1"
  battle_area_polygon_point__nextId:t="point2"
}

entity{
  _template:t="battle_area_polygon_point"
  transform:m=[[0.98106, 0.0, 0.193706] [0.0, 1.0, -0.0] [-0.193706, 0.0, 0.98106] [267.505, 3.29863, -597.957]]
  battle_area_polygon_point__forBattleAreaId:t="4b_area1"
  battle_area_polygon_point__id:t="point2"
  battle_area_polygon_point__nextId:t="point3"
}

entity{
  _template:t="battle_area_polygon_point"
  transform:m=[[0.988841, 0.0, 0.148975] [0.0, 1.0, -0.0] [-0.148975, 0.0, 0.988841] [288.165, 3.29863, -708.1]]
  battle_area_polygon_point__forBattleAreaId:t="4b_area1"
  battle_area_polygon_point__id:t="point3"
  battle_area_polygon_point__nextId:t="point4"
}

entity{
  _template:t="battle_area_polygon_point"
