import{
  scene:t="content/enlisted/gamedata/scenes/_berlin_opera_gpu_objects.blk"
  scene:t="content/enlisted/gamedata/scenes/_berlin_opera_biom_fx.blk"
  scene:t="content/enlisted/gamedata/scenes/_berlin_opera_background_fx.blk"
  scene:t="content/enlisted/gamedata/scenes/_berlin_opera_projectors.blk"
  scene:t="content/enlisted/gamedata/scenes/_berlin_opera_tracers.blk"
}

import{
  scene:t="content/enlisted/gamedata/scenes/_berlin_city_battle_sounds.blk"
}

entity{
  _template:t="shaderVars"

  "shader_vars__vars:object"{
    hmap_displacement_up:r=0.3
    ocean1:c=142, 137, 71, 0
    ocean0:c=76, 63, 5, 0
    ocean_density:r=0.1
    puddle_hardness:r=12.0
    puddle_flat_noise_normal_effect:r=0.015
    puddle_flat_normal_hardness:r=25.0
    layered_fog_density:r=0.005
    land_selfillum_worldscale:r=1.0
    river1:c=64, 64, 29, 0
    river0:c=49, 47, 41, 0
    hmap_displacement_down:r=-0.15
    puddle_flat_hmap_reduce:r=-0.2
    leaves_ss_profile:p4=1.0, 1.0, 1.0, 0.0
    autodetect_land_selfillum_color:p4=0.176, 0.051, 0.0, 0.094
    paint_details_tex:t="berlin_wall_color_tex_palette*"
    layered_fog_height:r=20.0
    puddle_increase:r=0.0
    land_selfillum_strength:r=50.0
    water_color_noise_size:r=71.0
    puddle_flat_noise_height_reduce:r=0.09
    water_depth_hardness:r=0.41
    river_density:r=10.0
  }
}

entity{
  _template:t="postfx_color_grading_tonemap_death_alive_enlisted"
}

entity{
  _template:t="postfx_roundctrl"

  "post_fx:object"{
  }
}

entity{
  _template:t="water"
  water__strength:r=0.3
  water__level:r=-1.0
}

entity{
  _template:t="wind"
  wind__strength:r=2.3
  wind__dir:r=0.0
}

entity{
  _template:t="minimap_berlin_invasion"
}

entity{
  _template:t="door_mult_ent_generator"
  ri_extra_gen__blk:t="content/e_berlin/gamedata/berlin_doors.blk"
}

entity{
  _template:t="session_finalizer"
  session_finalizer__timer:r=10.0
}

entity{
  _template:t="camera_dust_template"
}

entity{
  _template:t="enemy_attack_marker"
}

entity{
  _template:t="static_cam"
  camera__active:b=yes
  transform:m=[[0.969129, 0.0, 0.246552] [0.00271484, 0.999939, -0.0106714] [-0.246537, 0.0110112, 0.96907] [523.003, 12.9123, -293.587]]
}

entity{
  _template:t="briefing_domination"
  mission_name:t="berlin_wilhelm_dom"

  "loading_images:list<t>"{
    item:t="ui/berlin_wilhelm_01.jpg"
    item:t="ui/berlin_wilhelm_02.jpg"
    item:t="ui/berlin_wilhelm_03.jpg"
  }
}

entity{
  _template:t="team_ussr_berlin+team_narrator_domination+respawn_creators_team"
  team__id:i=1
  team__score:r=2500.0
  team__scoreCap:r=2500.0
  score_bleed__domBleed:r=4.0
  score_bleed__domBleedOn:b=no
  score_bleed__totalDomZoneCount:i=3
  score_bleed__totalDomBleedMul:r=2.0
  score_bleed__totalDomBleedOn:b=no
  team__briefing:t="domination/common_goals"
  team__numZonesCaptured:i=0
  team__deathPenalty:r=2.0
  team__spawnBotArmy:t="moscow_allies"
}

entity{
  _template:t="team_germany_berlin+team_narrator_domination+respawn_creators_team"
  team__id:i=2
  team__score:r=2500.0
  team__scoreCap:r=2500.0
  score_bleed__domBleed:r=4.0
  score_bleed__domBleedOn:b=no
  score_bleed__totalDomZoneCount:i=3
  score_bleed__totalDomBleedMul:r=2.0
  score_bleed__totalDomBleedOn:b=no
  team__briefing:t="domination/common_goals"
  team__numZonesCaptured:i=0
  team__deathPenalty:r=2.0
  team__spawnBotArmy:t="moscow_axis"
}

entity{
  _template:t="spawn_switcher"
  swapProbability:r=0.5
  team1:i=2
  team2:i=1
}

entity{
  _template:t="domination_sphere_capzone"
  transform:m=[[-0.176679, 0.0, 0.984269] [0.0, 1.0, 0.0] [-0.984269, 0.0, -0.176679] [504.052, 3.24142, -232.851]]
  sphere_zone__radius:r=15.0
  capzone__title:t="B"
  capzone__caption:t="capzone/artillery_emplacement"
  decal__height:r=0.3
  decal__thickness:r=0.3
}

entity{
  _template:t="respawnChooser+respTeam1"
  transform:m=[[0.517369, 0.0, -0.85576] [0.0, 1.0, 0.0] [0.85576, 0.0, 0.517369] [450.7, 4.19095, -103.804]]
  respawnBaseGroup:i=1
}

entity{
  _template:t="respawnChooser+respVehicle"
  transform:m=[[0.314944, 0.0, -0.94911] [0.0, 1.0, 0.0] [0.94911, 0.0, 0.314944] [454.617, 4.15866, -94.6872]]
  team:i=1
  maxVehicleOnSpawn:i=2
  respTime:i=120
}

entity{
  _template:t="respawnChooser+respVehicle"
  transform:m=[[-0.235293, 0.0, 0.971925] [0.0, 1.0, 0.0] [-0.971925, 0.0, -0.235293] [543.586, 4.28451, -369.091]]
  team:i=2
  maxVehicleOnSpawn:i=2
  respTime:i=120
}

entity{
  _template:t="respawnChooser+respTeam2"
  transform:m=[[-0.273071, 0.0, 0.961995] [0.0, 1.0, 0.0] [-0.961995, 0.0, -0.273071] [530.128, 4.36808, -354.484]]
  respawnBaseGroup:i=1
}

entity{
  _template:t="respawn_camera"
  respawnCameraForTeam:i=1
  transform:m=[[1.0, 0.0, 0.0] [0.0, 1.0, 0.0] [0.0, 0.0, 1.0] [118.008, 308.34, -490.507]]
}

entity{
  _template:t="respawn_camera"
  respawnCameraForTeam:i=2
  transform:m=[[1.0, 0.0, 0.0] [0.0, 1.0, 0.0] [0.0, 0.0, 1.0] [960.263, 310.17, -290.264]]
}

entity{
  _template:t="poly_battle_area"
  transform:m=[[1.0, 0.0, 0.0] [0.0, 1.0, 0.0] [0.0, 0.0, 1.0] [0.0, 0.0, 0.0]]
  battle_area__timeToDamage:r=10.0
  battle_area__damage:r=1.0
  battle_area__team:i=1
  battleAreaId:t="area1"
}

entity{
  _template:t="poly_battle_area"
  transform:m=[[1.0, 0.0, 0.0] [0.0, 1.0, 0.0] [0.0, 0.0, 1.0] [0.0, 0.0, 0.0]]
  battle_area__timeToDamage:r=10.0
  battle_area__damage:r=1.0
  battle_area__team:i=2
  battleAreaId:t="area2"
}

entity{
  _template:t="aircraft_box_battle_area"
  transform:m=[[6330.02, 0.0, 2710.95] [0.0, 3713.36, 0.0] [-3313.24, 0.0, 7736.39] [388.666, 240.916, -79.4068]]
  battle_area__timeToDamage:r=30.0
  battle_area__damage:r=1.0
  battle_area__team:i=-1
}

entity{
  _template:t="respawnChooser+respTeam1"
  transform:m=[[0.232309, 0.0, -0.972643] [0.0, 1.0, 0.0] [0.972643, 0.0, 0.232309] [471.921, 4.11165, -105.731]]
  respawnBaseGroup:i=1
}

entity{
  _template:t="resupply_for_ground_vehicle_zone"
  transform:m=[[1.0, 0.0, 0.0] [0.0, 1.0, 0.0] [0.0, 0.0, 1.0] [347.67, 4.52459, -249.339]]
  sphere_zone__radius:r=8.0
  resupply_zone__team:i=2
}

entity{
  _template:t="resupply_for_ground_vehicle_zone"
  transform:m=[[1.0, 0.0, 0.0] [0.0, 1.0, 0.0] [0.0, 0.0, 1.0] [621.653, 3.28375, -218.799]]
  sphere_zone__radius:r=8.0
  resupply_zone__team:i=1
}

entity{
  _template:t="respAircraftInAir"
  transform:m=[[-0.682159, 0.0, -0.731204] [0.0, 1.0, 0.0] [0.731204, 0.0, -0.682159] [2206.96, 1150.28, 969.575]]
  respawnbaseType:t="aircraft_fighter"
  team:i=1
  maxVehicleOnSpawn:i=2
  respTime:i=120
}

entity{
  _template:t="respAircraftInAir"
  transform:m=[[-0.941589, 0.0, -0.336766] [0.0, 1.0, 0.0] [0.336766, 0.0, -0.941589] [2305.58, 1164.57, 697.47]]
  respawnbaseType:t="aircraft_assault"
  team:i=1
  maxVehicleOnSpawn:i=2
  respTime:i=120
}

entity{
  _template:t="respAircraftInAir"
  respawnbaseType:t="aircraft_fighter"
  transform:m=[[0.719702, 0.0, 0.694283] [0.0, 1.0, 0.0] [-0.694283, 0.0, 0.719702] [-622.572, 1001.02, -863.055]]
  team:i=2
  maxVehicleOnSpawn:i=2
  respTime:i=120
}

entity{
  _template:t="respAircraftInAir"
  respawnbaseType:t="aircraft_assault"
  transform:m=[[0.719702, 0.0, 0.694283] [0.0, 1.0, 0.0] [-0.694283, 0.0, 0.719702] [-651.192, 1001.02, -816.755]]
  team:i=2
  maxVehicleOnSpawn:i=2
  respTime:i=120
}

entity{
  _template:t="resupply_in_air_zone"
  transform:m=[[-0.157002, 0.0, -0.987599] [0.0, 1.0, 0.0] [0.987599, 0.0, -0.157002] [1498.53, 1263.7, 2290.51]]
  resupply_zone__team:i=1
  sphere_zone__radius:r=500.0
}

entity{
  _template:t="resupply_in_air_zone"
  transform:m=[[-0.157002, 0.0, -0.987599] [0.0, 1.0, 0.0] [0.987599, 0.0, -0.157002] [31.6071, 1289.56, -2581.0]]
  resupply_zone__team:i=2
  sphere_zone__radius:r=500.0
}

entity{
  _template:t="respawnChooser+respTeam2"
  transform:m=[[-0.372124, 0.0, 0.928184] [0.0, 1.0, 0.0] [-0.928184, 0.0, -0.372124] [551.785, 4.74578, -356.15]]
}

entity{
  _template:t="battle_area_polygon_point"
  transform:m=[[1.0, 0.0, 0.0] [0.0, 1.0, 0.0] [0.0, 0.0, 1.0] [544.057, 3.29912, -32.659]]
  battle_area_polygon_point__forBattleAreaId:t="area2"
  battle_area_polygon_point__id:t="point1"
  battle_area_polygon_point__nextId:t="point2"
}

entity{
  _template:t="battle_area_polygon_point"
  transform:m=[[1.0, 0.0, 0.0] [0.0, 1.0, 0.0] [0.0, 0.0, 1.0] [288.877, 3.2789, -63.9512]]
  battle_area_polygon_point__forBattleAreaId:t="area2"
  battle_area_polygon_point__id:t="point2"
  battle_area_polygon_point__nextId:t="point3"
}

entity{
  _template:t="battle_area_polygon_point"
  transform:m=[[1.0, 0.0, 0.0] [0.0, 1.0, 0.0] [0.0, 0.0, 1.0] [336.973, 3.29861, -491.234]]
  battle_area_polygon_point__forBattleAreaId:t="area2"
  battle_area_polygon_point__id:t="point3"
  battle_area_polygon_point__nextId:t="point4"
}

entity{
  _template:t="battle_area_polygon_point"
  transform:m=[[1.0, 0.0, 0.0] [0.0, 1.0, 0.0] [0.0, 0.0, 1.0] [480.946, 3.2218, -468.078]]
  battle_area_polygon_point__forBattleAreaId:t="area2"
  battle_area_polygon_point__id:t="point4"
  battle_area_polygon_point__nextId:t="point5"
}

entity{
  _template:t="battle_area_polygon_point"
  transform:m=[[1.0, 0.0, 0.0] [0.0, 1.0, 0.0] [0.0, 0.0, 1.0] [618.513, 3.30107, -416.93]]
  battle_area_polygon_point__forBattleAreaId:t="area2"
  battle_area_polygon_point__id:t="point5"
  battle_area_polygon_point__nextId:t="point6"
}

entity{
  _template:t="battle_area_polygon_point"
  transform:m=[[1.0, 0.0, 0.0] [0.0, 1.0, 0.0] [0.0, 0.0, 1.0] [560.097, 6.9494, -253.06]]
  battle_area_polygon_point__forBattleAreaId:t="area2"
  battle_area_polygon_point__id:t="point6"
  battle_area_polygon_point__nextId:t="point1"
}

entity{
  _template:t="battle_area_polygon_point"
  transform:m=[[1.0, 0.0, 0.0] [0.0, 1.0, 0.0] [0.0, 0.0, 1.0] [616.844, 3.27251, -23.4204]]
  battle_area_polygon_point__forBattleAreaId:t="area1"
  battle_area_polygon_point__id:t="point1"
  battle_area_polygon_point__nextId:t="point2"
}

entity{
  _template:t="battle_area_polygon_point"
  transform:m=[[1.0, 0.0, 0.0] [0.0, 1.0, 0.0] [0.0, 0.0, 1.0] [399.559, 4.54496, -49.9942]]
  battle_area_polygon_point__forBattleAreaId:t="area1"
  battle_area_polygon_point__id:t="point2"
  battle_area_polygon_point__nextId:t="point3"
}

entity{
  _template:t="battle_area_polygon_point"
  transform:m=[[1.0, 0.0, 0.0] [0.0, 1.0, 0.0] [0.0, 0.0, 1.0] [422.89, 4.78447, -250.18]]
  battle_area_polygon_point__forBattleAreaId:t="area1"
  battle_area_polygon_point__id:t="point3"
  battle_area_polygon_point__nextId:t="point4"
}

entity{
  _template:t="battle_area_polygon_point"
  transform:m=[[1.0, 0.0, 0.0] [0.0, 1.0, 0.0] [0.0, 0.0, 1.0] [446.425, 4.78447, -313.837]]
  battle_area_polygon_point__forBattleAreaId:t="area1"
  battle_area_polygon_point__id:t="point4"
  battle_area_polygon_point__nextId:t="point5"
}

entity{
  _template:t="battle_area_polygon_point"
  transform:m=[[1.0, 0.0, 0.0] [0.0, 1.0, 0.0] [0.0, 0.0, 1.0] [429.293, 4.78447, -320.033]]
  battle_area_polygon_point__forBattleAreaId:t="area1"
  battle_area_polygon_point__id:t="point5"
  battle_area_polygon_point__nextId:t="point6"
}

entity{
  _template:t="battle_area_polygon_point"
  transform:m=[[1.0, 0.0, 0.0] [0.0, 1.0, 0.0] [0.0, 0.0, 1.0] [480.929, 3.2809, -468.105]]
  battle_area_polygon_point__forBattleAreaId:t="area1"
  battle_area_polygon_point__id:t="point6"
  battle_area_polygon_point__nextId:t="point7"
}

entity{
  _template:t="battle_area_polygon_point"
  transform:m=[[1.0, 0.0, 0.0] [0.0, 1.0, 0.0] [0.0, 0.0, 1.0] [720.685, 7.13307, -378.84]]
  battle_area_polygon_point__forBattleAreaId:t="area1"
  battle_area_polygon_point__id:t="point7"
  battle_area_polygon_point__nextId:t="point1"
}

entity{
  _template:t="level"
  level__blk:t="content/enlisted/levels/battle_of_berlin.blk"
  level__timeRange:p2=5.0, 19.2

  "level__weatherChoice:object"{
    weather_cloudy_d:r=1.0
  }

  "level__timeVec:array"{
    level_timeVec:r=15.0
  }
}

entity{
  _template:t="respawnChooser+respMotorcycle"
  active:b=no
  transform:m=[[0.314944, 0.0, -0.94911] [0.0, 1.0, 0.0] [0.94911, 0.0, 0.314944] [454.617, 4.15866, -94.6872]]
  team:i=1
}

entity{
  _template:t="respawnChooser+respMotorcycle"
  active:b=no
  transform:m=[[-0.235293, 0.0, 0.971925] [0.0, 1.0, 0.0] [-0.971925, 0.0, -0.235293] [543.586, 4.28451, -369.091]]
  team:i=2
}