import{
  scene:t="content/enlisted/gamedata/scenes/_berlin_city_battle_sounds.blk"
}

entity{
  _template:t="shaderVars"

  "shader_vars__vars:object"{
    hmap_displacement_up:r=0.3
    ocean1:c=142, 137, 71, 0
    ocean0:c=76, 63, 5, 0
    ocean_density:r=0.1
    puddle_hardness:r=12.0
    puddle_flat_noise_normal_effect:r=0.015
    puddle_flat_normal_hardness:r=25.0
    layered_fog_density:r=0.005
    land_selfillum_worldscale:r=1.0
    river1:c=64, 64, 29, 0
    river0:c=49, 47, 41, 0
    hmap_displacement_down:r=-0.15
    puddle_flat_hmap_reduce:r=-0.2
    leaves_ss_profile:p4=1.0, 1.0, 1.0, 0.0
    autodetect_land_selfillum_color:p4=0.176, 0.051, 0.0, 0.094
    paint_details_tex:t="berlin_wall_color_tex_palette*"
    layered_fog_height:r=20.0
    puddle_increase:r=0.0
    land_selfillum_strength:r=50.0
    water_color_noise_size:r=71.0
    puddle_flat_noise_height_reduce:r=0.09
    water_depth_hardness:r=0.41
    river_density:r=10.0
  }
}

entity{
  _template:t="postfx_color_grading_tonemap_death_alive_enlisted"
}

entity{
  _template:t="postfx_roundctrl"

  "post_fx:object"{
  }
}

entity{
  _template:t="wind"
  wind__strength:r=1.3
  wind__dir:r=190.0
}

entity{
  _template:t="minimap_berlin_invasion"
}

entity{
  _template:t="door_mult_ent_generator"
  ri_extra_gen__blk:t="content/e_berlin/gamedata/berlin_doors.blk"
}

entity{
  _template:t="session_finalizer"
  session_finalizer__timer:r=10.0
}

entity{
  _template:t="snow"
  snow__alpha_fade_speed_end:r=10.0
  snow__alpha_fade_speed_begin:r=2.0
  snow__speed:r=0.001
  snow__width:r=0.0225
  snow__wind:r=12.0
  snow__alpha:r=6.75
  snow__density:r=0.005
  snow__length:r=0.0
}

entity{
  _template:t="ri_gpu_object"
  ri_gpu_object__name:t="decal_broken_glass_a"
  ri_gpu_object__biom_indexes:p4=33.0, -1.0, -1.0, -1.0
  ri_gpu_object__grid_size:i=8
  ri_gpu_object__grid_tiling:i=1
  ri_gpu_object__cell_size:r=8.0
  ri_gpu_object__incline_delta:r=0.0
  ri_gpu_object__scale_range:p2=1.0, 1.75
  ri_gpu_object__rotate_range:p2=180.0, 360.0
  ri_gpu_object__seed:i=3
  ri_gpu_object__is_using_normal:b=no
  ri_gpu_object__up_vector:p3=0.0, 1.0, 0.0
  ri_gpu_object__decal:b=yes
  ri_gpu_object__transparent:b=yes
}

entity{
  _template:t="ri_gpu_object"
  ri_gpu_object__name:t="decal_broken_glass_a"
  ri_gpu_object__biom_indexes:p4=51.0, -1.0, -1.0, -1.0
  ri_gpu_object__grid_size:i=8
  ri_gpu_object__grid_tiling:i=1
  ri_gpu_object__cell_size:r=16.0
  ri_gpu_object__incline_delta:r=0.0
  ri_gpu_object__scale_range:p2=1.0, 1.25
  ri_gpu_object__rotate_range:p2=180.0, 360.0
  ri_gpu_object__seed:i=3
  ri_gpu_object__is_using_normal:b=no
  ri_gpu_object__up_vector:p3=0.0, 1.0, 0.0
  ri_gpu_object__decal:b=yes
  ri_gpu_object__transparent:b=yes

  "ri_gpu_object__multiple_objects:array"{

    "ri_gpu_object__multiple_objects:object"{
      name:t="decal_broken_glass_a"
      weight:r=0.3
    }

    "ri_gpu_object__multiple_objects:object"{
      name:t="decal_paper_trash_b"
      weight:r=1.0
    }
  }
}

entity{
  _template:t="ri_gpu_object"
  ri_gpu_object__name:t="debris_bricks_a"
  ri_gpu_object__biom_indexes:p4=33.0, 51.0, 50.0, -1.0
  ri_gpu_object__grid_size:i=8
  ri_gpu_object__grid_tiling:i=5
  ri_gpu_object__cell_size:r=16.0
  ri_gpu_object__incline_delta:r=10.0
  ri_gpu_object__scale_range:p2=0.9, 1.05
  ri_gpu_object__rotate_range:p2=0.0, 960.0
  ri_gpu_object__seed:i=812
  ri_gpu_object__is_using_normal:b=yes

  "ri_gpu_object__multiple_objects:array"{

    "ri_gpu_object__multiple_objects:object"{
      name:t="debris_bricks_a"
      weight:r=1.0
    }

    "ri_gpu_object__multiple_objects:object"{
      name:t="debris_bricks_b"
      weight:r=1.0
    }

    "ri_gpu_object__multiple_objects:object"{
      name:t="debris_bricks_c"
      weight:r=0.5
    }

    "ri_gpu_object__multiple_objects:object"{
      name:t="debris_bricks_d"
      weight:r=1.0
    }

    "ri_gpu_object__multiple_objects:object"{
      name:t="debris_trash_concrete_small_part_c3"
      weight:r=1.0
    }

    "ri_gpu_object__multiple_objects:object"{
      name:t="debris_trash_concrete_small_part_c2"
      weight:r=1.0
    }

    "ri_gpu_object__multiple_objects:object"{
      name:t="debris_trash_concrete_small_part_b3"
      weight:r=0.5
    }

    "ri_gpu_object__multiple_objects:object"{
      name:t="debris_trash_concrete_small_part_b1"
      weight:r=0.5
    }
  }
}

entity{
  _template:t="ri_gpu_object"
  ri_gpu_object__name:t="debris_bricks_a"
  ri_gpu_object__biom_indexes:p4=33.0, 50.0, -1.0, -1.0
  ri_gpu_object__grid_size:i=8
  ri_gpu_object__grid_tiling:i=5
  ri_gpu_object__cell_size:r=16.0
  ri_gpu_object__incline_delta:r=0.0
  ri_gpu_object__scale_range:p2=0.9, 1.05
  ri_gpu_object__rotate_range:p2=0.0, 960.0
  ri_gpu_object__seed:i=112
  ri_gpu_object__is_using_normal:b=yes

  "ri_gpu_object__multiple_objects:array"{

    "ri_gpu_object__multiple_objects:object"{
      name:t="debris_wooden_plank_a"
      weight:r=1.0
    }

    "ri_gpu_object__multiple_objects:object"{
      name:t="debris_wooden_plank_c"
      weight:r=0.5
    }

    "ri_gpu_object__multiple_objects:object"{
      name:t="wooden_beam_g"
      weight:r=1.0
    }

    "ri_gpu_object__multiple_objects:object"{
      name:t="wooden_beam_k"
      weight:r=0.5
    }

    "ri_gpu_object__multiple_objects:object"{
      name:t="wooden_beam_l"
      weight:r=0.5
    }

    "ri_gpu_object__multiple_objects:object"{
      name:t="debris_trash_pile_small_a"
      weight:r=1.0
    }

    "ri_gpu_object__multiple_objects:object"{
      name:t="debris_trash_pile_small_g"
      weight:r=0.5
    }

    "ri_gpu_object__multiple_objects:object"{
      name:t="debris_trash_pile_small_j"
      weight:r=0.5
    }

    "ri_gpu_object__multiple_objects:object"{
      name:t="debris_trash_pile_small_f"
      weight:r=0.5
    }
  }
}

entity{
  _template:t="ri_gpu_object"
  ri_gpu_object__name:t="tree_burnt_branches_small_a"
  ri_gpu_object__biom_indexes:p4=56.0, 12.0, -1.0, -1.0
  ri_gpu_object__grid_size:i=8
  ri_gpu_object__grid_tiling:i=1
  ri_gpu_object__cell_size:r=16.0
  ri_gpu_object__incline_delta:r=0.0
  ri_gpu_object__scale_range:p2=0.9, 1.5
  ri_gpu_object__rotate_range:p2=0.0, 960.0
  ri_gpu_object__seed:i=112
  ri_gpu_object__is_using_normal:b=yes

  "ri_gpu_object__multiple_objects:array"{

    "ri_gpu_object__multiple_objects:object"{
      name:t="tree_burnt_branches_small_a"
      weight:r=0.5
    }

    "ri_gpu_object__multiple_objects:object"{
      name:t="tree_burnt_branches_small_b"
      weight:r=1.0
    }

    "ri_gpu_object__multiple_objects:object"{
      name:t="tree_burnt_branches_small_c"
      weight:r=1.0
    }

    "ri_gpu_object__multiple_objects:object"{
      name:t="tree_burnt_branches_small_d"
      weight:r=1.0
    }
  }
}

entity{
  _template:t="ground_effect"
  ground_effect__fx_name:t="chimney_exhaust"
  ground_effect__biome_group_name:t="burnt_field"
  ground_effect__rot_z:p2=75.0, 10.0
  ground_effect__offset_x:p2=0.0, 5.0
  ground_effect__offset_y:p2=-0.2, 0.2
  ground_effect__offset_z:p2=0.0, 5.0
  ground_effect__grid_cell_size:r=8.0
  ground_effect__grid_world_origin:p2=0.0, 0.0
  ground_effect__vis_radius:r=50.0
  ground_effect__random_offset_scale:r=0.0
  ground_effect__biome_weight_for_active_thr:r=0.25
  ground_effect__fx_radius:r=-1.0
}

entity{
  _template:t="ground_effect"
  ground_effect__fx_name:t="ground_sparkles_10m"
  ground_effect__biome_group_name:t="burnt_field"
  ground_effect__rot_z:p2=75.0, 10.0
  ground_effect__offset_x:p2=0.0, 5.0
  ground_effect__offset_y:p2=-0.2, 0.2
  ground_effect__offset_z:p2=0.0, 5.0
  ground_effect__grid_cell_size:r=16.0
  ground_effect__grid_world_origin:p2=0.0, 0.0
  ground_effect__vis_radius:r=25.0
  ground_effect__random_offset_scale:r=0.0
  ground_effect__biome_weight_for_active_thr:r=0.25
  ground_effect__fx_radius:r=-1.0
}

entity{
  _template:t="ground_effect"
  ground_effect__fx_name:t="ground_ashes_10m"
  ground_effect__biome_group_name:t="burnt_field"
  ground_effect__rot_z:p2=75.0, 10.0
  ground_effect__offset_x:p2=0.0, 5.0
  ground_effect__offset_y:p2=-0.2, 0.2
  ground_effect__offset_z:p2=0.0, 5.0
  ground_effect__grid_cell_size:r=16.0
  ground_effect__grid_world_origin:p2=0.0, 0.0
  ground_effect__vis_radius:r=25.0
  ground_effect__random_offset_scale:r=0.0
  ground_effect__biome_weight_for_active_thr:r=0.25
  ground_effect__fx_radius:r=-1.0
}

entity{
  _template:t="ground_effect"
  ground_effect__fx_name:t="ground_papers_10m"
  ground_effect__biome_group_name:t="asphalt"
  ground_effect__grid_cell_size:r=16.0
  ground_effect__grid_world_origin:p2=0.0, 0.0
  ground_effect__vis_radius:r=50.0
  ground_effect__random_offset_scale:r=0.0
  ground_effect__biome_weight_for_active_thr:r=0.25
  ground_effect__fx_radius:r=-1.0
}

entity{
  _template:t="ground_effect"
  ground_effect__fx_name:t="land_haze"
  ground_effect__biome_group_name:t="burnt_field"
  ground_effect__grid_cell_size:r=16.0
  ground_effect__grid_world_origin:p2=0.0, 0.0
  ground_effect__vis_radius:r=35.0
  ground_effect__random_offset_scale:r=0.0
  ground_effect__biome_weight_for_active_thr:r=0.25
  ground_effect__fx_radius:r=-1.0
}

entity{
  _template:t="effect_area_box"
  effect_area__frequency:r=0.5
  effect_area__pauseChance:r=0.4
  effect_area__pauseLengthMax:r=2.0
  effect_area__effectName:t="background_flash_8s_fx"
  effect_area__isPaused:b=no
  transform:m=[[1.0, 0.0, 0.0] [0.0, 1.0, 0.0] [0.0, 0.0, 1.0] [-941.109, 3.255, -280.225]]
  box_zone__scale:p3=600.0, 400.0, 600.0
}

entity{
  _template:t="bonfire_effect_background_flash_8s_fx"
  transform:m=[[1.0, 0.0, 0.0] [0.0, 1.0, 0.0] [0.0, 0.0, 1.0] [907.905, 4.67061, -823.634]]
}

entity{
  _template:t="bonfire_effect_background_flash_11s_fx"
  transform:m=[[1.0, 0.0, 0.0] [0.0, 1.0, 0.0] [0.0, 0.0, 1.0] [539.044, 4.67061, -1057.43]]
}

entity{
  _template:t="bonfire_effect_background_flash_11s_fx"
  transform:m=[[1.0, 0.0, 0.0] [0.0, 1.0, 0.0] [0.0, 0.0, 1.0] [71.9746, 4.67061, -998.369]]
}

entity{
  _template:t="bonfire_effect_background_flash_8s_fx"
  transform:m=[[1.0, 0.0, 0.0] [0.0, 1.0, 0.0] [0.0, 0.0, 1.0] [-315.671, 4.67061, -832.595]]
}

entity{
  _template:t="bonfire_effect_background_flash_11s_fx"
  transform:m=[[1.0, 0.0, 0.0] [0.0, 1.0, 0.0] [0.0, 0.0, 1.0] [930.453, 4.67061, -62.9545]]
}

entity{
  _template:t="bonfire_effect_background_flash_8s_fx"
  transform:m=[[1.0, 0.0, 0.0] [0.0, 1.0, 0.0] [0.0, 0.0, 1.0] [444.537, 4.67061, 418.554]]
}

entity{
  _template:t="bonfire_effect_background_flash_11s_fx"
  transform:m=[[1.0, 0.0, 0.0] [0.0, 1.0, 0.0] [0.0, 0.0, 1.0] [1026.4, 4.67061, 62.4067]]
}

entity{
  _template:t="bonfire_effect_background_flash_8s_fx"
  transform:m=[[1.0, 0.0, 0.0] [0.0, 1.0, 0.0] [0.0, 0.0, 1.0] [245.047, 4.67061, 565.389]]
}

entity{
  _template:t="bonfire_effect_big_background"
  transform:m=[[7.31169, 0.0, 0.0] [0.0, 7.31169, 0.0] [0.0, 0.0, 7.31169] [-82.5219, 4.1, -179.475]]
}

entity{
  _template:t="bonfire_effect_big_background"
  transform:m=[[7.43085, 0.0, 0.0] [0.0, 7.43085, 0.0] [0.0, 0.0, 7.43085] [-209.856, 4.33035, -93.8473]]
}

entity{
  _template:t="bonfire_effect_big_background"
  transform:m=[[6.26009, 0.0, 0.0] [0.0, 6.26009, 0.0] [0.0, 0.0, 6.26009] [-199.467, 5.07427, -228.733]]
}

entity{
  _template:t="bonfire_effect_big_background"
  transform:m=[[7.88855, 0.0, 0.0] [0.0, 7.88855, 0.0] [0.0, 0.0, 7.88855] [-285.05, 4.21535, -187.0]]
}

entity{
  _template:t="bonfire_effect_big_background"
  transform:m=[[8.27775, 0.0, 0.0] [0.0, 8.27775, 0.0] [0.0, 0.0, 8.27775] [-401.602, 4.8113, -110.129]]
}

entity{
  _template:t="bonfire_effect_big_background"
  transform:m=[[3.73685, 0.0, 0.0] [0.0, 3.73685, 0.0] [0.0, 0.0, 3.73685] [-295.1, 5.97197, -62.75]]
}

entity{
  _template:t="bonfire_effect_big_background"
  transform:m=[[6.26009, 0.0, 0.0] [0.0, 6.26009, 0.0] [0.0, 0.0, 6.26009] [-452.435, 4.47992, -209.171]]
}

entity{
  _template:t="bonfire_effect_big_background"
  transform:m=[[6.26009, 0.0, 0.0] [0.0, 6.26009, 0.0] [0.0, 0.0, 6.26009] [-479.245, 4.10004, -96.7859]]
}

entity{
  _template:t="bonfire_effect_big_background"
  transform:m=[[4.49451, 0.0, 0.0] [0.0, 4.49451, 0.0] [0.0, 0.0, 4.49451] [-324.1, 5.58152, -108.05]]
}

entity{
  _template:t="bonfire_effect_big_background"
  transform:m=[[13.2547, 0.0, 0.0] [0.0, 13.2547, 0.0] [0.0, 0.0, 13.2547] [-669.089, 5.0316, -266.409]]
}

entity{
  _template:t="bonfire_effect_big_background"
  transform:m=[[13.2547, 0.0, 0.0] [0.0, 13.2547, 0.0] [0.0, 0.0, 13.2547] [-421.001, 6.5694, -382.475]]
}

entity{
  _template:t="bonfire_effect_big_background"
  transform:m=[[6.26009, 0.0, 0.0] [0.0, 6.26009, 0.0] [0.0, 0.0, 6.26009] [-344.422, 5.92063, -360.141]]
}

entity{
  _template:t="bonfire_effect_big_background"
  transform:m=[[6.26009, 0.0, 0.0] [0.0, 6.26009, 0.0] [0.0, 0.0, 6.26009] [-212.818, 4.10004, -415.946]]
}

entity{
  _template:t="bonfire_effect_big_background"
  transform:m=[[4.49451, 0.0, 0.0] [0.0, 4.49451, 0.0] [0.0, 0.0, 4.49451] [-425.107, 6.68348, -239.016]]
}

entity{
  _template:t="bonfire_effect_big_background"
  transform:m=[[5.35146, 0.0, 0.0] [0.0, 5.35146, 0.0] [0.0, 0.0, 5.35146] [-493.568, 4.94438, -216.176]]
}

entity{
  _template:t="bonfire_effect_big_background"
  transform:m=[[3.73685, 0.0, 0.0] [0.0, 3.73685, 0.0] [0.0, 0.0, 3.73685] [-708.266, 6.2087, 7.94341]]
}

entity{
  _template:t="bonfire_effect_volcano_smoke"
  transform:m=[[0.651268, 0.0, 0.238336] [0.0, 0.693508, 0.0] [-0.238336, 0.0, 0.651268] [-1422.33, 3.31363, -2008.51]]
}

entity{
  _template:t="bonfire_effect_volcano_smoke"
  transform:m=[[1.04756, 0.0, 0.102767] [0.0, 1.05258, 0.0] [-0.102767, 0.0, 1.04756] [-2594.46, 3.31412, -2883.46]]
}

entity{
  _template:t="bonfire_effect_volcano_smoke"
  transform:m=[[0.459994, 0.0, 1.03735] [0.0, 1.13476, 0.0] [-1.03735, 0.0, 0.459994] [748.515, 3.41519, -1897.58]]
}

entity{
  _template:t="bonfire_effect_volcano_smoke"
  transform:m=[[1.05317, 0.0, 0.808127] [0.0, 1.32749, 0.0] [-0.808127, 0.0, 1.05317] [1275.77, 3.51234, -1447.33]]
}

entity{
  _template:t="bonfire_effect_volcano_smoke"
  transform:m=[[0.329894, 0.0, 0.924001] [0.0, 0.981123, 0.0] [-0.924001, 0.0, 0.329894] [2304.96, -4.98208, 1116.67]]
}

entity{
  _template:t="bonfire_effect_volcano_smoke"
  transform:m=[[0.5016, 0.0, 0.453116] [0.0, 0.675959, 0.0] [-0.453116, 0.0, 0.5016] [-553.462, -3.11774, 1632.67]]
}

entity{
  _template:t="bonfire_effect_volcano_smoke"
  transform:m=[[0.589822, 0.0, 0.532811] [0.0, 0.794848, 0.0] [-0.532811, 0.0, 0.589822] [56.6985, 3.17503, 2317.45]]
}

entity{
  _template:t="bonfire_effect_volcano_smoke"
  transform:m=[[0.589822, 0.0, 0.532811] [0.0, 0.794848, 0.0] [-0.532811, 0.0, 0.589822] [-2117.65, 3.28224, 2203.81]]
}

entity{
  _template:t="projectors_manager"
  projectors_manager__atmosphereDensity:r=1.0
  projectors_manager__atmosphereMoveDir:p3=1.0, 0.0, 0.0
  projectors_manager__atmosphereMoveSpeed:r=0.0
  projectors_manager__noiseScale:r=30.0
  projectors_manager__noiseStrength:r=1.0
}

entity{
  _template:t="projector"
  projector__color:p3=0.12, 0.12, 0.12
  projector__angle:r=2.5
  projector__sourceWidth:r=1.0
  projector__xAngleAmplitude:r=17.0
  projector__period:r=16.0
  transform:m=[[0.993579, -0.112724, 0.00966054] [0.113137, 0.98995, -0.0848528] [1.4758e-06, 0.0854009, 0.996347] [608.5, 5.44677, -1069.0]]
}

entity{
  _template:t="projector"
  projector__color:p3=0.12, 0.12, 0.12
  projector__angle:r=3.0
  projector__sourceWidth:r=1.0
  projector__zAngleAmplitude:r=24.0
  projector__period:r=14.0
  transform:m=[[0.986453, 0.163682, -0.0109121] [-0.164045, 0.984268, -0.0656179] [-3.76747e-08, 0.066519, 0.997785] [901.874, 4.35867, -75.5519]]
}

entity{
  _template:t="projector"
  projector__color:p3=0.12, 0.12, 0.12
  projector__angle:r=6.0
  projector__sourceWidth:r=1.0
  projector__zAngleAmplitude:r=27.0
  projector__period:r=22.0
  transform:m=[[0.987471, 0.157601, 0.00788064] [-0.157798, 0.986239, 0.049312] [-5.64414e-07, -0.0499378, 0.998752] [696.0, 4.24725, -992.0]]
}

entity{
  _template:t="projector"
  projector__color:p3=0.12, 0.12, 0.12
  projector__angle:r=6.0
  projector__sourceWidth:r=1.0
  projector__zAngleAmplitude:r=17.0
  projector__period:r=18.0
  transform:m=[[0.989228, -0.145985, -0.0108311] [0.146386, 0.986516, 0.0731931] [-4.23149e-08, -0.0739902, 0.997259] [1266.4, 3.808, -405.7]]
}

entity{
  _template:t="projector"
  projector__color:p3=0.12, 0.12, 0.12
  projector__angle:r=5.0
  projector__sourceWidth:r=1.0
  projector__zAngleAmplitude:r=27.0
  projector__period:r=28.0
  transform:m=[[0.990793, -0.135226, 0.00660658] [0.135387, 0.989612, -0.0483524] [5.41062e-07, 0.0488017, 0.998809] [-115.1, 5.47998, -1233.9]]
}

entity{
  _template:t="projector"
  projector__color:p3=0.12, 0.12, 0.12
  projector__angle:r=2.0
  projector__sourceWidth:r=1.0
  projector__zAngleAmplitude:r=27.0
  projector__period:r=18.0
  transform:m=[[0.983821, 0.177945, -0.0207603] [-0.179152, 0.977194, -0.114006] [4.28705e-08, 0.115881, 0.993263] [724.3, 2.0141, 1047.0]]
}

entity{
  _template:t="projector"
  projector__color:p3=0.12, 0.12, 0.12
  projector__angle:r=5.0
  projector__sourceWidth:r=1.0
  projector__zAngleAmplitude:r=18.0
  projector__period:r=14.0
  transform:m=[[0.990771, -0.134661, 0.0154529] [0.135545, 0.984311, -0.112954] [3.96059e-08, 0.114006, 0.99348] [44.0491, 2.31177, 833.972]]
}

entity{
  _template:t="projector"
  projector__color:p3=0.12, 0.12, 0.12
  projector__angle:r=6.0
  projector__sourceWidth:r=1.0
  projector__zAngleAmplitude:r=27.0
  projector__period:r=20.0
  transform:m=[[0.991501, 0.129907, -0.00707938] [-0.1301, 0.990032, -0.0539441] [1.07713e-06, 0.0544067, 0.998519] [539.8, 3.13173, 555.1]]
}

entity{
  _template:t="projector"
  projector__color:p3=0.12, 0.12, 0.12
  projector__angle:r=5.0
  projector__sourceWidth:r=1.0
  projector__zAngleAmplitude:r=18.0
  projector__period:r=14.0
  transform:m=[[0.990771, -0.134661, 0.0154529] [0.135545, 0.984311, -0.112954] [3.96059e-08, 0.114006, 0.99348] [-851.28, 6.30873, 2404.12]]
}

entity{
  _template:t="projector"
  projector__color:p3=0.12, 0.12, 0.12
  projector__angle:r=5.0
  projector__sourceWidth:r=1.0
  projector__zAngleAmplitude:r=27.0
  projector__period:r=28.0
  transform:m=[[0.990771, -0.134661, 0.0154529] [0.135545, 0.984311, -0.112954] [3.96059e-08, 0.114006, 0.99348] [-2096.4, 2.31177, 686.95]]
}

entity{
  _template:t="tracer_launcher"
  transform:m=[[1.0, 0.0, 0.0] [0.0, 1.0, 0.0] [0.0, 0.0, 1.0] [423.804, 2.97412, -977.571]]
  tracer_launcher__shoot_direction:p2=120.0, 50.0
  tracer_launcher__bullet_speed:r=500.0
  tracer_launcher__time_to_fire:r=1.1282
  tracer_launcher__long_cooldown_min_max:p2=0.5, 2.0
  tracer_launcher__long_cooldown_probability:r=0.2
  tracer_launcher__short_cooldown:r=0.1
}

entity{
  _template:t="tracer_launcher"
  transform:m=[[1.0, 0.0, 0.0] [0.0, 1.0, 0.0] [0.0, 0.0, 1.0] [424.635, 2.97412, 634.056]]
  tracer_launcher__bullet_speed:r=500.0
  tracer_launcher__time_to_fire:r=1.1282
  tracer_launcher__long_cooldown_min_max:p2=0.5, 2.0
  tracer_launcher__long_cooldown_probability:r=0.2
  tracer_launcher__short_cooldown:r=0.1
}

entity{
  _template:t="tracer_launcher"
  transform:m=[[1.0, 0.0, 0.0] [0.0, 1.0, 0.0] [0.0, 0.0, 1.0] [298.508, 2.97412, 881.639]]
  tracer_launcher__shoot_direction:p2=45.0, 0.0
  tracer_launcher__rotate_range:p2=30.0, 60.0
  tracer_launcher__bullet_speed:r=500.0
  tracer_launcher__time_to_fire:r=1.1282
  tracer_launcher__long_cooldown_min_max:p2=0.5, 2.0
  tracer_launcher__long_cooldown_probability:r=0.2
  tracer_launcher__short_cooldown:r=0.1
}

entity{
  _template:t="tracer_launcher"
  transform:m=[[1.0, 0.0, 0.0] [0.0, 1.0, 0.0] [0.0, 0.0, 1.0] [103.453, 2.97412, 1101.59]]
  tracer_launcher__shoot_direction:p2=180.0, 5.0
  tracer_launcher__rotate_range:p2=50.0, 120.0
  tracer_launcher__bullet_speed:r=500.0
  tracer_launcher__time_to_fire:r=1.1282
  tracer_launcher__long_cooldown_min_max:p2=0.5, 2.0
  tracer_launcher__long_cooldown_probability:r=0.2
  tracer_launcher__short_cooldown:r=0.1
}

entity{
  _template:t="tracer_launcher"
  transform:m=[[1.0, 0.0, 0.0] [0.0, 1.0, 0.0] [0.0, 0.0, 1.0] [1564.22, 2.97412, -112.722]]
  tracer_launcher__bullet_speed:r=500.0
  tracer_launcher__time_to_fire:r=1.1282
  tracer_launcher__long_cooldown_min_max:p2=0.5, 2.0
  tracer_launcher__long_cooldown_probability:r=0.2
  tracer_launcher__short_cooldown:r=0.1
}

entity{
  _template:t="tracer_launcher"
  transform:m=[[1.0, 0.0, 0.0] [0.0, 1.0, 0.0] [0.0, 0.0, 1.0] [1697.8, 2.97412, -317.409]]
  tracer_launcher__bullet_speed:r=500.0
  tracer_launcher__time_to_fire:r=1.1282
  tracer_launcher__long_cooldown_min_max:p2=0.5, 2.0
  tracer_launcher__long_cooldown_probability:r=0.2
  tracer_launcher__short_cooldown:r=0.1
}

entity{
  _template:t="tracer_launcher"
  transform:m=[[1.0, 0.0, 0.0] [0.0, 1.0, 0.0] [0.0, 0.0, 1.0] [570.875, 2.97412, -1024.4]]
  tracer_launcher__bullet_speed:r=500.0
  tracer_launcher__time_to_fire:r=1.1282
  tracer_launcher__long_cooldown_min_max:p2=0.5, 2.0
  tracer_launcher__long_cooldown_probability:r=0.2
  tracer_launcher__short_cooldown:r=0.1
  tracer_launcher__rotate_range:p2=10.0, 50.0
}

entity{
  _template:t="static_cam"
  camera__active:b=yes
  transform:m=[[-0.593215, 0.0, -0.805044] [-0.00886453, 0.999939, 0.00653203] [0.804995, 0.0110112, -0.593179] [308.364, 12.9123, -420.133]]
}

entity{
  _template:t="briefing_invasion"
  transform:m=[[1.0, 0.0, 0.0] [0.0, 1.0, 0.0] [0.0, 0.0, 1.0] [0.0, 0.0, 0.0]]
  mission_name:t="berlin_garden_inv"

  "loading_images:list<t>"{
    item:t="ui/berlin_garden_inv_01.jpg"
    item:t="ui/berlin_garden_inv_02.jpg"
    item:t="ui/berlin_garden_inv_03.jpg"
  }
}

entity{
  _template:t="team_ussr_berlin+team_narrator_invasion_attack+respawn_creators_team"
  team__memberCount:r=0.0
  team__scoreCap:r=1750.0
  team__score:r=1750.0
  team__squadSpawnCost:i=250
  team__firstSpawnCostMul:r=0.0
  team__zeroScoreFailTimer:r=60.0
  team__id:i=1
  team__haveScores:b=no
  team__briefing:t="invasion/attackers_goals"
  team__winSubtitle:t="debriefing/won_invasion_subtitle"
  team__loseSubtitle:t="debriefing/lost_invasion_subtitle"
  team__winTitle:t="debriefing/ussr_won_invasion"
  team__spawnBotArmy:t="moscow_allies"
}

entity{
  _template:t="team_germany_berlin+team_narrator_invasion_defence+respawn_creators_team"
  team__countAdd:r=0.5
  team__memberCount:r=0.5
  team__scoreCap:r=5000.0
  team__capturePenalty:r=1001.0
  team__score:r=5000.0
  team__id:i=2
  team__briefing:t="invasion/defenders_goals"
  team__winSubtitle:t="debriefing/won_defence_subtitle"
  team__loseSubtitle:t="debriefing/lost_defence_subtitle"
  team__winTitle:t="debriefing/ger_won_defence"
  team__spawnBotArmy:t="moscow_axis"
}

entity{
  _template:t="group_activator"
  activator__initialLength:i=5

  "activator__activateChoice:object"{
    sector_1:r=1.0
  }
}

entity{
  _template:t="defend_zone_chained_box+defend_zone_respawnbase"
  transform:m=[[22.5577, 0.0, 0.00486875] [0.0, 3.52158, 0.0] [-0.0661816, 0.0, 23.0936] [249.232, 5.28247, -197.692]]
  groupName:t="sector_1"
  capzone__capRewardPartCap:r=1.125
  capzone__onlyTeamCanCapture:i=1
  capzone__capReward:r=250.0
  capzone__icon:t="AAA"
  capzone__caption:t="capzone/american_embassy"
  capzone__capTime:r=80.0
  capzone__decapTime:r=6000.0
  capzone__capTeam:i=-1
  active:b=no
  capzone__deactivateAfterTimeout:r=25.0
  capzone__spawnAtZoneTimeout:r=25.0
  capzone__createRespawnBaseForTeam:i=2
  capzone__createRespawnBase:t="respawnBaseGroupActivator"
  capzone__createdRespawnBaseGroup:i=3
  decal__height:r=0.1
}

entity{
  _template:t="respawnChooser+respTeam1"
  transform:m=[[0.901576, 0.0, -0.432619] [0.0, 1.0, 0.0] [0.432619, 0.0, 0.901576] [170.399, 4.0263, -108.886]]
  groupName:t="sector_1"
  active:b=yes
}

entity{
  _template:t="respawnChooser+respTeam2"
  transform:m=[[-0.196206, 0.0, 0.980563] [0.0, 1.0, 0.0] [-0.980563, 0.0, -0.196206] [283.211, 4.89131, -273.126]]
  groupName:t="sector_1"
  active:b=yes
}

entity{
  _template:t="respawn_camera"
  respawnCameraForTeam:i=1
  moveCameraToHeight:r=150.0
  transform:m=[[1.0, 0.0, 0.0] [0.0, 1.0, 0.0] [0.0, 0.0, 1.0] [57.587, 153.161, 55.354]]
}

entity{
  _template:t="respawn_camera"
  respawnCameraForTeam:i=2
  moveCameraToHeight:r=150.0
  transform:m=[[1.0, 0.0, 0.0] [0.0, 1.0, 0.0] [0.0, 0.0, 1.0] [396.023, 155.756, -437.366]]
}

entity{
  _template:t="bonfire_effect"
  transform:m=[[0.870362, 0.0, -0.492412] [0.0, 1.0, 0.0] [0.492412, 0.0, 0.870362] [489.278, 4.82505, -547.435]]
}

entity{
  _template:t="pzkpfw_v_ausf_g_panther_a_destroyed"
  transform:m=[[-0.0567557, -0.0357282, 0.997749] [-0.0200363, 0.999199, 0.0346404] [-0.998187, -0.0180252, -0.0574261] [435.921, 3.22431, -512.691]]
}

entity{
  _template:t="bonfire_effect"
  transform:m=[[1.0, 0.0, 0.0] [0.0, 1.0, 0.0] [0.0, 0.0, 1.0] [435.897, 4.82505, -514.571]]
}

entity{
  _template:t="t_34_85_zis_53_a_destroyed"
  transform:m=[[0.130696, 0.00519072, -0.991409] [0.00519072, 0.999969, 0.00591982] [0.991409, -0.00591982, 0.130665] [266.131, 3.37123, -175.688]]
}

entity{
  _template:t="pzkpfw_v_ausf_g_panther_a_destroyed"
  transform:m=[[-0.650151, -0.00049334, 0.759805] [-0.00133535, 0.999999, -0.00049334] [-0.759804, -0.00133535, -0.650151] [444.731, 3.16706, -465.855]]
}

entity{
  _template:t="is_2_1944_a_destroyed"
  transform:m=[[0.983405, 0.00204749, -0.181412] [-0.00139082, 0.999992, 0.00374695] [0.181419, -0.00343246, 0.9834] [365.914, 3.29264, -95.6833]]
}

entity{
  _template:t="berlin_level"
  level__blk:t="content/enlisted/levels/battle_of_berlin.blk"
}

entity{
  _template:t="clouds_hole_target"
  transform:m=[[1.0, 0.0, 0.0] [0.0, 1.0, 0.0] [0.0, 0.0, 1.0] [0.0, 0.0, 0.0]]
}

entity{
  _template:t="water"
  water__strength:r=0.3
  water__level:r=-1.0
}

entity{
  _template:t="is_2_1944_a_destroyed"
  transform:m=[[-0.114666, 0.0516142, -0.992062] [0.00839288, 0.998664, 0.0509876] [0.993369, -0.00247972, -0.114946] [267.066, 3.52058, -222.379]]
}

entity{
  _template:t="bonfire_effect_big_background"
  transform:m=[[6.26009, 0.0, 0.0] [0.0, 6.26009, 0.0] [0.0, 0.0, 6.26009] [-211.717, 5.92063, -322.264]]
}

entity{
  _template:t="bonfire_effect"
  transform:m=[[1.0, 0.0, 0.0] [0.0, 1.0, 0.0] [0.0, 0.0, 1.0] [249.603, 5.24467, -327.405]]
}

entity{
  _template:t="bonfire_effect"
  transform:m=[[1.0, 0.0, 0.0] [0.0, 1.0, 0.0] [0.0, 0.0, 1.0] [267.089, 4.45802, -220.57]]
}

entity{
  _template:t="pzkpfw_v_ausf_g_panther_a_destroyed"
  transform:m=[[-0.798134, 0.113208, 0.591749] [0.0337403, 0.989045, -0.143706] [-0.601535, -0.0947312, -0.79321] [358.976, 5.98877, -411.329]]
}

entity{
  _template:t="is_2_1944_a_destroyed"
  transform:m=[[0.466335, -0.0086398, -0.884566] [-0.0610475, 0.997254, -0.0419241] [0.882499, 0.0735512, 0.464527] [434.978, 3.95285, -429.887]]
}

entity{
  _template:t="pzkpfw_VI_ausf_B_tiger_destroyed"
  transform:m=[[-0.894691, 0.00597505, 0.446646] [0.0196415, 0.99947, 0.0259741] [-0.446254, 0.0320116, -0.894334] [414.947, 3.44108, -481.858]]
}

entity{
  _template:t="pzkpfw_VI_ausf_B_tiger_destroyed"
  transform:m=[[-0.958557, -0.0049706, 0.284857] [-0.00754582, 0.99994, -0.0079436] [-0.284801, -0.00976388, -0.958537] [487.909, 3.29759, -450.054]]
}

entity{
  _template:t="t_34_85_zis_53_a_destroyed"
  transform:m=[[0.434796, -0.00894345, -0.900485] [0.0038438, 0.99996, -0.00807546] [0.900521, 4.98919e-05, 0.434813] [393.506, 3.23335, -463.303]]
}

entity{
  _template:t="pzkpfw_v_ausf_g_panther_a_destroyed"
  transform:m=[[-0.9392, 0.000523889, 0.34337] [0.00344087, 0.999963, 0.00788594] [-0.343353, 0.00858796, -0.939167] [464.033, 3.25417, -532.235]]
}

entity{
  _template:t="t_34_85_zis_53_a_destroyed"
  transform:m=[[0.550053, 0.0175021, -0.834946] [-0.0132892, 0.999837, 0.0122037] [0.835024, 0.0043831, 0.550196] [399.834, 3.32151, -494.436]]
}

entity{
  _template:t="pzkpfw_v_ausf_g_panther_a_destroyed"
  transform:m=[[0.663225, -0.00413279, 0.748409] [-0.00127655, 0.999977, 0.00665323] [-0.748419, -0.00536797, 0.663204] [315.492, 3.23939, -473.436]]
}

entity{
  _template:t="bonfire_effect"
  transform:m=[[0.754823, 0.0, -0.655929] [0.0, 1.0, 0.0] [0.655929, 0.0, 0.754823] [314.226, 4.86076, -475.077]]
}

entity{
  _template:t="bonfire_effect"
  transform:m=[[0.62304, 0.0, -0.78219] [0.0156934, 0.999799, 0.0125003] [0.782033, -0.0200634, 0.622915] [399.793, 4.6678, -494.442]]
}

entity{
  _template:t="bonfire_effect"
  transform:m=[[1.0, 0.0, 0.0] [0.0, 1.0, 0.0] [0.0, 0.0, 1.0] [323.57, 4.12447, -510.64]]
}

entity{
  _template:t="bonfire_effect"
  transform:m=[[0.973037, 0.0, 0.230647] [0.0, 1.0, 0.0] [-0.230647, 0.0, 0.973037] [464.101, 5.20452, -532.452]]
}

entity{
  _template:t="pzkpfw_VI_ausf_B_tiger_destroyed"
  transform:m=[[0.447613, 0.0235662, 0.893917] [-0.0347824, 0.999355, -0.00892918] [-0.893551, -0.0270958, 0.448144] [414.329, 3.37574, -566.752]]
}

entity{
  _template:t="t_34_85_zis_53_a_destroyed"
  transform:m=[[-0.481527, 0.0261383, -0.876041] [0.0321583, 0.999409, 0.012143] [0.875841, -0.0223248, -0.482083] [309.299, 3.53591, -582.667]]
}

entity{
  _template:t="pzkpfw_VI_ausf_B_tiger_destroyed"
  transform:m=[[0.452787, -0.00724754, 0.891589] [0.0158741, 0.999874, 6.61987e-05] [-0.891477, 0.0141232, 0.452845] [208.732, 3.2682, -499.18]]
}

entity{
  _template:t="bonfire_effect_big_background"
  transform:m=[[6.26009, 0.0, 0.0] [0.0, 6.26009, 0.0] [0.0, 0.0, 6.26009] [-211.717, 5.92063, -322.264]]
}

entity{
  _template:t="is_2_1944_a_destroyed"
  transform:m=[[0.684394, -0.0119868, -0.729014] [0.00524016, 0.99992, -0.0115218] [0.729094, 0.0040653, 0.684402] [188.382, 3.42221, -301.906]]
}

entity{
  _template:t="bonfire_effect"
  transform:m=[[1.0, 0.0, 0.0] [0.0, 1.0, 0.0] [0.0, 0.0, 1.0] [192.459, 5.2759, -239.817]]
}

entity{
  _template:t="is_2_1944_a_destroyed"
  transform:m=[[-0.374622, 0.0206541, -0.926948] [0.0146359, 0.999759, 0.0163614] [0.927062, -0.00743735, -0.374834] [208.161, 3.42378, -379.322]]
}

entity{
  _template:t="bonfire_effect"
  transform:m=[[-0.941447, 0.0, 0.33716] [0.0, 1.0, 0.0] [-0.33716, 0.0, -0.941447] [214.579, 5.40108, -345.875]]
}

entity{
  _template:t="24kw_flak_generator"
  transform:m=[[0.478058, 0.00444652, -0.878317] [0.0213321, 0.999633, 0.0166715] [0.878069, -0.0267063, 0.477788] [307.86, 3.4957, -318.905]]
}

entity{
  _template:t="bonfire_effect"
  transform:m=[[-0.941447, 0.0, 0.33716] [0.0, 1.0, 0.0] [-0.33716, 0.0, -0.941447] [298.146, 5.41437, -349.229]]
}

entity{
  _template:t="24kw_flak_generator"
  transform:m=[[-0.856278, 0.0, 0.516516] [0.0, 1.0, 0.0] [-0.516516, 0.0, -0.856278] [322.617, 3.19411, -319.689]]
}

entity{
  _template:t="t_34_85_zis_53_a_destroyed"
  transform:m=[[0.832022, 0.125789, -0.540292] [-0.105037, 0.992056, 0.0692156] [0.544707, -0.000838063, 0.838626] [300.634, 6.65812, -399.933]]
}

entity{
  _template:t="is_2_1944_a_destroyed"
  transform:m=[[0.885494, -0.0326772, -0.4635] [0.0374947, 0.999296, 0.00118053] [0.463135, -0.0184242, 0.886096] [325.462, 3.28054, -511.467]]
}

entity{
  _template:t="pzkpfw_v_ausf_g_panther_a_destroyed"
  transform:m=[[-0.760248, 0.02646, 0.649094] [0.0403783, 0.999163, 0.00656255] [-0.648377, 0.0311985, -0.76068] [192.739, 3.70746, -239.798]]
}

entity{
  _template:t="bonfire_effect_big_background"
  transform:m=[[6.26009, 0.0, 0.0] [0.0, 6.26009, 0.0] [0.0, 0.0, 6.26009] [-211.717, 5.92063, -322.264]]
}

entity{
  _template:t="bonfire_effect"
  transform:m=[[1.0, 0.0, 0.0] [0.0, 1.0, 0.0] [0.0, 0.0, 1.0] [192.459, 5.2759, -239.817]]
}

entity{
  _template:t="pzkpfw_VI_ausf_B_tiger_destroyed"
  transform:m=[[0.310827, -0.0153246, 0.950343] [-0.0397624, 0.998785, 0.0291108] [-0.949634, -0.0468363, 0.30984] [214.593, 3.34525, -345.961]]
}

entity{
  _template:t="bonfire_effect"
  transform:m=[[-0.941447, 0.0, 0.33716] [0.0, 1.0, 0.0] [-0.33716, 0.0, -0.941447] [214.579, 5.40108, -345.875]]
}

entity{
  _template:t="pzkpfw_VI_ausf_B_tiger_destroyed"
  transform:m=[[0.494293, 0.0441284, 0.868175] [-0.0197588, 0.999023, -0.0395297] [-0.869071, 0.00238516, 0.494682] [298.257, 4.0255, -349.479]]
}

entity{
  _template:t="24kw_flak_generator"
  transform:m=[[0.478058, 0.00444652, -0.878317] [0.0213321, 0.999633, 0.0166715] [0.878069, -0.0267063, 0.477788] [307.86, 3.4957, -318.905]]
}

entity{
  _template:t="pzkpfw_VI_ausf_B_tiger_destroyed"
  transform:m=[[-0.281358, 0.0124557, 0.959522] [-0.00925682, 0.999834, -0.0156934] [-0.959558, -0.0132976, -0.281196] [231.615, 3.53112, -233.069]]
}

entity{
  _template:t="bonfire_effect"
  transform:m=[[-0.941447, 0.0, 0.33716] [0.0, 1.0, 0.0] [-0.33716, 0.0, -0.941447] [298.146, 5.41437, -349.229]]
}

entity{
  _template:t="24kw_flak_generator"
  transform:m=[[-0.856278, 0.0, 0.516516] [0.0, 1.0, 0.0] [-0.516516, 0.0, -0.856278] [322.617, 3.19411, -319.689]]
}

entity{
  _template:t="t_34_85_zis_53_a_destroyed"
  transform:m=[[-0.25965, 0.0328244, -0.965145] [0.0160166, 0.999431, 0.0296816] [0.96557, -0.00775146, -0.260028] [198.528, 3.55481, -220.201]]
}

entity{
  _template:t="pzkpfw_v_ausf_g_panther_a_destroyed"
  transform:m=[[-0.35923, 0.0211047, 0.93301] [0.0227039, 0.999646, -0.0138705] [-0.932973, 0.0162003, -0.359582] [208.935, 3.44747, -544.713]]
}

entity{
  _template:t="bonfire_effect"
  transform:m=[[1.0, 0.0, 0.0] [0.0, 1.0, 0.0] [0.0, 0.0, 1.0] [233.026, 2.17506, -491.904]]
  dmgzone__teamToDamage:i=-1
}

entity{
  _template:t="bonfire_effect"
  transform:m=[[1.0, 0.0, 0.0] [0.0, 1.0, 0.0] [0.0, 0.0, 1.0] [335.155, 4.91928, -298.744]]
  dmgzone__teamToDamage:i=-1
}

entity{
  _template:t="bonfire_effect"
  transform:m=[[0.958854, 0.0, -0.283899] [0.0, 1.0, 0.0] [0.283899, 0.0, 0.958854] [209.614, 5.06521, -546.841]]
  dmgzone__teamToDamage:i=-1
}

entity{
  _template:t="bonfire_effect"
  transform:m=[[0.958854, 0.0, -0.283899] [0.0, 1.0, 0.0] [0.283899, 0.0, 0.958854] [257.524, 0.07496, -550.719]]
  dmgzone__teamToDamage:i=-1
}

entity{
  _template:t="bonfire_effect"
  transform:m=[[1.0, 0.0, 0.0] [0.0, 1.0, 0.0] [0.0, 0.0, 1.0] [191.265, 4.86894, -395.916]]
}

entity{
  _template:t="bonfire_effect"
  transform:m=[[1.0, 0.0, 0.0] [0.0, 1.0, 0.0] [0.0, 0.0, 1.0] [255.262, 4.67061, -295.358]]
}

entity{
  _template:t="t_34_85_zis_53_a_destroyed"
  transform:m=[[0.456604, 0.0313836, -0.889116] [-0.0280866, 0.999388, 0.0208521] [0.889227, 0.0154511, 0.457206] [270.865, 3.39044, -355.227]]
}

entity{
  _template:t="is_2_1944_a_destroyed"
  transform:m=[[-0.555508, 0.000467261, -0.831511] [0.000141723, 1.0, 0.000467261] [0.831511, 0.000141723, -0.555508] [338.978, 3.26752, -449.124]]
}

entity{
  _template:t="bonfire_effect"
  transform:m=[[1.0, 0.0, 0.0] [0.0, 1.0, 0.0] [0.0, 0.0, 1.0] [270.744, 5.42165, -355.392]]
}

entity{
  _template:t="bonfire_effect"
  transform:m=[[1.0, 0.0, 0.0] [0.0, 1.0, 0.0] [0.0, 0.0, 1.0] [370.994, 4.56264, -439.975]]
}

entity{
  _template:t="bonfire_effect"
  transform:m=[[1.0, 0.0, 0.0] [0.0, 1.0, 0.0] [0.0, 0.0, 1.0] [339.464, 4.36991, -447.841]]
}

entity{
  _template:t="pzkpfw_v_ausf_g_panther_a_destroyed"
  transform:m=[[0.432447, 0.00781233, 0.901626] [-0.0111986, 0.999932, -0.00329295] [-0.90159, -0.0086729, 0.432505] [352.536, 3.31858, -497.449]]
}

entity{
  _template:t="bonfire_effect"
  transform:m=[[1.0, 0.0, 0.0] [0.0, 1.0, 0.0] [0.0, 0.0, 1.0] [352.006, 5.31537, -498.04]]
}

entity{
  _template:t="t_34_85_zis_53_a_destroyed"
  transform:m=[[0.65198, -0.00859556, -0.758187] [0.0173028, 0.999844, 0.00354382] [0.758039, -0.0154293, 0.652027] [332.6, 3.34054, -356.821]]
}

entity{
  _template:t="bonfire_effect"
  transform:m=[[1.0, 0.0, 0.0] [0.0, 1.0, 0.0] [0.0, 0.0, 1.0] [332.73, 5.25861, -356.934]]
}

entity{
  _template:t="is_2_1944_a_destroyed"
  transform:m=[[0.921649, -0.368185, -0.122487] [0.368577, 0.929376, -0.0202746] [0.121301, -0.0264598, 0.992263] [234.649, 0.554081, -492.087]]
}

entity{
  _template:t="is_2_1944_a_destroyed"
  transform:m=[[-0.265252, -0.018343, -0.964005] [0.00643996, 0.999763, -0.0207954] [0.964158, -0.0117242, -0.265071] [334.713, 3.39963, -300.731]]
}

entity{
  _template:t="t_34_85_zis_53_a_destroyed"
  transform:m=[[0.729753, 0.0133048, -0.683581] [0.0074373, 0.999597, 0.0273952] [0.68367, -0.0250757, 0.72936] [342.353, 3.4336, -249.924]]
}

entity{
  _template:t="bonfire_effect"
  transform:m=[[1.0, 0.0, 0.0] [0.0, 1.0, 0.0] [0.0, 0.0, 1.0] [233.026, 2.17506, -491.904]]
  dmgzone__teamToDamage:i=-1
}

entity{
  _template:t="bonfire_effect"
  transform:m=[[1.0, 0.0, 0.0] [0.0, 1.0, 0.0] [0.0, 0.0, 1.0] [335.155, 4.91928, -298.744]]
  dmgzone__teamToDamage:i=-1
}

entity{
  _template:t="bonfire_effect"
  transform:m=[[0.958854, 0.0, -0.283899] [0.0, 1.0, 0.0] [0.283899, 0.0, 0.958854] [209.614, 5.06521, -546.841]]
  dmgzone__teamToDamage:i=-1
}

entity{
  _template:t="bonfire_effect"
  transform:m=[[0.958854, 0.0, -0.283899] [0.0, 1.0, 0.0] [0.283899, 0.0, 0.958854] [257.524, 0.07496, -550.719]]
  dmgzone__teamToDamage:i=-1
}

entity{
  _template:t="bonfire_effect"
  transform:m=[[1.0, 0.0, 0.0] [0.0, 1.0, 0.0] [0.0, 0.0, 1.0] [191.265, 4.86894, -395.916]]
}

entity{
  _template:t="pzkpfw_v_ausf_g_panther_a_destroyed"
  transform:m=[[-0.738839, 0.0231439, 0.673485] [0.0167653, 0.999732, -0.015963] [-0.673673, -0.000502865, -0.739029] [254.471, 3.4547, -294.277]]
}

entity{
  _template:t="bonfire_effect"
  transform:m=[[1.0, 0.0, 0.0] [0.0, 1.0, 0.0] [0.0, 0.0, 1.0] [255.262, 4.67061, -295.358]]
}

entity{
  _template:t="bonfire_effect"
  transform:m=[[1.0, 0.0, 0.0] [0.0, 1.0, 0.0] [0.0, 0.0, 1.0] [270.744, 5.42165, -355.392]]
}

entity{
  _template:t="bonfire_effect"
  transform:m=[[1.0, 0.0, 0.0] [0.0, 1.0, 0.0] [0.0, 0.0, 1.0] [370.994, 4.56264, -439.975]]
}

entity{
  _template:t="bonfire_effect"
  transform:m=[[1.0, 0.0, 0.0] [0.0, 1.0, 0.0] [0.0, 0.0, 1.0] [339.464, 4.36991, -447.841]]
}

entity{
  _template:t="t_34_85_zis_53_a_destroyed"
  transform:m=[[0.125441, 0.0168567, -0.991958] [0.0150719, 0.999708, 0.0188944] [0.991987, -0.0173208, 0.12515] [371.088, 3.32506, -440.089]]
}

entity{
  _template:t="bonfire_effect"
  transform:m=[[1.0, 0.0, 0.0] [0.0, 1.0, 0.0] [0.0, 0.0, 1.0] [352.006, 5.31537, -498.04]]
}

entity{
  _template:t="bonfire_effect"
  transform:m=[[1.0, 0.0, 0.0] [0.0, 1.0, 0.0] [0.0, 0.0, 1.0] [332.73, 5.25861, -356.934]]
}

entity{
  _template:t="pzkpfw_v_ausf_g_panther_a_destroyed"
  transform:m=[[-0.663153, -0.000936805, 0.748483] [-0.0149617, 0.999816, -0.0120047] [-0.748334, -0.0191595, -0.663045] [357.625, 3.34051, -595.635]]
}

entity{
  _template:t="bonfire_effect"
  transform:m=[[1.0, 0.0, 0.0] [0.0, 1.0, 0.0] [0.0, 0.0, 1.0] [358.905, 4.70998, -597.117]]
  dmgzone__teamToDamage:i=-1
}

entity{
  _template:t="bonfire_effect"
  transform:m=[[1.0, 0.0, 0.0] [0.0, 1.0, 0.0] [0.0, 0.0, 1.0] [233.026, 2.17506, -491.904]]
  dmgzone__teamToDamage:i=-1
}

entity{
  _template:t="bonfire_effect"
  transform:m=[[0.958854, 0.0, -0.283899] [0.0, 1.0, 0.0] [0.283899, 0.0, 0.958854] [258.005, -0.888762, -550.607]]
  dmgzone__teamToDamage:i=-1
}

entity{
  _template:t="is_2_1944_a_destroyed"
  transform:m=[[-0.587093, 0.0810984, -0.805447] [0.0982772, 0.99475, 0.0285242] [0.803532, -0.0624107, -0.591981] [248.963, 4.43909, -328.605]]
}

entity{
  _template:t="t_34_85_zis_53_a_destroyed"
  transform:m=[[0.212703, -0.00490126, -0.977105] [0.121242, 0.992392, 0.0214148] [0.969566, -0.123021, 0.211679] [186.33, 3.96511, -351.678]]
}

entity{
  _template:t="t_34_85_zis_53_a_destroyed"
  transform:m=[[0.693946, 0.00509077, -0.720009] [-0.00334017, 0.999987, 0.00385107] [0.720019, -0.000267481, 0.693954] [204.962, 3.32876, -145.424]]
}

entity{
  _template:t="is_2_1944_a_destroyed"
  transform:m=[[0.923694, 0.00734601, -0.383061] [-0.0205277, 0.999329, -0.0303352] [0.382581, 0.0358838, 0.923225] [252.526, 3.34041, -97.1066]]
}

entity{
  _template:t="pzkpfw_VI_ausf_B_tiger_destroyed"
