import{
  scene:t="content/enlisted/gamedata/scenes/_berlin_city_battle_sounds.blk"
}

entity{
  _template:t="shaderVars"

  "shader_vars__vars:object"{
    hmap_displacement_up:r=0.3
    ocean1:c=142, 137, 71, 0
    ocean0:c=76, 63, 5, 0
    ocean_density:r=0.1
    puddle_hardness:r=12.0
    puddle_flat_noise_normal_effect:r=0.015
    puddle_flat_normal_hardness:r=25.0
    layered_fog_density:r=0.005
    land_selfillum_worldscale:r=1.0
    river1:c=64, 64, 29, 0
    river0:c=49, 47, 41, 0
    hmap_displacement_down:r=-0.15
    puddle_flat_hmap_reduce:r=-0.2
    leaves_ss_profile:p4=1.0, 1.0, 1.0, 0.0
    autodetect_land_selfillum_color:p4=0.176, 0.051, 0.0, 0.094
    paint_details_tex:t="berlin_wall_color_tex_palette*"
    layered_fog_height:r=20.0
    puddle_increase:r=0.0
    land_selfillum_strength:r=50.0
    water_color_noise_size:r=71.0
    puddle_flat_noise_height_reduce:r=0.09
    water_depth_hardness:r=0.41
    river_density:r=10.0
  }
}

entity{
  _template:t="postfx_color_grading_tonemap_death_alive_enlisted"
}

entity{
  _template:t="postfx_roundctrl"

  "post_fx:object"{
  }
}

entity{
  _template:t="wind"
  wind__strength:r=1.3
  wind__dir:r=190.0
}

entity{
  _template:t="minimap_berlin_invasion"
}

entity{
  _template:t="door_mult_ent_generator"
  ri_extra_gen__blk:t="content/e_berlin/gamedata/berlin_doors.blk"
}

entity{
  _template:t="session_finalizer"
  session_finalizer__timer:r=10.0
}

entity{
  _template:t="camera_dust_template"
}

entity{
  _template:t="ri_gpu_object"
  ri_gpu_object__name:t="decal_broken_glass_a"
  ri_gpu_object__biom_indexes:p4=33.0, -1.0, -1.0, -1.0
  ri_gpu_object__grid_size:i=8
  ri_gpu_object__grid_tiling:i=1
  ri_gpu_object__cell_size:r=8.0
  ri_gpu_object__incline_delta:r=0.0
  ri_gpu_object__scale_range:p2=1.0, 1.75
  ri_gpu_object__rotate_range:p2=180.0, 360.0
  ri_gpu_object__seed:i=3
  ri_gpu_object__is_using_normal:b=no
  ri_gpu_object__up_vector:p3=0.0, 1.0, 0.0
  ri_gpu_object__decal:b=yes
  ri_gpu_object__transparent:b=yes
}

entity{
  _template:t="ri_gpu_object"
  ri_gpu_object__name:t="decal_broken_glass_a"
  ri_gpu_object__biom_indexes:p4=51.0, -1.0, -1.0, -1.0
  ri_gpu_object__grid_size:i=8
  ri_gpu_object__grid_tiling:i=1
  ri_gpu_object__cell_size:r=16.0
  ri_gpu_object__incline_delta:r=0.0
  ri_gpu_object__scale_range:p2=1.0, 1.25
  ri_gpu_object__rotate_range:p2=180.0, 360.0
  ri_gpu_object__seed:i=3
  ri_gpu_object__is_using_normal:b=no
  ri_gpu_object__up_vector:p3=0.0, 1.0, 0.0
  ri_gpu_object__decal:b=yes
  ri_gpu_object__transparent:b=yes

  "ri_gpu_object__multiple_objects:array"{

    "ri_gpu_object__multiple_objects:object"{
      name:t="decal_broken_glass_a"
      weight:r=0.3
    }

    "ri_gpu_object__multiple_objects:object"{
      name:t="decal_paper_trash_b"
      weight:r=1.0
    }
  }
}

entity{
  _template:t="ri_gpu_object"
  ri_gpu_object__name:t="debris_bricks_a"
  ri_gpu_object__biom_indexes:p4=33.0, 51.0, 50.0, -1.0
  ri_gpu_object__grid_size:i=8
  ri_gpu_object__grid_tiling:i=5
  ri_gpu_object__cell_size:r=16.0
  ri_gpu_object__incline_delta:r=10.0
  ri_gpu_object__scale_range:p2=0.9, 1.05
  ri_gpu_object__rotate_range:p2=0.0, 960.0
  ri_gpu_object__seed:i=812
  ri_gpu_object__is_using_normal:b=yes

  "ri_gpu_object__multiple_objects:array"{

    "ri_gpu_object__multiple_objects:object"{
      name:t="debris_bricks_a"
      weight:r=1.0
    }

    "ri_gpu_object__multiple_objects:object"{
      name:t="debris_bricks_b"
      weight:r=1.0
    }

    "ri_gpu_object__multiple_objects:object"{
      name:t="debris_bricks_c"
      weight:r=0.5
    }

    "ri_gpu_object__multiple_objects:object"{
      name:t="debris_bricks_d"
      weight:r=1.0
    }

    "ri_gpu_object__multiple_objects:object"{
      name:t="debris_trash_concrete_small_part_c3"
      weight:r=1.0
    }

    "ri_gpu_object__multiple_objects:object"{
      name:t="debris_trash_concrete_small_part_c2"
      weight:r=1.0
    }

    "ri_gpu_object__multiple_objects:object"{
      name:t="debris_trash_concrete_small_part_b3"
      weight:r=0.5
    }

    "ri_gpu_object__multiple_objects:object"{
      name:t="debris_trash_concrete_small_part_b1"
      weight:r=0.5
    }
  }
}

entity{
  _template:t="ri_gpu_object"
  ri_gpu_object__name:t="debris_bricks_a"
  ri_gpu_object__biom_indexes:p4=33.0, 50.0, -1.0, -1.0
  ri_gpu_object__grid_size:i=8
  ri_gpu_object__grid_tiling:i=5
  ri_gpu_object__cell_size:r=16.0
  ri_gpu_object__incline_delta:r=0.0
  ri_gpu_object__scale_range:p2=0.9, 1.05
  ri_gpu_object__rotate_range:p2=0.0, 960.0
  ri_gpu_object__seed:i=112
  ri_gpu_object__is_using_normal:b=yes

  "ri_gpu_object__multiple_objects:array"{

    "ri_gpu_object__multiple_objects:object"{
      name:t="debris_wooden_plank_a"
      weight:r=1.0
    }

    "ri_gpu_object__multiple_objects:object"{
      name:t="debris_wooden_plank_c"
      weight:r=0.5
    }

    "ri_gpu_object__multiple_objects:object"{
      name:t="wooden_beam_g"
      weight:r=1.0
    }

    "ri_gpu_object__multiple_objects:object"{
      name:t="wooden_beam_k"
      weight:r=0.5
    }

    "ri_gpu_object__multiple_objects:object"{
      name:t="wooden_beam_l"
      weight:r=0.5
    }

    "ri_gpu_object__multiple_objects:object"{
      name:t="debris_trash_pile_small_a"
      weight:r=1.0
    }

    "ri_gpu_object__multiple_objects:object"{
      name:t="debris_trash_pile_small_g"
      weight:r=0.5
    }

    "ri_gpu_object__multiple_objects:object"{
      name:t="debris_trash_pile_small_j"
      weight:r=0.5
    }

    "ri_gpu_object__multiple_objects:object"{
      name:t="debris_trash_pile_small_f"
      weight:r=0.5
    }
  }
}

entity{
  _template:t="ri_gpu_object"
  ri_gpu_object__name:t="tree_burnt_branches_small_a"
  ri_gpu_object__biom_indexes:p4=56.0, 12.0, -1.0, -1.0
  ri_gpu_object__grid_size:i=8
  ri_gpu_object__grid_tiling:i=1
  ri_gpu_object__cell_size:r=16.0
  ri_gpu_object__incline_delta:r=0.0
  ri_gpu_object__scale_range:p2=0.9, 1.5
  ri_gpu_object__rotate_range:p2=0.0, 960.0
  ri_gpu_object__seed:i=112
  ri_gpu_object__is_using_normal:b=yes

  "ri_gpu_object__multiple_objects:array"{

    "ri_gpu_object__multiple_objects:object"{
      name:t="tree_burnt_branches_small_a"
      weight:r=0.5
    }

    "ri_gpu_object__multiple_objects:object"{
      name:t="tree_burnt_branches_small_b"
      weight:r=1.0
    }

    "ri_gpu_object__multiple_objects:object"{
      name:t="tree_burnt_branches_small_c"
      weight:r=1.0
    }

    "ri_gpu_object__multiple_objects:object"{
      name:t="tree_burnt_branches_small_d"
      weight:r=1.0
    }
  }
}

entity{
  _template:t="ground_effect"
  ground_effect__fx_name:t="chimney_exhaust"
  ground_effect__biome_group_name:t="burnt_field"
  ground_effect__rot_z:p2=75.0, 10.0
  ground_effect__offset_x:p2=0.0, 5.0
  ground_effect__offset_y:p2=-0.2, 0.2
  ground_effect__offset_z:p2=0.0, 5.0
  ground_effect__grid_cell_size:r=8.0
  ground_effect__grid_world_origin:p2=0.0, 0.0
  ground_effect__vis_radius:r=50.0
  ground_effect__biome_weight_for_active_thr:r=0.25
  ground_effect__fx_radius:r=-1.0
}

entity{
  _template:t="ground_effect"
  ground_effect__fx_name:t="ground_sparkles_10m"
  ground_effect__biome_group_name:t="burnt_field"
  ground_effect__rot_z:p2=75.0, 10.0
  ground_effect__offset_x:p2=0.0, 5.0
  ground_effect__offset_y:p2=-0.2, 0.2
  ground_effect__offset_z:p2=0.0, 5.0
  ground_effect__grid_cell_size:r=16.0
  ground_effect__grid_world_origin:p2=0.0, 0.0
  ground_effect__vis_radius:r=25.0
  ground_effect__biome_weight_for_active_thr:r=0.25
  ground_effect__fx_radius:r=-1.0
}

entity{
  _template:t="ground_effect"
  ground_effect__fx_name:t="ground_ashes_10m"
  ground_effect__biome_group_name:t="burnt_field"
  ground_effect__rot_z:p2=75.0, 10.0
  ground_effect__offset_x:p2=0.0, 5.0
  ground_effect__offset_y:p2=-0.2, 0.2
  ground_effect__offset_z:p2=0.0, 5.0
  ground_effect__grid_cell_size:r=16.0
  ground_effect__grid_world_origin:p2=0.0, 0.0
  ground_effect__vis_radius:r=25.0
  ground_effect__biome_weight_for_active_thr:r=0.25
  ground_effect__fx_radius:r=-1.0
}

entity{
  _template:t="ground_effect"
  ground_effect__fx_name:t="ground_papers_10m"
  ground_effect__biome_group_name:t="asphalt"
  ground_effect__grid_cell_size:r=16.0
  ground_effect__grid_world_origin:p2=0.0, 0.0
  ground_effect__vis_radius:r=50.0
  ground_effect__biome_weight_for_active_thr:r=0.25
  ground_effect__fx_radius:r=-1.0
}

entity{
  _template:t="ground_effect"
  ground_effect__fx_name:t="land_haze"
  ground_effect__biome_group_name:t="burnt_field"
  ground_effect__grid_cell_size:r=16.0
  ground_effect__grid_world_origin:p2=0.0, 0.0
  ground_effect__vis_radius:r=35.0
  ground_effect__biome_weight_for_active_thr:r=0.25
  ground_effect__fx_radius:r=-1.0
}

entity{
  _template:t="effect_area_box"
  effect_area__frequency:r=0.5
  effect_area__pauseChance:r=0.4
  effect_area__pauseLengthMax:r=2.0
  effect_area__effectName:t="background_flash_8s_fx"
  effect_area__isPaused:b=no
  transform:m=[[1.0, 0.0, 0.0] [0.0, 1.0, 0.0] [0.0, 0.0, 1.0] [-941.109, 3.255, -280.225]]
}

entity{
  _template:t="bonfire_effect_background_flash_8s_fx"
  transform:m=[[1.0, 0.0, 0.0] [0.0, 1.0, 0.0] [0.0, 0.0, 1.0] [907.905, 4.67061, -823.634]]
}

entity{
  _template:t="bonfire_effect_background_flash_11s_fx"
  transform:m=[[1.0, 0.0, 0.0] [0.0, 1.0, 0.0] [0.0, 0.0, 1.0] [539.044, 4.67061, -1057.43]]
}

entity{
  _template:t="bonfire_effect_background_flash_11s_fx"
  transform:m=[[1.0, 0.0, 0.0] [0.0, 1.0, 0.0] [0.0, 0.0, 1.0] [71.9746, 4.67061, -998.369]]
}

entity{
  _template:t="bonfire_effect_background_flash_8s_fx"
  transform:m=[[1.0, 0.0, 0.0] [0.0, 1.0, 0.0] [0.0, 0.0, 1.0] [-315.671, 4.67061, -832.595]]
}

entity{
  _template:t="bonfire_effect_background_flash_11s_fx"
  transform:m=[[1.0, 0.0, 0.0] [0.0, 1.0, 0.0] [0.0, 0.0, 1.0] [930.453, 4.67061, -62.9545]]
}

entity{
  _template:t="bonfire_effect_background_flash_8s_fx"
  transform:m=[[1.0, 0.0, 0.0] [0.0, 1.0, 0.0] [0.0, 0.0, 1.0] [444.537, 4.67061, 418.554]]
}

entity{
  _template:t="bonfire_effect_background_flash_11s_fx"
  transform:m=[[1.0, 0.0, 0.0] [0.0, 1.0, 0.0] [0.0, 0.0, 1.0] [1026.4, 4.67061, 62.4067]]
}

entity{
  _template:t="bonfire_effect_background_flash_8s_fx"
  transform:m=[[1.0, 0.0, 0.0] [0.0, 1.0, 0.0] [0.0, 0.0, 1.0] [245.047, 4.67061, 565.389]]
}

entity{
  _template:t="bonfire_effect_volcano_smoke"
  transform:m=[[0.651268, 0.0, 0.238336] [0.0, 0.693508, 0.0] [-0.238336, 0.0, 0.651268] [-1422.33, 3.31363, -2008.51]]
}

entity{
  _template:t="bonfire_effect_volcano_smoke"
  transform:m=[[1.04756, 0.0, 0.102767] [0.0, 1.05258, 0.0] [-0.102767, 0.0, 1.04756] [-2594.46, 3.31412, -2883.46]]
}

entity{
  _template:t="bonfire_effect_volcano_smoke"
  transform:m=[[0.459994, 0.0, 1.03735] [0.0, 1.13476, 0.0] [-1.03735, 0.0, 0.459994] [748.515, 3.41519, -1897.58]]
}

entity{
  _template:t="bonfire_effect_volcano_smoke"
  transform:m=[[1.05317, 0.0, 0.808127] [0.0, 1.32749, 0.0] [-0.808127, 0.0, 1.05317] [1275.77, 3.51234, -1447.33]]
}

entity{
  _template:t="bonfire_effect_volcano_smoke"
  transform:m=[[0.329894, 0.0, 0.924001] [0.0, 0.981123, 0.0] [-0.924001, 0.0, 0.329894] [2304.96, -4.98208, 1116.67]]
}

entity{
  _template:t="bonfire_effect_volcano_smoke"
  transform:m=[[0.5016, 0.0, 0.453116] [0.0, 0.675959, 0.0] [-0.453116, 0.0, 0.5016] [-553.462, -3.11774, 1632.67]]
}

entity{
  _template:t="bonfire_effect_volcano_smoke"
  transform:m=[[0.589822, 0.0, 0.532811] [0.0, 0.794848, 0.0] [-0.532811, 0.0, 0.589822] [56.6985, 3.17503, 2317.45]]
}

entity{
  _template:t="bonfire_effect_volcano_smoke"
  transform:m=[[0.589822, 0.0, 0.532811] [0.0, 0.794848, 0.0] [-0.532811, 0.0, 0.589822] [-2117.65, 3.28224, 2203.81]]
}

entity{
  _template:t="projectors_manager"
  projectors_manager__atmosphereDensity:r=1.0
  projectors_manager__atmosphereMoveDir:p3=1.0, 0.0, 0.0
  projectors_manager__atmosphereMoveSpeed:r=0.0
  projectors_manager__noiseScale:r=30.0
  projectors_manager__noiseStrength:r=1.0
}

entity{
  _template:t="projector"
  projector__color:p3=0.12, 0.12, 0.12
  projector__angle:r=2.5
  projector__sourceWidth:r=1.0
  projector__xAngleAmplitude:r=17.0
  projector__period:r=16.0
  transform:m=[[0.993579, -0.112724, 0.0096606] [0.113137, 0.98995, -0.0848528] [1.41587e-06, 0.0854009, 0.996347] [608.5, 5.44677, -1069.0]]
}

entity{
  _template:t="projector"
  projector__color:p3=0.12, 0.12, 0.12
  projector__angle:r=3.0
  projector__sourceWidth:r=1.0
  projector__zAngleAmplitude:r=24.0
  projector__period:r=14.0
  transform:m=[[0.986453, 0.163682, -0.0109121] [-0.164045, 0.984268, -0.0656179] [-3.76747e-08, 0.066519, 0.997785] [901.874, 4.35867, -75.5519]]
}

entity{
  _template:t="projector"
  projector__color:p3=0.12, 0.12, 0.12
  projector__angle:r=6.0
  projector__sourceWidth:r=1.0
  projector__zAngleAmplitude:r=27.0
  projector__period:r=22.0
  transform:m=[[0.987471, 0.157601, 0.00788061] [-0.157798, 0.986239, 0.049312] [-5.35022e-07, -0.0499378, 0.998752] [696.0, 4.24725, -992.0]]
}

entity{
  _template:t="projector"
  projector__color:p3=0.12, 0.12, 0.12
  projector__angle:r=6.0
  projector__sourceWidth:r=1.0
  projector__zAngleAmplitude:r=17.0
  projector__period:r=18.0
  transform:m=[[0.989228, -0.145985, -0.0108311] [0.146386, 0.986516, 0.0731931] [-4.23149e-08, -0.0739902, 0.997259] [1266.4, 3.808, -405.7]]
}

entity{
  _template:t="projector"
  projector__color:p3=0.12, 0.12, 0.12
  projector__angle:r=5.0
  projector__sourceWidth:r=1.0
  projector__zAngleAmplitude:r=27.0
  projector__period:r=28.0
  transform:m=[[0.990793, -0.135226, 0.00660661] [0.135387, 0.989612, -0.0483524] [5.11569e-07, 0.0488017, 0.998809] [-115.1, 5.47998, -1233.9]]
}

entity{
  _template:t="projector"
  projector__color:p3=0.12, 0.12, 0.12
  projector__angle:r=2.0
  projector__sourceWidth:r=1.0
  projector__zAngleAmplitude:r=27.0
  projector__period:r=18.0
  transform:m=[[0.983821, 0.177945, -0.0207603] [-0.179152, 0.977194, -0.114006] [4.28705e-08, 0.115881, 0.993263] [724.3, 2.0141, 1047.0]]
}

entity{
  _template:t="projector"
  projector__color:p3=0.12, 0.12, 0.12
  projector__angle:r=5.0
  projector__sourceWidth:r=1.0
  projector__zAngleAmplitude:r=18.0
  projector__period:r=14.0
  transform:m=[[0.990771, -0.134661, 0.0154529] [0.135545, 0.984311, -0.112954] [3.96059e-08, 0.114006, 0.99348] [44.0491, 2.31177, 833.972]]
}

entity{
  _template:t="projector"
  projector__color:p3=0.12, 0.12, 0.12
  projector__angle:r=6.0
  projector__sourceWidth:r=1.0
  projector__zAngleAmplitude:r=27.0
  projector__period:r=20.0
  transform:m=[[0.991501, 0.129907, -0.00707932] [-0.1301, 0.990032, -0.0539441] [1.01766e-06, 0.0544067, 0.998519] [539.8, 3.13173, 555.1]]
}

entity{
  _template:t="projector"
  projector__color:p3=0.12, 0.12, 0.12
  projector__angle:r=5.0
  projector__sourceWidth:r=1.0
  projector__zAngleAmplitude:r=18.0
  projector__period:r=14.0
  transform:m=[[0.990771, -0.134661, 0.0154529] [0.135545, 0.984311, -0.112954] [3.96059e-08, 0.114006, 0.99348] [-851.28, 6.30873, 2404.12]]
}

entity{
  _template:t="projector"
  projector__color:p3=0.12, 0.12, 0.12
  projector__angle:r=5.0
  projector__sourceWidth:r=1.0
  projector__zAngleAmplitude:r=27.0
  projector__period:r=28.0
  transform:m=[[0.990771, -0.134661, 0.0154529] [0.135545, 0.984311, -0.112954] [3.96059e-08, 0.114006, 0.99348] [-2096.4, 2.31177, 686.95]]
}

entity{
  _template:t="tracer_launcher"
  transform:m=[[1.0, 0.0, 0.0] [0.0, 1.0, 0.0] [0.0, 0.0, 1.0] [423.804, 2.97412, -977.571]]
  tracer_launcher__shoot_direction:p2=120.0, 50.0
  tracer_launcher__bullet_speed:r=500.0
  tracer_launcher__time_to_fire:r=1.1282
  tracer_launcher__long_cooldown_min_max:p2=0.5, 2.0
  tracer_launcher__long_cooldown_probability:r=0.2
  tracer_launcher__short_cooldown:r=0.1
}

entity{
  _template:t="tracer_launcher"
  transform:m=[[1.0, 0.0, 0.0] [0.0, 1.0, 0.0] [0.0, 0.0, 1.0] [424.635, 2.97412, 634.056]]
  tracer_launcher__bullet_speed:r=500.0
  tracer_launcher__time_to_fire:r=1.1282
  tracer_launcher__long_cooldown_min_max:p2=0.5, 2.0
  tracer_launcher__long_cooldown_probability:r=0.2
  tracer_launcher__short_cooldown:r=0.1
}

entity{
  _template:t="tracer_launcher"
  transform:m=[[1.0, 0.0, 0.0] [0.0, 1.0, 0.0] [0.0, 0.0, 1.0] [298.508, 2.97412, 881.639]]
  tracer_launcher__shoot_direction:p2=45.0, 0.0
  tracer_launcher__rotate_range:p2=30.0, 60.0
  tracer_launcher__bullet_speed:r=500.0
  tracer_launcher__time_to_fire:r=1.1282
  tracer_launcher__long_cooldown_min_max:p2=0.5, 2.0
  tracer_launcher__long_cooldown_probability:r=0.2
  tracer_launcher__short_cooldown:r=0.1
}

entity{
  _template:t="tracer_launcher"
  transform:m=[[1.0, 0.0, 0.0] [0.0, 1.0, 0.0] [0.0, 0.0, 1.0] [103.453, 2.97412, 1101.59]]
  tracer_launcher__shoot_direction:p2=180.0, 5.0
  tracer_launcher__rotate_range:p2=50.0, 120.0
  tracer_launcher__bullet_speed:r=500.0
  tracer_launcher__time_to_fire:r=1.1282
  tracer_launcher__long_cooldown_min_max:p2=0.5, 2.0
  tracer_launcher__long_cooldown_probability:r=0.2
  tracer_launcher__short_cooldown:r=0.1
}

entity{
  _template:t="tracer_launcher"
  transform:m=[[1.0, 0.0, 0.0] [0.0, 1.0, 0.0] [0.0, 0.0, 1.0] [1564.22, 2.97412, -112.722]]
  tracer_launcher__bullet_speed:r=500.0
  tracer_launcher__time_to_fire:r=1.1282
  tracer_launcher__long_cooldown_min_max:p2=0.5, 2.0
  tracer_launcher__long_cooldown_probability:r=0.2
  tracer_launcher__short_cooldown:r=0.1
}

entity{
  _template:t="tracer_launcher"
  transform:m=[[1.0, 0.0, 0.0] [0.0, 1.0, 0.0] [0.0, 0.0, 1.0] [1697.8, 2.97412, -317.409]]
  tracer_launcher__bullet_speed:r=500.0
  tracer_launcher__time_to_fire:r=1.1282
  tracer_launcher__long_cooldown_min_max:p2=0.5, 2.0
  tracer_launcher__long_cooldown_probability:r=0.2
  tracer_launcher__short_cooldown:r=0.1
}

entity{
  _template:t="tracer_launcher"
  transform:m=[[1.0, 0.0, 0.0] [0.0, 1.0, 0.0] [0.0, 0.0, 1.0] [570.875, 2.97412, -1024.4]]
  tracer_launcher__bullet_speed:r=500.0
  tracer_launcher__time_to_fire:r=1.1282
  tracer_launcher__long_cooldown_min_max:p2=0.5, 2.0
  tracer_launcher__long_cooldown_probability:r=0.2
  tracer_launcher__short_cooldown:r=0.1
  tracer_launcher__rotate_range:p2=10.0, 50.0
}

entity{
  _template:t="enemy_attack_marker"
  transform:m=[[-0.0821956, 0.0, 0.996616] [0.0, 1.0, 0.0] [-0.996616, 0.0, -0.0821956] [294.501, 5.88951, -420.378]]
}

entity{
  _template:t="static_cam"
  camera__active:b=yes
  transform:m=[[-0.593215, 0.0, -0.805044] [-0.00886453, 0.999939, 0.00653203] [0.804995, 0.0110112, -0.593179] [308.364, 12.9123, -420.133]]
}

entity{
  _template:t="briefing_invasion"
  mission_name:t="berlin_garden_inv"

  "loading_images:list<t>"{
    item:t="ui/berlin_garden_inv_01.jpg"
    item:t="ui/berlin_garden_inv_02.jpg"
    item:t="ui/berlin_garden_inv_03.jpg"
  }
}

entity{
  _template:t="team_ussr_berlin+team_narrator_invasion_attack+respawn_creators_team"
  team__memberCount:r=0.0
  team__scoreCap:r=1500.0
  team__score:r=1500.0
  team__squadSpawnCost:i=250
  team__firstSpawnCostMul:r=0.0
  team__zeroScoreFailTimer:r=60.0
  team__id:i=1
  team__briefing:t="invasion/attackers_goals"
  team__winSubtitle:t="debriefing/won_invasion_subtitle"
  team__loseSubtitle:t="debriefing/lost_invasion_subtitle"
  team__winTitle:t="debriefing/ussr_won_invasion"
  team__spawnBotArmy:t="moscow_allies"
}

entity{
  _template:t="team_germany_berlin+team_narrator_invasion_defence+respawn_creators_team"
  team__countAdd:r=0.5
  team__memberCount:r=0.5
  team__scoreCap:r=5000.0
  team__capturePenalty:r=1001.0
  team__score:r=5000.0
  team__id:i=2
  team__briefing:t="invasion/defenders_goals"
  team__winSubtitle:t="debriefing/won_defence_subtitle"
  team__loseSubtitle:t="debriefing/lost_defence_subtitle"
  team__winTitle:t="debriefing/ger_won_defence"
  team__spawnBotArmy:t="moscow_axis"
}

entity{
  _template:t="group_activator"
  activator__initialLength:i=5

  "activator__activateChoice:object"{
    sector_1:r=1.0
  }
}

entity{
  _template:t="defend_zone_chained_box+defend_zone_respawnbase"
  transform:m=[[22.5577, 0.0, 0.00486875] [0.0, 3.52158, 0.0] [-0.0661816, 0.0, 23.0936] [249.232, 5.28247, -197.692]]
  groupName:t="sector_1"
  capzone__capRewardPartCap:r=1.125
  capzone__onlyTeamCanCapture:i=1
  capzone__capReward:r=250.0
  capzone__icon:t="AAA"
  capzone__caption:t="capzone/american_embassy"
  capzone__capTime:r=85.0
  capzone__decapTime:r=6000.0
  capzone__capTeam:i=-1
  active:b=no
  capzone__deactivateAfterTimeout:r=25.0
  capzone__spawnAtZoneTimeout:r=25.0
  capzone__createRespawnBaseForTeam:i=2
  capzone__createRespawnBase:t="respawnBaseGroupActivator"
  capzone__createdRespawnBaseGroup:i=3
  decal__height:r=0.1

  "capzone__activateChoice:object"{
    sector_2_a:r=1.0
    sector_2_b:r=2.0
  }
}

entity{
  _template:t="defend_zone_chained_box+defend_zone_respawnbase"
  transform:m=[[19.6073, 0.0, 1.22504] [0.0, 3.39843, 0.0] [-1.56081, 0.0, 18.7108] [281.203, 5.93737, -266.986]]
  groupName:t="sector_2_a"
  capzone__capRewardPartCap:r=1.25
  capzone__onlyTeamCanCapture:i=1
  capzone__capReward:r=250.0
  capzone__icon:t="AAA"
  capzone__caption:t="capzone/goebbels_villa"
  capzone__capTime:r=100.0
  capzone__decapTime:r=6000.0
  capzone__capTeam:i=-1
  active:b=no
  capzone__deactivateAfterTimeout:r=25.0
  capzone__spawnAtZoneTimeout:r=25.0
  capzone__createRespawnBaseForTeam:i=2
  capzone__createRespawnBase:t="respawnBaseGroupActivator"
  capzone__createdRespawnBaseGroup:i=4
  decal__height:r=0.4

  "capzone__activateChoice:object"{
    sector_3_a:r=1.0
    sector_3_b:r=2.0
  }
}

entity{
  _template:t="defend_zone_chained_box+defend_zone_respawnbase"
  transform:m=[[27.9244, 0.0, 1.74468] [0.0, 3.39843, 0.0] [-1.56081, 0.0, 18.7108] [285.616, 12.2479, -266.71]]
  groupName:t="sector_2_b"
  capzone__capRewardPartCap:r=1.25
  capzone__onlyTeamCanCapture:i=1
  capzone__capReward:r=250.0
  capzone__icon:t="AAA"
  capzone__caption:t="capzone/goebbels_villa"
  capzone__capTime:r=100.0
  capzone__decapTime:r=6000.0
  capzone__capTeam:i=-1
  active:b=no
  capzone__deactivateAfterTimeout:r=25.0
  capzone__spawnAtZoneTimeout:r=25.0
  capzone__createRespawnBaseForTeam:i=2
  capzone__createRespawnBase:t="respawnBaseGroupActivator"
  capzone__createdRespawnBaseGroup:i=8
  decal__height:r=0.4

  "capzone__activateChoice:object"{
    sector_3_a:r=1.0
    sector_3_b:r=2.0
  }
}

entity{
  _template:t="defend_zone_chained_sphere+defend_zone_respawnbase"
  transform:m=[[1.14964, 0.0, -0.354027] [0.0, 1.0, 0.0] [0.281586, 0.0, 0.918043] [329.951, 3.38555, -328.161]]
  sphere_zone__radius:r=15.5
  groupName:t="sector_3_a"
  capzone__capRewardPartCap:r=1.375
  capzone__onlyTeamCanCapture:i=1
  capzone__capReward:r=500.0
  capzone__icon:t="AAA"
  capzone__caption:t="capzone/ministry_gardens"
  capzone__capTime:r=85.0
  capzone__decapTime:r=6000.0
  capzone__capTeam:i=-1
  active:b=no
  capzone__deactivateAfterTimeout:r=25.0
  capzone__spawnAtZoneTimeout:r=25.0
  capzone__createRespawnBaseForTeam:i=2
  capzone__createRespawnBase:t="respawnBaseGroupActivator"
  capzone__createdRespawnBaseGroup:i=5
  capzone__iconOffsetY:r=1.5

  "capzone__activateChoice:object"{
    sector_4:r=1.0
  }
}

entity{
  _template:t="defend_zone_chained_sphere+defend_zone_respawnbase"
  transform:m=[[-0.345353, 0.0118334, 0.887479] [-0.00408257, 0.999882, -0.0144935] [-0.937001, -0.00907765, -0.344144] [245.872, 2.92533, -369.069]]
  sphere_zone__radius:r=17.5
  groupName:t="sector_3_b"
  capzone__capRewardPartCap:r=1.375
  capzone__onlyTeamCanCapture:i=1
  capzone__capReward:r=500.0
  capzone__icon:t="AAA"
  capzone__caption:t="capzone/warehouse"
  capzone__capTime:r=95.0
  capzone__decapTime:r=6000.0
  capzone__capTeam:i=-1
  active:b=no
  capzone__deactivateAfterTimeout:r=25.0
  capzone__spawnAtZoneTimeout:r=25.0
  capzone__createRespawnBaseForTeam:i=2
  capzone__createRespawnBase:t="respawnBaseGroupActivator"
  capzone__createdRespawnBaseGroup:i=9
  decal__height:r=0.8
  capzone__iconOffsetY:r=2.0

  "capzone__activateChoice:object"{
    sector_4:r=1.0
  }
}

entity{
  _template:t="defend_zone_chained_box+defend_zone_respawnbase"
  transform:m=[[-1.26167, 0.0, 9.20133] [0.0, 3.47757, 0.0] [30.694, 0.0, 5.6144] [348.41, 4.86659, -474.081]]
  groupName:t="sector_4"
  capzone__capRewardPartCap:r=1.5
  capzone__onlyTeamCanCapture:i=1
  capzone__capReward:r=250.0
  capzone__icon:t="AAA"
  capzone__caption:t="capzone/greenhouse"
  capzone__capTime:r=100.0
  capzone__decapTime:r=6000.0
  capzone__capTeam:i=-1
  active:b=no
  capzone__deactivateAfterTimeout:r=25.0
  capzone__spawnAtZoneTimeout:r=25.0
  capzone__createRespawnBaseForTeam:i=2
  capzone__createRespawnBase:t="respawnBaseGroupActivator"
  capzone__createdRespawnBaseGroup:i=6

  "capzone__activateChoice:object"{
    sector_5_b:r=2.0
    sector_5_a:r=1.0
  }
}

entity{
  _template:t="defend_zone_chained_sphere+defend_zone_respawnbase"
  transform:m=[[-0.894814, 0.0, -0.28918] [0.0, 1.0, 0.0] [0.308762, 0.0, -0.951132] [458.397, 3.22786, -514.966]]
  sphere_zone__radius:r=13.5
  groupName:t="sector_5_a"
  capzone__onlyTeamCanCapture:i=1
  capzone__capReward:r=250.0
  capzone__icon:t="AAA"
  capzone__caption:t="capzone/hitlers_bunker"
  capzone__capTime:r=95.0
  capzone__decapTime:r=6000.0
  capzone__capTeam:i=-1
  active:b=no
  capzone__deactivateAfterTimeout:r=25.0
  capzone__spawnAtZoneTimeout:r=25.0
  capzone__createRespawnBaseForTeam:i=2
  capzone__createRespawnBase:t="respawnBaseGroupActivator"
  capzone__createdRespawnBaseGroup:i=7
  decal__height:r=0.2
  capzone__iconOffsetY:r=1.8
}

entity{
  _template:t="defend_zone_chained_sphere+defend_zone_respawnbase"
  transform:m=[[0.546181, 0.0, -0.765509] [0.0, 1.0, 0.0] [0.813271, 0.0, 0.581873] [467.816, 3.22786, -467.551]]
  sphere_zone__radius:r=13.5
  groupName:t="sector_5_b"
  capzone__onlyTeamCanCapture:i=1
  capzone__capReward:r=250.0
  capzone__icon:t="AAA"
  capzone__caption:t="capzone/garage"
  capzone__capTime:r=95.0
  capzone__decapTime:r=6000.0
  capzone__capTeam:i=-1
  active:b=no
  capzone__deactivateAfterTimeout:r=25.0
  capzone__spawnAtZoneTimeout:r=25.0
  capzone__createRespawnBaseForTeam:i=2
  capzone__createRespawnBase:t="respawnBaseGroupActivator"
  capzone__createdRespawnBaseGroup:i=10
  decal__height:r=0.2
  capzone__iconOffsetY:r=1.8
}

entity{
  _template:t="respawnBaseWithGroupOnCapturePoint"
  transform:m=[[0.00683085, 0.0, 0.999977] [0.0, 1.0, 0.0] [-0.999977, 0.0, 0.00683085] [248.968, 5.38675, -208.586]]
  groupName:t="sector_1"
  respawnBaseGroup:i=3
  active:b=no
}

entity{
  _template:t="respawnBaseWithGroupOnCapturePoint"
  transform:m=[[-0.163459, 0.0, 0.986551] [0.0, 1.0, 0.0] [-0.986551, 0.0, -0.163459] [256.696, 5.38675, -205.185]]
  groupName:t="sector_1"
  respawnBaseGroup:i=3
  active:b=no
}

entity{
  _template:t="respawnBaseWithGroupOnCapturePoint"
  transform:m=[[0.00683085, 0.0, 0.999977] [0.0, 1.0, 0.0] [-0.999977, 0.0, 0.00683085] [242.651, 5.38675, -206.261]]
  groupName:t="sector_1"
  respawnBaseGroup:i=3
  active:b=no
}

entity{
  _template:t="respawnBaseWithGroupOnCapturePoint"
  transform:m=[[0.0585995, 0.0, 0.998282] [0.0, 1.0, 0.0] [-0.998282, 0.0, 0.0585995] [274.073, 4.9374, -273.234]]
  groupName:t="sector_2_a"
  respawnBaseGroup:i=4
  active:b=no
}

entity{
  _template:t="respawnBaseWithGroupOnCapturePoint"
  transform:m=[[-0.102101, 0.0, 0.994774] [0.0, 1.0, 0.0] [-0.994774, 0.0, -0.102101] [290.183, 4.9374, -273.544]]
  groupName:t="sector_2_a"
  respawnBaseGroup:i=4
  active:b=no
}

entity{
  _template:t="respawnBaseWithGroupOnCapturePoint"
  transform:m=[[0.149547, 0.0, 0.988755] [0.0, 1.0, 0.0] [-0.988755, 0.0, 0.149547] [274.547, 10.8739, -272.714]]
  groupName:t="sector_2_b"
  respawnBaseGroup:i=8
  team:i=2
  active:b=no
}

entity{
  _template:t="respawnBaseWithGroupOnCapturePoint"
  transform:m=[[-0.99754, 0.0, -0.0700961] [0.0, 1.0, 0.0] [0.0700961, 0.0, -0.99754] [295.924, 10.7487, -264.09]]
  groupName:t="sector_2_b"
  respawnBaseGroup:i=8
  team:i=2
  active:b=no
}

entity{
  _template:t="respawnBaseWithGroupOnCapturePoint"
  transform:m=[[-0.265448, 0.0, 0.964126] [0.0, 1.0, 0.0] [-0.964126, 0.0, -0.265448] [338.469, 4.02633, -334.242]]
  active:b=no
  groupName:t="sector_3_a"
  respawnBaseGroup:i=5
}

entity{
  _template:t="respawnBaseWithGroupOnCapturePoint"
  transform:m=[[-0.0953916, 0.0, 0.99544] [0.0, 1.0, 0.0] [-0.99544, 0.0, -0.0953916] [332.086, 4.02633, -334.987]]
  active:b=no
  groupName:t="sector_3_a"
  respawnBaseGroup:i=5
}

entity{
  _template:t="respawnBaseWithGroupOnCapturePoint"
  transform:m=[[-0.474888, 0.0, 0.880046] [0.0, 1.0, 0.0] [-0.880046, 0.0, -0.474888] [241.6, 3.29842, -383.877]]
  groupName:t="sector_3_b"
  team:i=2
  respawnBaseGroup:i=9
  active:b=no
}

entity{
  _template:t="respawnBaseWithGroupOnCapturePoint"
  transform:m=[[0.15648, 0.0, 0.987681] [0.0, 1.0, 0.0] [-0.987681, 0.0, 0.15648] [240.654, 3.15386, -371.884]]
  groupName:t="sector_3_b"
  respawnBaseGroup:i=9
  team:i=2
  active:b=no
}

entity{
  _template:t="respawnBaseWithGroupOnCapturePoint"
  transform:m=[[-0.435321, 0.0, 0.900277] [0.0, 1.0, 0.0] [-0.900277, 0.0, -0.435321] [356.779, 4.08246, -474.718]]
  active:b=no
  groupName:t="sector_4"
  respawnBaseGroup:i=6
}

entity{
  _template:t="respawnBaseWithGroupOnCapturePoint"
  transform:m=[[-0.0416754, 0.0, 0.999133] [0.0, 1.0, 0.0] [-0.999133, 0.0, -0.0416754] [346.585, 4.08246, -475.741]]
  active:b=no
  groupName:t="sector_4"
  respawnBaseGroup:i=6
}

entity{
  _template:t="respawnBaseWithGroupOnCapturePoint"
  transform:m=[[-0.809089, 0.0, 0.587687] [0.0, 1.0, 0.0] [-0.587688, 0.0, -0.809089] [463.671, 4.33934, -504.818]]
  active:b=no
  groupName:t="sector_5_a"
  respawnBaseGroup:i=7
}

entity{
  _template:t="respawnBaseWithGroupOnCapturePoint"
  transform:m=[[-0.850854, 0.0, -0.525402] [0.0, 1.0, 0.0] [0.525403, 0.0, -0.850855] [472.407, 4.33934, -510.829]]
  active:b=no
  groupName:t="sector_5_a"
  respawnBaseGroup:i=7
}

entity{
  _template:t="respawnBaseWithGroupOnCapturePoint"
  transform:m=[[-0.761586, 0.0, 0.648063] [0.0, 1.0, 0.0] [-0.648063, 0.0, -0.761586] [467.842, 3.58444, -472.584]]
  groupName:t="sector_5_b"
  respawnBaseGroup:i=10
  team:i=2
  active:b=no
}

entity{
  _template:t="respawnBaseWithGroupOnCapturePoint"
  transform:m=[[-0.999309, 0.0, 0.0371769] [0.0, 1.0, 0.0] [-0.0371769, 0.0, -0.999309] [469.375, 4.0107, -469.543]]
  groupName:t="sector_5_b"
  respawnBaseGroup:i=10
  team:i=2
  active:b=no
}

entity{
  _template:t="respawnChooser+respTeam1"
  transform:m=[[0.901576, 0.0, -0.432619] [0.0, 1.0, 0.0] [0.432619, 0.0, 0.901576] [170.399, 4.0263, -108.886]]
  groupName:t="sector_1"
  active:b=no
}

entity{
  _template:t="respawnChooser+respTeam1"
  transform:m=[[0.62113, 0.0, -0.783707] [0.0, 1.0, 0.0] [0.783707, 0.0, 0.62113] [168.912, 4.0263, -110.616]]
  groupName:t="sector_1"
  active:b=no
}

entity{
  _template:t="respawnChooser+respTeam1"
  transform:m=[[-0.601172, 0.0, -0.799119] [0.0, 1.0, 0.0] [0.799119, 0.0, -0.601172] [300.478, 4.0263, -88.4518]]
  respawnBaseGroup:i=2
  groupName:t="sector_1"
  active:b=no
}

entity{
  _template:t="respawnChooser+respTeam1"
  transform:m=[[-0.591594, 0.0, -0.806235] [0.0, 1.0, 0.0] [0.806235, 0.0, -0.591594] [314.466, 4.0263, -99.9987]]
  respawnBaseGroup:i=2
  groupName:t="sector_1"
  active:b=no
}

entity{
  _template:t="respawnChooser+respTeam1"
  transform:m=[[-0.998456, 0.0, -0.0555308] [0.0, 1.0, 0.0] [0.0555308, 0.0, -0.998456] [303.642, 4.0263, -96.4281]]
  groupName:t="sector_1"
  active:b=no
  respawnBaseGroup:i=2
}

entity{
  _template:t="respawnChooser+respVehicle"
  transform:m=[[0.217626, 0.0, -0.976032] [0.0, 1.0, 0.0] [0.976032, 0.0, 0.217626] [199.095, 4.0263, -49.8249]]
  groupName:t="sector_1"
  team:i=1
  respTime:i=150
  maxVehicleOnSpawn:i=2
  active:b=no
}

entity{
  _template:t="respawnChooser+respTeam2"
  transform:m=[[-0.196206, 0.0, 0.980563] [0.0, 1.0, 0.0] [-0.980563, 0.0, -0.196206] [283.211, 4.89131, -273.126]]
  groupName:t="sector_1"
  active:b=no
}

entity{
  _template:t="respawnChooser+respTeam2"
  transform:m=[[-0.818701, 0.0, 0.574221] [0.0, 1.0, 0.0] [-0.574221, 0.0, -0.818701] [273.758, 4.08289, -281.563]]
  groupName:t="sector_1"
  active:b=no
  respawnBaseGroup:i=1
}

entity{
  _template:t="respawnChooser+respTeam2"
  transform:m=[[-0.224202, 0.0, 0.974543] [0.0, 1.0, 0.0] [-0.974543, 0.0, -0.224202] [312.195, 4.71337, -269.928]]
  respawnBaseGroup:i=2
  lastSpawnOnTime:r=-11.0
  groupName:t="sector_1"
  active:b=no
}

entity{
  _template:t="respawnChooser+respTeam2"
  transform:m=[[-0.15791, 0.0, 0.987454] [0.0, 1.0, 0.0] [-0.987454, 0.0, -0.15791] [303.317, 4.93915, -272.683]]
  respawnBaseGroup:i=2
  groupName:t="sector_1"
  active:b=no
}

entity{
  _template:t="respawnChooser+respTeam2"
  transform:m=[[-0.072267, 0.0, 0.997386] [0.0, 1.0, 0.0] [-0.997386, 0.0, -0.072267] [314.752, 4.71337, -269.101]]
  groupName:t="sector_1"
  active:b=no
  respawnBaseGroup:i=2
}

entity{
  _template:t="respawnChooser+respVehicle"
  transform:m=[[0.0125324, 0.0, 0.999921] [0.0, 1.0, 0.0] [-0.999921, 0.0, 0.0125324] [264.891, 4.64341, -338.948]]
  groupName:t="sector_1"
  team:i=2
  respTime:i=150
  maxVehicleOnSpawn:i=2
  active:b=no
}

entity{
  _template:t="respawnChooser+respTeam1"
  transform:m=[[0.209507, 0.0, -0.977807] [0.0, 1.0, 0.0] [0.977807, 0.0, 0.209507] [256.83, 5.23858, -165.665]]
  groupName:t="sector_2_a"
  active:b=no
}

entity{
  _template:t="respawnChooser+respTeam1"
  transform:m=[[-0.325545, 0.0, -0.945527] [0.0, 1.0, 0.0] [0.945527, 0.0, -0.325545] [242.018, 5.16364, -166.598]]
  groupName:t="sector_2_a"
  active:b=no
}

entity{
  _template:t="respawnChooser+respTeam1"
  transform:m=[[-0.0291983, 0.0, -0.999573] [0.0, 1.0, 0.0] [0.999573, 0.0, -0.0291983] [250.268, 5.23858, -166.111]]
  active:b=no
  groupName:t="sector_2_a"
}

entity{
  _template:t="respawnChooser+respTeam1"
  transform:m=[[-0.875414, 0.0, -0.483373] [0.0, 1.0, 0.0] [0.483373, 0.0, -0.875414] [323.367, 4.10296, -159.448]]
  groupName:t="sector_2_a"
  active:b=no
  respawnBaseGroup:i=2
}

entity{
  _template:t="respawnChooser+respTeam1"
  transform:m=[[0.166057, 0.0, -0.986115] [0.0, 1.0, 0.0] [0.986115, 0.0, 0.166057] [298.4, 4.02632, -168.8]]
  groupName:t="sector_2_a"
  active:b=no
  respawnBaseGroup:i=2
}

entity{
  _template:t="respawnChooser+respVehicle"
  transform:m=[[0.436452, 0.0, -0.899729] [0.0, 1.0, 0.0] [0.899729, 0.0, 0.436452] [204.514, 4.02632, -123.698]]
  groupName:t="sector_2_a"
  team:i=1
  respTime:i=150
  maxVehicleOnSpawn:i=2
  active:b=no
}

entity{
  _template:t="respawnChooser+respTeam2"
  transform:m=[[-0.243381, 0.0, 0.969931] [0.0, 1.0, 0.0] [-0.969931, 0.0, -0.243381] [332.539, 3.70734, -335.609]]
  groupName:t="sector_2_a"
  active:b=no
}

entity{
  _template:t="respawnChooser+respTeam2"
  transform:m=[[-0.265448, 0.0, 0.964126] [0.0, 1.0, 0.0] [-0.964126, 0.0, -0.265448] [338.592, 3.77197, -334.593]]
  groupName:t="sector_2_a"
  active:b=no
}

entity{
  _template:t="respawnChooser+respTeam2"
  transform:m=[[0.0363639, 0.0, 0.999339] [0.0, 1.0, 0.0] [-0.999339, 0.0, 0.0363639] [229.425, 3.59499, -359.232]]
  groupName:t="sector_2_a"
  respawnBaseGroup:i=2
  active:b=no
}

entity{
  _template:t="respawnChooser+respTeam2"
  transform:m=[[0.803552, 0.0, 0.595235] [0.0, 1.0, 0.0] [-0.595235, 0.0, 0.803552] [245.759, 3.71991, -359.769]]
  groupName:t="sector_2_a"
  respawnBaseGroup:i=2
  active:b=no
}

entity{
  _template:t="respawnChooser+respVehicle"
  transform:m=[[0.0493342, 0.0, 0.998782] [0.0, 1.0, 0.0] [-0.998782, 0.0, 0.0493342] [206.464, 4.63162, -429.788]]
  groupName:t="sector_2_a"
  team:i=2
  respTime:i=150
  maxVehicleOnSpawn:i=2
  active:b=no
}

entity{
  _template:t="respawnChooser+respTeam1"
  transform:m=[[0.25926, 0.0, -0.965807] [0.0, 1.0, 0.0] [0.965807, 0.0, 0.25926] [256.819, 5.33973, -165.629]]
  groupName:t="sector_2_b"
  active:b=no
}

entity{
  _template:t="respawnChooser+respTeam1"
  transform:m=[[0.0952598, 0.0, -0.995453] [0.0, 1.0, 0.0] [0.995453, 0.0, 0.0952598] [250.274, 5.21013, -166.166]]
  groupName:t="sector_2_b"
  active:b=no
}

entity{
  _template:t="respawnChooser+respTeam1"
  transform:m=[[-0.123088, 0.0, -0.992395] [0.0, 1.0, 0.0] [0.992395, 0.0, -0.123088] [241.899, 5.18414, -166.641]]
  groupName:t="sector_2_b"
  active:b=no
}

entity{
  _template:t="respawnChooser+respTeam1"
  transform:m=[[-0.862831, 0.0, -0.505492] [0.0, 1.0, 0.0] [0.505492, 0.0, -0.862831] [324.82, 3.99185, -161.159]]
  active:b=no
  groupName:t="sector_2_b"
  respawnBaseGroup:i=2
}

entity{
  _template:t="respawnChooser+respTeam1"
  transform:m=[[-0.0399733, 0.0, -0.9992] [0.0, 1.0, 0.0] [0.9992, 0.0, -0.0399733] [298.638, 4.20599, -168.092]]
  groupName:t="sector_2_b"
  respawnBaseGroup:i=2
  active:b=no
}

entity{
  _template:t="respawnChooser+respVehicle"
  transform:m=[[0.49984, 0.0, -0.866117] [0.0, 1.0, 0.0] [0.866117, 0.0, 0.49984] [205.911, 3.72872, -126.356]]
  groupName:t="sector_2_b"
  team:i=1
  respTime:i=150
  maxVehicleOnSpawn:i=2
  active:b=no
}

entity{
  _template:t="respawnChooser+respTeam2"
  transform:m=[[0.0689018, 0.0, 0.997623] [0.0, 1.0, 0.0] [-0.997623, 0.0, 0.0689018] [331.945, 3.27008, -334.331]]
  groupName:t="sector_2_b"
  active:b=no
}

entity{
  _template:t="respawnChooser+respTeam2"
  transform:m=[[-0.487687, 0.0, 0.873019] [0.0, 1.0, 0.0] [-0.873019, 0.0, -0.487687] [338.458, 3.27008, -333.445]]
  groupName:t="sector_2_b"
  active:b=no
}

entity{
  _template:t="respawnChooser+respTeam2"
  transform:m=[[-0.155665, 0.0, 0.98781] [0.0, 1.0, 0.0] [-0.98781, 0.0, -0.155665] [230.652, 3.60672, -359.901]]
  groupName:t="sector_2_b"
  active:b=no
  respawnBaseGroup:i=2
}

entity{
  _template:t="respawnChooser+respTeam2"
  transform:m=[[0.855244, 0.0, 0.518226] [0.0, 1.0, 0.0] [-0.518226, 0.0, 0.855244] [246.161, 3.5676, -359.815]]
  active:b=no
  groupName:t="sector_2_b"
  respawnBaseGroup:i=2
}

entity{
  _template:t="respawnChooser+respVehicle"
  transform:m=[[-0.0554006, 0.0, 0.998464] [0.0, 1.0, 0.0] [-0.998464, 0.0, -0.0554006] [207.71, 3.8772, -428.355]]
  groupName:t="sector_2_b"
  team:i=2
  respTime:i=150
  maxVehicleOnSpawn:i=2
  active:b=no
}

entity{
  _template:t="respawnChooser+respTeam1"
  transform:m=[[0.614678, 0.0, -0.788778] [0.0, 1.0, 0.0] [0.788776, 0.0, 0.614678] [255.546, 5.67817, -219.115]]
  groupName:t="sector_3_a"
  active:b=no
}

entity{
  _template:t="respawnChooser+respTeam1"
  transform:m=[[0.793844, 0.0, -0.608122] [0.0, 1.0, 0.0] [0.608122, 0.0, 0.793844] [298.225, 3.59242, -193.341]]
  groupName:t="sector_3_a"
  active:b=no
}

entity{
  _template:t="respawnChooser+respTeam1"
  transform:m=[[0.320023, 0.0, -0.94741] [0.0, 1.0, 0.0] [0.94741, 0.0, 0.320024] [329.767, 7.56779, -207.975]]
  groupName:t="sector_3_a"
  active:b=no
  respawnBaseGroup:i=2
}

entity{
  _template:t="respawnChooser+respTeam1"
  transform:m=[[-0.842601, 0.0, -0.538537] [0.0, 1.0, 0.0] [0.538538, 0.0, -0.842602] [360.606, 8.72818, -200.985]]
  respawnBaseGroup:i=2
  groupName:t="sector_3_a"
  active:b=no
}

entity{
  _template:t="respawnChooser+respVehicle"
  transform:m=[[0.443194, 0.0, -0.896426] [0.0, 1.0, 0.0] [0.896425, 0.0, 0.443195] [180.565, 4.44109, -188.671]]
  groupName:t="sector_3_a"
  team:i=1
  respTime:i=150
  maxVehicleOnSpawn:i=2
  active:b=no
}

entity{
  _template:t="respawnChooser+respTeam2"
  transform:m=[[-0.20658, 0.0, 0.97843] [0.0, 1.0, 0.0] [-0.97843, 0.0, -0.20658] [319.664, 3.98751, -439.081]]
  active:b=no
  groupName:t="sector_3_a"
}

entity{
  _template:t="respawnChooser+respTeam2"
  transform:m=[[0.702627, 0.0, 0.711559] [0.0, 1.0, 0.0] [-0.711559, 0.0, 0.702627] [291.863, 5.55901, -424.257]]
  groupName:t="sector_3_a"
  active:b=no
}

entity{
  _template:t="respawnChooser+respTeam2"
  transform:m=[[-0.109755, 0.0, 0.993959] [0.0, 1.0, 0.0] [-0.993959, 0.0, -0.109755] [339.144, 3.92227, -434.103]]
  groupName:t="sector_3_a"
  active:b=no
}

entity{
