import{
  scene:t="content/enlisted/gamedata/scenes/_berlin_opera_gpu_objects.blk"
  scene:t="content/enlisted/gamedata/scenes/_berlin_opera_biom_fx.blk"
  scene:t="content/enlisted/gamedata/scenes/_berlin_opera_background_fx.blk"
  scene:t="content/enlisted/gamedata/scenes/_berlin_opera_projectors.blk"
  scene:t="content/enlisted/gamedata/scenes/_berlin_opera_tracers.blk"
}

import{
  scene:t="content/enlisted/gamedata/scenes/_berlin_opera_level.blk"
}

entity{
  _template:t="group_activator"

  "activator__activateChoice:object"{
    sector_1:r=1.0
  }
}

entity{
  _template:t="enemy_attack_marker"
}

entity{
  _template:t="static_cam"
  camera__active:b=yes
  transform:m=[[0.698402, 0.0, 0.715705] [0.0078808, 0.999939, -0.00769027] [-0.715662, 0.0110112, 0.69836] [118.939, 26.0507, 31.2408]]
}

entity{
  _template:t="briefing_invasion"
  mission_name:t="berlin_moat_inv"

  "loading_images:list<t>"{
    item:t="ui/berlin_moat_01.jpg"
    item:t="ui/berlin_moat_02.jpg"
    item:t="ui/berlin_opera_inv_01.jpg"
  }
}

entity{
  _template:t="team_ussr_berlin+team_narrator_invasion_defence+respawn_creators_team"
  team__countAdd:r=0.5
  team__memberCount:r=0.5
  team__scoreCap:r=5000.0
  team__capturePenalty:r=1001.0
  team__score:r=5000.0
  team__id:i=1
  team__briefing:t="invasion/defenders_goals"
  team__winSubtitle:t="debriefing/won_defence_subtitle"
  team__loseSubtitle:t="debriefing/lost_defence_subtitle"
  team__winTitle:t="debriefing/ussr_won_defence"
  team__spawnBotArmy:t="moscow_allies"
}

entity{
  _template:t="team_germany_berlin+team_narrator_invasion_attack+respawn_creators_team"
  team__memberCount:r=0.0
  team__scoreCap:r=1750.0
  team__score:r=1750.0
  team__squadSpawnCost:i=250
  team__firstSpawnCostMul:r=0.0
  team__zeroScoreFailTimer:r=60.0
  team__id:i=2
  team__briefing:t="invasion/attackers_goals"
  team__winSubtitle:t="debriefing/won_invasion_subtitle"
  team__loseSubtitle:t="debriefing/lost_invasion_subtitle"
  team__winTitle:t="debriefing/ger_won_invasion"
  team__spawnBotArmy:t="moscow_axis"
}

entity{
  _template:t="defend_zone_chained_box+defend_zone_respawnbase"
  transform:m=[[25.0686, 0.0, 0.478989] [0.0, 9.59467, 0.0] [-0.674246, 0.0, 35.2878] [-0.525845, 8.21819, 176.104]]
  capzone__capRewardPartCap:r=1.5
  capzone__onlyTeamCanCapture:i=2
  capzone__curTeamCapturingZone:i=-1
  groupName:t="sector_1"
  capzone__capTime:r=30.0
  capzone__capTeam:i=-1
  active:b=no
  capzone__decapTime:r=600.0
  ui_order:i=1
  capzone__capReward:r=250.0
  capzone__icon:t="AAA"
  capzone__caption:t="capzone/reichstag_square"
  capzone__deactivateAfterTimeout:r=25.0
  capzone__spawnAtZoneTimeout:r=25.0
  capzone__createRespawnBaseForTeam:i=1
  capzone__createRespawnBase:t="respawnBaseGroupActivator"
  capzone__createdRespawnBaseGroup:i=3
  decal__thickness:r=0.4
  decal__height:r=2.5

  "capzone__activateChoice:object"{
    sector_2:r=1.0
    sector_2_b:r=1.0
  }
}

entity{
  _template:t="defend_zone_chained_sphere+defend_zone_respawnbase"
  transform:m=[[3.14109, 0.0, 0.0] [0.0, 2.67924, 0.0] [0.0, 0.0, 4.03654] [-148.805, 5.70108, 178.662]]
  capzone__capRewardPartCap:r=1.4
  capzone__onlyTeamCanCapture:i=2
  capzone__curTeamCapturingZone:i=-1
  groupName:t="sector_2"
  capzone__capTime:r=30.0
  capzone__capTeam:i=-1
  active:b=no
  capzone__decapTime:r=600.0
  ui_order:i=2
  capzone__capReward:r=250.0
  capzone__icon:t="AAA"
  capzone__caption:t="capzone/moat"
  capzone__deactivateAfterTimeout:r=25.0
  capzone__spawnAtZoneTimeout:r=25.0
  capzone__createRespawnBaseForTeam:i=1
  capzone__createRespawnBase:t="respawnBaseGroupActivator"
  capzone__createdRespawnBaseGroup:i=4
  decal__thickness:r=0.3
  decal__height:r=7.0

  "capzone__activateChoice:object"{
    sector_3:r=1.0
    sector_3_a:r=1.0
  }
}

entity{
  _template:t="defend_zone_chained_sphere+defend_zone_respawnbase"
  transform:m=[[1.75696, 0.0, -1.06523] [0.0, 1.72043, 0.0] [1.08401, 0.0, 1.78794] [-79.6335, 2.90511, 271.409]]
  capzone__capRewardPartCap:r=1.4
  capzone__onlyTeamCanCapture:i=2
  capzone__curTeamCapturingZone:i=-1
  groupName:t="sector_2_b"
  capzone__capTime:r=30.0
  capzone__capTeam:i=-1
  active:b=no
  capzone__decapTime:r=600.0
  ui_order:i=2
  capzone__capReward:r=250.0
  capzone__icon:t="AAA"
  capzone__caption:t="capzone/bunker"
  capzone__deactivateAfterTimeout:r=25.0
  capzone__spawnAtZoneTimeout:r=25.0
  capzone__createRespawnBaseForTeam:i=1
  capzone__createRespawnBase:t="respawnBaseGroupActivator"
  capzone__createdRespawnBaseGroup:i=8
  decal__thickness:r=0.3
  decal__height:r=3.0

  "capzone__activateChoice:object"{
    sector_3_b:r=1.0
  }
}

entity{
  _template:t="defend_zone_chained_sphere+defend_zone_respawnbase"
  transform:m=[[0.928624, 0.0, 0.0] [0.0, 1.0, 0.0] [0.0, 0.0, 1.0] [-222.309, 3.39272, 288.817]]
  capzone__capRewardPartCap:r=1.4
  capzone__onlyTeamCanCapture:i=2
  capzone__curTeamCapturingZone:i=-1
  groupName:t="sector_3_a"
  capzone__capTime:r=30.0
  capzone__capTeam:i=-1
  active:b=no
  capzone__decapTime:r=600.0
  ui_order:i=2
  capzone__capReward:r=250.0
  capzone__icon:t="AAA"
  capzone__caption:t="capzone/constructions"
  capzone__deactivateAfterTimeout:r=25.0
  capzone__spawnAtZoneTimeout:r=25.0
  capzone__createRespawnBaseForTeam:i=1
  capzone__createRespawnBase:t="respawnBaseGroupActivator"
  capzone__createdRespawnBaseGroup:i=9
  decal__thickness:r=0.3
  decal__height:r=3.0
  sphere_zone__radius:r=18.0
  capzone__iconOffsetY:r=2.0

  "capzone__activateChoice:object"{
    sector_4_b:r=1.0
  }
}

entity{
  _template:t="defend_zone_chained_sphere+defend_zone_respawnbase"
  transform:m=[[0.928624, 0.0, 0.0] [0.0, 1.0, 0.0] [0.0, 0.0, 1.0] [-222.583, 3.39272, 288.817]]
  capzone__capRewardPartCap:r=1.4
  capzone__onlyTeamCanCapture:i=2
  capzone__curTeamCapturingZone:i=-1
  groupName:t="sector_3_b"
  capzone__capTime:r=30.0
  capzone__capTeam:i=-1
  active:b=no
  capzone__decapTime:r=600.0
  ui_order:i=2
  capzone__capReward:r=250.0
  capzone__icon:t="AAA"
  capzone__caption:t="capzone/constructions"
  capzone__deactivateAfterTimeout:r=25.0
  capzone__spawnAtZoneTimeout:r=25.0
  capzone__createRespawnBaseForTeam:i=1
  capzone__createRespawnBase:t="respawnBaseGroupActivator"
  capzone__createdRespawnBaseGroup:i=10
  decal__thickness:r=0.3
  decal__height:r=3.0
  sphere_zone__radius:r=18.0
  capzone__iconOffsetY:r=2.0

  "capzone__activateChoice:object"{
    sector_4_b:r=1.0
  }
}

entity{
  _template:t="defend_zone_chained_sphere+defend_zone_respawnbase"
  transform:m=[[2.73728, 0.0, 0.0] [0.0, 2.67924, 0.0] [0.0, 0.0, 3.27051] [-305.0, 3.29863, 186.569]]
  capzone__capRewardPartCap:r=1.3
  capzone__onlyTeamCanCapture:i=2
  capzone__curTeamCapturingZone:i=-1
  groupName:t="sector_3"
  capzone__capTime:r=30.0
  capzone__capTeam:i=-1
  active:b=no
  capzone__decapTime:r=600.0
  ui_order:i=3
  capzone__capReward:r=250.0
  capzone__icon:t="AAA"
  capzone__caption:t="capzone/monument"
  capzone__deactivateAfterTimeout:r=25.0
  capzone__spawnAtZoneTimeout:r=25.0
  capzone__createRespawnBaseForTeam:i=1
  capzone__createRespawnBase:t="respawnBaseGroupActivator"
  capzone__createdRespawnBaseGroup:i=5
  decal__thickness:r=0.3
  decal__height:r=0.3
  capzone__iconOffsetY:r=2.5

  "capzone__activateChoice:object"{
    sector_4:r=1.0
  }
}

entity{
  _template:t="defend_zone_chained_box+defend_zone_respawnbase"
  transform:m=[[27.3445, 0.0, -0.649246] [0.0, 5.03619, 0.0] [-0.481246, 0.0, 30.2286] [-393.549, 8.50937, 192.906]]
  capzone__capRewardPartCap:r=1.2
  capzone__onlyTeamCanCapture:i=2
  capzone__curTeamCapturingZone:i=-1
  groupName:t="sector_4"
  capzone__capTime:r=30.0
  capzone__capTeam:i=-1
  active:b=no
  capzone__decapTime:r=600.0
  ui_order:i=4
  capzone__capReward:r=250.0
  capzone__icon:t="AAA"
  capzone__caption:t="capzone/main_hall"
  capzone__deactivateAfterTimeout:r=25.0
  capzone__spawnAtZoneTimeout:r=25.0
  capzone__createRespawnBaseForTeam:i=1
  capzone__createRespawnBase:t="respawnBaseGroupActivator"
  capzone__createdRespawnBaseGroup:i=6
  decal__thickness:r=0.4
  decal__height:r=2.5

  "capzone__activateChoice:object"{
    sector_5:r=1.0
  }
}

entity{
  _template:t="defend_zone_chained_box+defend_zone_respawnbase"
  transform:m=[[27.3445, 0.0, -0.649246] [0.0, 5.03619, 0.0] [-0.481246, 0.0, 30.2286] [-393.44, 8.50937, 192.906]]
  capzone__capRewardPartCap:r=1.2
  capzone__onlyTeamCanCapture:i=2
  capzone__curTeamCapturingZone:i=-1
  groupName:t="sector_4_b"
  capzone__capTime:r=30.0
  capzone__capTeam:i=-1
  active:b=no
  capzone__decapTime:r=600.0
  ui_order:i=4
  capzone__capReward:r=250.0
  capzone__icon:t="AAA"
  capzone__caption:t="capzone/main_hall"
  capzone__deactivateAfterTimeout:r=25.0
  capzone__spawnAtZoneTimeout:r=25.0
  capzone__createRespawnBaseForTeam:i=1
  capzone__createRespawnBase:t="respawnBaseGroupActivator"
  capzone__createdRespawnBaseGroup:i=11
  decal__thickness:r=0.4
  decal__height:r=2.5

  "capzone__activateChoice:object"{
    sector_5:r=1.0
  }
}

entity{
  _template:t="defend_zone_chained_sphere+defend_zone_respawnbase"
  transform:m=[[2.73417, 0.0, 0.0] [0.0, 2.25981, 0.0] [0.0, 0.0, 2.04384] [-453.973, 6.14622, 140.341]]
  capzone__capRewardPartCap:r=1.1
  capzone__onlyTeamCanCapture:i=2
  capzone__curTeamCapturingZone:i=-1
  groupName:t="sector_5"
  capzone__capTime:r=30.0
  capzone__capTeam:i=-1
  active:b=no
  capzone__decapTime:r=600.0
  ui_order:i=5
  capzone__capReward:r=250.0
  capzone__icon:t="AAA"
  capzone__caption:t="capzone/restaurant"
  capzone__deactivateAfterTimeout:r=25.0
  capzone__spawnAtZoneTimeout:r=25.0
  capzone__createRespawnBaseForTeam:i=1
  capzone__createRespawnBase:t="respawnBaseGroupActivator"
  capzone__createdRespawnBaseGroup:i=7
  decal__thickness:r=0.4
  decal__height:r=0.5
  capzone__checkAllZonesInGroup:b=no
  capzone__iconOffsetY:r=1.5
}

entity{
  _template:t="respawnChooser+respTeam1"
  transform:m=[[-0.965264, 0.0, -0.261275] [0.0, 1.0, 0.0] [0.261275, 0.0, -0.965264] [105.568, 4.06842, 59.3705]]
  groupName:t="sector_1"
  active:b=no
  team:i=2
}

entity{
  _template:t="respawnChooser+respTeam1"
  transform:m=[[-0.307479, 0.0, 0.951555] [0.0, 1.0, 0.0] [-0.951555, 0.0, -0.307479] [107.291, 4.08353, 61.6551]]
  groupName:t="sector_1"
  active:b=no
  team:i=2
}

entity{
  _template:t="respawnChooser+respVehicle"
  respTime:i=150
  groupName:t="sector_1"
  team:i=1
  maxVehicleOnSpawn:i=2
  transform:m=[[0.753023, 0.0, 0.657995] [0.0, 1.0, 0.0] [-0.657995, 0.0, 0.753023] [-207.038, 3.68691, 255.698]]
  active:b=no
  respawnBaseGroup:i=1
}

entity{
  _template:t="respawnChooser+respTeam1"
  transform:m=[[0.644053, 0.0, -0.764982] [0.0, 1.0, 0.0] [0.764982, 0.0, 0.644053] [-317.86, 3.07398, 170.433]]
  active:b=no
  groupName:t="sector_2"
}

entity{
  _template:t="respawnChooser+respTeam2"
  transform:m=[[0.674424, 0.0, 0.738343] [0.0, 1.0, 0.0] [-0.738343, 0.0, 0.674424] [-293.847, 4.28701, 235.098]]
  groupName:t="sector_2"
  active:b=no
  respawnBaseGroup:i=2
  team:i=1
}

entity{
  _template:t="respawnChooser+respTeam2"
  transform:m=[[0.585318, 0.0, -0.810803] [0.0, 1.0, 0.0] [0.810803, 0.0, 0.585318] [-292.831, 4.00506, 240.144]]
  groupName:t="sector_2"
  respawnBaseGroup:i=2
  active:b=no
  team:i=1
}

entity{
  _template:t="respawnChooser+respTeam2"
  transform:m=[[-0.277651, 0.0, -0.960682] [0.0, 1.0, 0.0] [0.960682, 0.0, -0.277651] [-12.2414, 3.24942, 263.322]]
  groupName:t="sector_2"
  active:b=no
}

entity{
  _template:t="respawnChooser+respTeam2"
  transform:m=[[-0.649586, 0.0, -0.760287] [0.0, 1.0, 0.0] [0.760287, 0.0, -0.649586] [10.1553, 4.24948, 171.141]]
  groupName:t="sector_2"
  respawnBaseGroup:i=2
  active:b=no
}

entity{
  _template:t="respawnChooser+respTeam2"
  transform:m=[[-0.731524, 0.0, 0.681816] [0.0, 1.0, 0.0] [-0.681816, 0.0, -0.731524] [9.03361, 4.12573, 181.413]]
  groupName:t="sector_2"
  respawnBaseGroup:i=2
  active:b=no
}

entity{
  _template:t="respawnChooser+respVehicle"
  transform:m=[[-0.999283, 0.0, -0.0378414] [0.0, 1.0, 0.0] [0.0378414, 0.0, -0.999283] [24.4602, 3.29863, 96.5382]]
  groupName:t="sector_2"
  active:b=no
  team:i=2
}

entity{
  _template:t="respawnChooser+respVehicle"
  transform:m=[[0.992842, 0.0, 0.119432] [0.0, 1.0, 0.0] [-0.119432, 0.0, 0.992842] [-298.846, 3.29912, 86.0462]]
  active:b=no
  groupName:t="sector_2"
  team:i=1
}

entity{
  _template:t="respawnChooser+respTeam1"
  transform:m=[[0.891143, 0.0, -0.453723] [0.0, 1.0, 0.0] [0.453723, 0.0, 0.891143] [-429.228, 2.67544, 210.397]]
  active:b=no
  groupName:t="sector_3"
}

entity{
  _template:t="respawnChooser+respTeam1"
  transform:m=[[0.307199, 0.0, 0.951645] [0.0, 1.0, 0.0] [-0.951645, 0.0, 0.307199] [-424.801, 3.9391, 241.184]]
  active:b=no
  groupName:t="sector_3"
}

entity{
  _template:t="respawnChooser+respTeam1"
  transform:m=[[0.991152, 0.0, 0.132724] [0.0, 1.0, 0.0] [-0.132724, 0.0, 0.991152] [-435.068, 12.1704, 173.345]]
  active:b=no
  groupName:t="sector_3"
  respawnBaseGroup:i=2
}

entity{
  _template:t="respawnChooser+respVehicle"
  transform:m=[[0.987254, 0.0, -0.159156] [0.0, 1.0, 0.0] [0.159156, 0.0, 0.987254] [-506.989, 3.8312, 50.2588]]
  groupName:t="sector_3"
  team:i=1
  active:b=no
}

entity{
  _template:t="respawnChooser+respTeam2"
  transform:m=[[-0.0894015, 0.0, 0.995996] [0.0, 1.0, 0.0] [-0.995996, 0.0, -0.0894015] [-142.916, 0.934747, 280.057]]
  groupName:t="sector_3"
  active:b=no
}

entity{
  _template:t="respawnChooser+respTeam2"
  transform:m=[[-0.69005, 0.0, 0.723763] [0.0, 1.0, 0.0] [-0.723763, 0.0, -0.69005] [-120.995, -0.767124, 177.897]]
  active:b=no
  groupName:t="sector_3"
  respawnBaseGroup:i=2
}

entity{
  _template:t="respawnChooser+respVehicle"
  transform:m=[[-0.0900934, 0.0, 0.995933] [0.0, 1.0, 0.0] [-0.995933, 0.0, -0.0900934] [-154.936, 3.29961, 42.2669]]
  team:i=2
  groupName:t="sector_3"
  active:b=no
}

entity{
  _template:t="respawnChooser+respTeam1"
  transform:m=[[-0.623948, 0.0, 0.781466] [0.0, 1.0, 0.0] [-0.781466, 0.0, -0.623948] [-404.228, 4.5729, 75.8321]]
  active:b=no
  groupName:t="sector_4"
}

entity{
  _template:t="respawnChooser+respTeam1"
  transform:m=[[0.973746, 0.0, 0.227639] [0.0, 1.0, 0.0] [-0.227639, 0.0, 0.973746] [-464.623, 6.85689, 153.904]]
  groupName:t="sector_4"
  active:b=no
  respawnBaseGroup:i=2
}

entity{
  _template:t="respawnChooser+respVehicle"
  transform:m=[[0.996313, 0.0, -0.0857931] [0.0, 1.0, 0.0] [0.0857931, 0.0, 0.996313] [-454.386, 3.29863, 46.4922]]
  active:b=no
  groupName:t="sector_4"
  team:i=1
}

entity{
  _template:t="respawnChooser+respVehicle"
  transform:m=[[-0.960678, 0.0, -0.277666] [0.0, 1.0, 0.0] [0.277666, 0.0, -0.960678] [-214.063, 4.06881, 256.181]]
  groupName:t="sector_4"
  active:b=no
  team:i=2
}

entity{
  _template:t="respawnChooser+respTeam2"
  transform:m=[[0.175845, 0.0, -0.984418] [0.0, 1.0, 0.0] [0.984418, 0.0, 0.175845] [-341.549, 3.7039, 295.82]]
  active:b=no
  groupName:t="sector_4"
}

entity{
  _template:t="respawnChooser+respTeam2"
  transform:m=[[-0.199195, 0.0, -0.979961] [0.0, 1.0, 0.0] [0.979961, 0.0, -0.199195] [-348.165, 4.1885, 292.518]]
  active:b=no
  groupName:t="sector_4"
}

entity{
  _template:t="respawnChooser+respTeam2"
  transform:m=[[-0.555786, 0.0, -0.831326] [0.0, 1.0, 0.0] [0.831326, 0.0, -0.555786] [-291.858, 3.59283, 240.958]]
  groupName:t="sector_4"
  active:b=no
  respawnBaseGroup:i=2
}

entity{
  _template:t="respawnChooser+respTeam2"
  transform:m=[[-0.78366, 0.0, 0.621191] [0.0, 1.0, 0.0] [-0.621191, 0.0, -0.78366] [-292.568, 3.85233, 234.649]]
  active:b=no
  groupName:t="sector_4"
  respawnBaseGroup:i=2
}

entity{
  _template:t="respawnChooser+respTeam2"
  transform:m=[[0.741073, 0.0, -0.671425] [0.0, 1.0, 0.0] [0.671425, 0.0, 0.741073] [-539.737, 3.29863, 90.3823]]
  groupName:t="sector_5"
  active:b=no
  team:i=1
}

entity{
  _template:t="respawnChooser+respTeam2"
  transform:m=[[0.561286, 0.0, -0.827621] [0.0, 1.0, 0.0] [0.827621, 0.0, 0.561286] [-509.196, 3.29863, 204.474]]
  active:b=no
  groupName:t="sector_5"
  respawnBaseGroup:i=2
  team:i=1
}

entity{
  _template:t="respawnChooser+respTeam2"
  transform:m=[[0.126842, 0.0, -0.991923] [0.0, 1.0, 0.0] [0.991923, 0.0, 0.126842] [-521.571, 7.83882, 191.239]]
  active:b=no
  groupName:t="sector_5"
  respawnBaseGroup:i=2
  team:i=1
}

entity{
  _template:t="respawnChooser+respVehicle"
  transform:m=[[-0.440383, 0.0, -0.897811] [0.0, 1.0, 0.0] [0.897811, 0.0, -0.440383] [-259.6, 4.00264, 121.416]]
  groupName:t="sector_5"
  team:i=2
  active:b=no
}

entity{
  _template:t="respawnChooser+respVehicle"
  transform:m=[[0.997896, 0.0, 0.0648334] [0.0, 1.0, 0.0] [-0.0648334, 0.0, 0.997896] [-591.696, 3.40727, 55.3802]]
  active:b=no
  groupName:t="sector_5"
  team:i=1
}

entity{
  _template:t="poly_battle_area"
  transform:m=[[1.0, 0.0, 0.0] [0.0, 1.0, 0.0] [0.0, 0.0, 1.0] [-435.41, 3.29957, 61.7152]]
  battleAreaId:t="1_area1"
  battle_area__team:i=1
  groupName:t="sector_1"
  active:b=no
}

entity{
  _template:t="poly_battle_area"
  transform:m=[[1.0, 0.0, 0.0] [0.0, 1.0, 0.0] [0.0, 0.0, 1.0] [-362.86, 3.29863, 222.098]]
  battleAreaId:t="2_area1"
  battle_area__team:i=2
  groupName:t="sector_1"
  active:b=no
}

entity{
  _template:t="poly_battle_area"
  transform:m=[[1.0, 0.0, 0.0] [0.0, 1.0, 0.0] [0.0, 0.0, 1.0] [-368.082, 3.41027, 167.815]]
  active:b=no
  battleAreaId:t="1_area2"
  groupName:t="sector_2"
  battle_area__team:i=1
}

entity{
  _template:t="poly_battle_area"
  transform:m=[[1.0, 0.0, 0.0] [0.0, 1.0, 0.0] [0.0, 0.0, 1.0] [-370.877, 3.29863, 226.168]]
  battleAreaId:t="2_area2"
  active:b=no
  battle_area__team:i=2
  groupName:t="sector_2"
}

entity{
  _template:t="battle_area_polygon_point"
  transform:m=[[1.0, 0.0, 0.0] [0.0, 1.0, 0.0] [0.0, 0.0, 1.0] [80.1521, 3.62511, -18.9288]]
  battle_area_polygon_point__forBattleAreaId:t="2_area2"
  battle_area_polygon_point__id:t="point1"
  battle_area_polygon_point__nextId:t="point2"
}

entity{
  _template:t="battle_area_polygon_point"
  transform:m=[[1.0, 0.0, 0.0] [0.0, 1.0, 0.0] [0.0, 0.0, 1.0] [81.1679, 3.29863, 315.976]]
  battle_area_polygon_point__forBattleAreaId:t="2_area2"
  battle_area_polygon_point__id:t="point2"
  battle_area_polygon_point__nextId:t="point3"
}

entity{
  _template:t="battle_area_polygon_point"
  transform:m=[[1.0, 0.0, 0.0] [0.0, 1.0, 0.0] [0.0, 0.0, 1.0] [-14.7621, 3.2996, 316.701]]
  battle_area_polygon_point__forBattleAreaId:t="2_area2"
  battle_area_polygon_point__id:t="point3"
  battle_area_polygon_point__nextId:t="point4"
}

entity{
  _template:t="battle_area_polygon_point"
  transform:m=[[1.0, 0.0, 0.0] [0.0, 1.0, 0.0] [0.0, 0.0, 1.0] [-204.752, 3.29863, 322.304]]
  battle_area_polygon_point__forBattleAreaId:t="2_area2"
  battle_area_polygon_point__id:t="point4"
  battle_area_polygon_point__nextId:t="point5"
}

entity{
  _template:t="battle_area_polygon_point"
  transform:m=[[1.0, 0.0, 0.0] [0.0, 1.0, 0.0] [0.0, 0.0, 1.0] [-203.938, 3.29906, 12.486]]
  battle_area_polygon_point__forBattleAreaId:t="2_area2"
  battle_area_polygon_point__id:t="point5"
  battle_area_polygon_point__nextId:t="point1"
}

entity{
  _template:t="poly_battle_area"
  transform:m=[[1.0, 0.0, 0.0] [0.0, 1.0, 0.0] [0.0, 0.0, 1.0] [-359.488, 3.29864, 245.953]]
  active:b=no
  battleAreaId:t="1_area3"
  groupName:t="sector_3"
  battle_area__team:i=1
}

entity{
  _template:t="battle_area_polygon_point"
  transform:m=[[1.0, 0.0, 0.0] [0.0, 1.0, 0.0] [0.0, 0.0, 1.0] [-236.002, 1.86847, 15.7948]]
  battle_area_polygon_point__forBattleAreaId:t="1_area3"
  battle_area_polygon_point__id:t="point1"
  battle_area_polygon_point__nextId:t="point2"
}

entity{
  _template:t="battle_area_polygon_point"
  transform:m=[[1.0, 0.0, 0.0] [0.0, 1.0, 0.0] [0.0, 0.0, 1.0] [-542.875, 3.29883, 40.327]]
  battle_area_polygon_point__forBattleAreaId:t="1_area3"
  battle_area_polygon_point__id:t="point5"
  battle_area_polygon_point__nextId:t="point1"
}

entity{
  _template:t="battle_area_polygon_point"
  transform:m=[[1.0, 0.0, 0.0] [0.0, 1.0, 0.0] [0.0, 0.0, 1.0] [-463.362, 3.29862, 281.567]]
  battle_area_polygon_point__forBattleAreaId:t="1_area3"
  battle_area_polygon_point__id:t="point4"
  battle_area_polygon_point__nextId:t="point5"
}

entity{
  _template:t="battle_area_polygon_point"
  transform:m=[[1.0, 0.0, 0.0] [0.0, 1.0, 0.0] [0.0, 0.0, 1.0] [-373.489, 3.29864, 336.132]]
  battle_area_polygon_point__forBattleAreaId:t="1_area3"
  battle_area_polygon_point__id:t="point3"
  battle_area_polygon_point__nextId:t="point4"
}

entity{
  _template:t="battle_area_polygon_point"
  transform:m=[[1.0, 0.0, 0.0] [0.0, 1.0, 0.0] [0.0, 0.0, 1.0] [-228.616, 3.0962, 339.324]]
  battle_area_polygon_point__forBattleAreaId:t="1_area3"
  battle_area_polygon_point__id:t="point2"
  battle_area_polygon_point__nextId:t="point3"
}

entity{
  _template:t="poly_battle_area"
  transform:m=[[1.0, 0.0, 0.0] [0.0, 1.0, 0.0] [0.0, 0.0, 1.0] [-255.391, 3.29863, 188.784]]
  active:b=no
  battleAreaId:t="2_area3"
  battle_area__team:i=2
  groupName:t="sector_3"
}

entity{
  _template:t="battle_area_polygon_point"
  transform:m=[[1.0, 0.0, 0.0] [0.0, 1.0, 0.0] [0.0, 0.0, 1.0] [-124.628, 1.54604, 330.294]]
  battle_area_polygon_point__forBattleAreaId:t="3_area2"
  battle_area_polygon_point__id:t="point1"
  battle_area_polygon_point__nextId:t="point2"
}

entity{
  _template:t="battle_area_polygon_point"
  transform:m=[[1.0, 0.0, 0.0] [0.0, 1.0, 0.0] [0.0, 0.0, 1.0] [-261.825, 3.29925, 334.324]]
  battle_area_polygon_point__forBattleAreaId:t="3_area2"
  battle_area_polygon_point__id:t="point2"
  battle_area_polygon_point__nextId:t="point3"
}

entity{
  _template:t="battle_area_polygon_point"
  transform:m=[[1.0, 0.0, 0.0] [0.0, 1.0, 0.0] [0.0, 0.0, 1.0] [-360.608, 3.29863, 337.81]]
  battle_area_polygon_point__forBattleAreaId:t="3_area2"
  battle_area_polygon_point__id:t="point3"
  battle_area_polygon_point__nextId:t="point4"
}

entity{
  _template:t="battle_area_polygon_point"
  transform:m=[[1.0, 0.0, 0.0] [0.0, 1.0, 0.0] [0.0, 0.0, 1.0] [-352.825, 3.29864, 26.4125]]
  battle_area_polygon_point__forBattleAreaId:t="3_area2"
  battle_area_polygon_point__id:t="point4"
  battle_area_polygon_point__nextId:t="point5"
}

entity{
  _template:t="aircraft_box_battle_area"
  transform:m=[[25814.7, 0.0, 112.793] [0.0, 8000.36, 0.0] [-111.84, 0.0, 25814.3] [-133.548, 241.569, 428.257]]
  battle_area__team:i=-1
}

entity{
  _template:t="respAircraftInAir"
  respawnbaseType:t="aircraft_fighter"
  transform:m=[[-0.677979, 0.0, -0.735082] [0.0, 1.0, 0.0] [0.735082, 0.0, -0.677979] [748.853, 1000.0, 1772.35]]
  team:i=2
  maxVehicleOnSpawn:i=1
  respTime:i=120
}

entity{
  _template:t="respAircraftInAir"
  respawnbaseType:t="aircraft_assault"
  transform:m=[[0.420099, 0.0, -0.907479] [0.0, 1.0, 0.0] [0.907479, 0.0, 0.420099] [-611.766, 800.0, 1492.41]]
  team:i=2
  maxVehicleOnSpawn:i=1
  respTime:i=120
}

entity{
  _template:t="respAircraftInAir"
  respawnbaseType:t="aircraft_fighter"
  transform:m=[[-0.677979, 0.0, -0.735082] [0.0, 1.0, 0.0] [0.735082, 0.0, -0.677979] [1203.08, 1000.0, 1561.28]]
  team:i=2
  maxVehicleOnSpawn:i=1
  respTime:i=120
}

entity{
  _template:t="respAircraftInAir"
  respawnbaseType:t="aircraft_assault"
  transform:m=[[-0.975077, 0.0, -0.221869] [0.0, 1.0, 0.0] [0.221869, 0.0, -0.975077] [1412.19, 800.0, 1180.22]]
  team:i=2
  maxVehicleOnSpawn:i=1
  respTime:i=120
}

entity{
  _template:t="respAircraftInAir"
  respawnbaseType:t="aircraft_fighter"
  transform:m=[[0.647616, 0.0, 0.761966] [0.0, 1.0, 0.0] [-0.761966, 0.0, 0.647616] [-1040.13, 1000.0, -562.901]]
  team:i=1
  maxVehicleOnSpawn:i=1
  respTime:i=120
}

entity{
  _template:t="respAircraftInAir"
  respawnbaseType:t="aircraft_assault"
  transform:m=[[0.292061, 0.0, 0.956399] [0.0, 1.0, 0.0] [-0.956399, 0.0, 0.292061] [-920.97, 800.0, -916.317]]
  team:i=1
  maxVehicleOnSpawn:i=1
  respTime:i=120
}

entity{
  _template:t="respAircraftInAir"
  respawnbaseType:t="aircraft_fighter"
  transform:m=[[-0.358086, 0.0, 0.933688] [0.0, 1.0, 0.0] [-0.933688, 0.0, -0.358086] [-122.435, 1000.0, -1045.46]]
  team:i=1
  maxVehicleOnSpawn:i=1
  respTime:i=120
}

entity{
  _template:t="respAircraftInAir"
  respawnbaseType:t="aircraft_assault"
  transform:m=[[0.628742, 0.0, 0.777613] [0.0, 1.0, 0.0] [-0.777613, 0.0, 0.628742] [-1379.51, 800.0, -603.821]]
  team:i=1
  maxVehicleOnSpawn:i=1
  respTime:i=120
}

entity{
  _template:t="resupply_in_air_zone"
  transform:m=[[-0.157002, 0.0, -0.987599] [0.0, 1.0, 0.0] [0.987599, 0.0, -0.157002] [-1903.01, 702.031, 1724.08]]
  resupply_zone__team:i=2
  sphere_zone__radius:r=500.0
}

entity{
  _template:t="resupply_in_air_zone"
  transform:m=[[-0.157002, 0.0, -0.987599] [0.0, 1.0, 0.0] [0.987599, 0.0, -0.157002] [1339.45, 708.018, -537.455]]
  resupply_zone__team:i=1
  sphere_zone__radius:r=500.0
}

entity{
  _template:t="resupply_for_ground_vehicle_zone"
  transform:m=[[1.0, 0.0, 0.0] [0.0, 1.0, 0.0] [0.0, 0.0, 1.0] [-537.691, 3.43317, 100.211]]
  sphere_zone__radius:r=5.0
  resupply_zone__team:i=1
  zone__caption:t="1"
  active:b=no
}

entity{
  _template:t="resupply_for_ground_vehicle_zone"
  transform:m=[[1.0, 0.0, 0.0] [0.0, 1.0, 0.0] [0.0, 0.0, 1.0] [-423.529, 3.30115, 237.054]]
  sphere_zone__radius:r=5.0
  resupply_zone__team:i=2
  zone__caption:t="1"
  active:b=no
}

entity{
  _template:t="resupply_for_ground_vehicle_zone"
  transform:m=[[1.0, 0.0, 0.0] [0.0, 1.0, 0.0] [0.0, 0.0, 1.0] [-395.319, 3.30308, 272.278]]
  sphere_zone__radius:r=5.0
  resupply_zone__team:i=1
  active:b=no
  zone__caption:t="3"
}

entity{
  _template:t="resupply_for_ground_vehicle_zone"
  transform:m=[[1.0, 0.0, 0.0] [0.0, 1.0, 0.0] [0.0, 0.0, 1.0] [-285.772, 3.31734, 68.0874]]
  active:b=no
  sphere_zone__radius:r=5.0
  resupply_zone__team:i=2
  zone__caption:t="3"
}

entity{
  _template:t="resupply_for_ground_vehicle_zone"
  transform:m=[[1.0, 0.0, 0.0] [0.0, 1.0, 0.0] [0.0, 0.0, 1.0] [-339.749, 3.29946, 293.396]]
  active:b=no
  sphere_zone__radius:r=5.0
  resupply_zone__team:i=1
  zone__caption:t="4"
}

entity{
  _template:t="resupply_for_ground_vehicle_zone"
  transform:m=[[1.0, 0.0, 0.0] [0.0, 1.0, 0.0] [0.0, 0.0, 1.0] [-437.488, 3.30002, 289.558]]
  sphere_zone__radius:r=5.0
  active:b=no
  resupply_zone__team:i=2
  zone__caption:t="2"
}

entity{
  _template:t="resupply_for_ground_vehicle_zone"
  transform:m=[[1.0, 0.0, 0.0] [0.0, 1.0, 0.0] [0.0, 0.0, 1.0] [-419.887, 3.28008, 86.0101]]
  active:b=no
  sphere_zone__radius:r=5.0
  resupply_zone__team:i=1
  zone__caption:t="2"
}

entity{
  _template:t="resupply_for_ground_vehicle_zone"
  transform:m=[[1.0, 0.0, 0.0] [0.0, 1.0, 0.0] [0.0, 0.0, 1.0] [-229.914, 3.70365, 59.63]]
  sphere_zone__radius:r=5.0
  active:b=no
  zone__caption:t="4"
  resupply_zone__team:i=2
}

entity{
  _template:t="resupply_for_ground_vehicle_zone"
  transform:m=[[1.0, 0.0, 0.0] [0.0, 1.0, 0.0] [0.0, 0.0, 1.0] [-193.289, 4.79966, 126.35]]
  sphere_zone__radius:r=5.0
  active:b=no
  resupply_zone__team:i=1
  zone__caption:t="5"
}

entity{
  _template:t="resupply_for_ground_vehicle_zone"
  transform:m=[[1.0, 0.0, 0.0] [0.0, 1.0, 0.0] [0.0, 0.0, 1.0] [67.0482, 2.26834, 129.273]]
  active:b=no
  resupply_zone__team:i=2
  sphere_zone__radius:r=5.0
  ui_order:i=-1
  zone__caption:t="5"
}

entity{
  _template:t="respawnChooser+respTeam1"
  transform:m=[[-0.955333, 0.0, -0.295536] [0.0, 1.0, 0.0] [0.295536, 0.0, -0.955333] [-122.859, -0.299658, 171.549]]
  groupName:t="sector_3"
  team:i=2
  respawnBaseGroup:i=2
  active:b=no
}

entity{
  _template:t="respawnChooser+respTeam2"
  transform:m=[[-0.675501, 0.0, -0.737358] [0.0, 1.0, 0.0] [0.737358, 0.0, -0.675501] [-145.63, -0.515732, 274.069]]
  active:b=no
  groupName:t="sector_3"
}

entity{
  _template:t="respawnChooser+respTeam1"
  transform:m=[[0.32278, 0.0, 0.946475] [0.0, 1.0, 0.0] [-0.946475, 0.0, 0.32278] [-413.979, 4.29203, 76.6518]]
  active:b=no
  groupName:t="sector_4"
}

entity{
  _template:t="respawnChooser+respTeam1"
  transform:m=[[0.759469, 0.0, 0.650544] [0.0, 1.0, 0.0] [-0.650544, 0.0, 0.759469] [-476.006, 6.31281, 122.796]]
  active:b=no
  groupName:t="sector_4"
  respawnBaseGroup:i=2
}

entity{
  _template:t="respawn_camera"
  respawnCameraForTeam:i=1
  moveCameraToHeight:r=500.0
  transform:m=[[1.0, 0.0, 0.0] [0.0, 1.0, 0.0] [0.0, 0.0, 1.0] [-293.728, 491.585, 189.904]]
}

entity{
  _template:t="respawn_camera"
  respawnCameraForTeam:i=2
  moveCameraToHeight:r=500.0
  transform:m=[[1.0, 0.0, 0.0] [0.0, 1.0, 0.0] [0.0, 0.0, 1.0] [394.09, 494.395, 58.2962]]
}

entity{
  _template:t="poly_battle_area"
  transform:m=[[1.0, 0.0, 0.0] [0.0, 1.0, 0.0] [0.0, 0.0, 1.0] [-119.512, -1.41948, 175.999]]
  battleAreaId:t="1_area5"
  groupName:t="sector_5"
  battle_area__team:i=1
  active:b=no
}

entity{
  _template:t="battle_area_polygon_point"
  transform:m=[[1.0, 0.0, 0.0] [0.0, 1.0, 0.0] [0.0, 0.0, 1.0] [-585.775, 3.30462, 229.865]]
  battle_area_polygon_point__forBattleAreaId:t="1_area5"
  battle_area_polygon_point__id:t="point1"
  battle_area_polygon_point__nextId:t="point2"
}

entity{
  _template:t="battle_area_polygon_point"
  transform:m=[[1.0, 0.0, 0.0] [0.0, 1.0, 0.0] [0.0, 0.0, 1.0] [-626.632, 3.32487, 38.8859]]
  battle_area_polygon_point__forBattleAreaId:t="1_area5"
  battle_area_polygon_point__id:t="point2"
  battle_area_polygon_point__nextId:t="point3"
}

entity{
  _template:t="battle_area_polygon_point"
  transform:m=[[1.0, 0.0, 0.0] [0.0, 1.0, 0.0] [0.0, 0.0, 1.0] [-353.454, 3.29961, 24.9112]]
  battle_area_polygon_point__forBattleAreaId:t="1_area5"
  battle_area_polygon_point__id:t="point3"
  battle_area_polygon_point__nextId:t="point4"
}

entity{
  _template:t="battle_area_polygon_point"
  transform:m=[[1.0, 0.0, 0.0] [0.0, 1.0, 0.0] [0.0, 0.0, 1.0] [-350.189, 3.32082, 166.923]]
  battle_area_polygon_point__forBattleAreaId:t="1_area5"
  battle_area_polygon_point__id:t="point4"
  battle_area_polygon_point__nextId:t="point5"
}

entity{
  _template:t="battle_area_polygon_point"
  transform:m=[[1.0, 0.0, 0.0] [0.0, 1.0, 0.0] [0.0, 0.0, 1.0] [-450.843, 3.31418, 169.636]]
  battle_area_polygon_point__forBattleAreaId:t="1_area5"
  battle_area_polygon_point__id:t="point5"
  battle_area_polygon_point__nextId:t="point6"
}

entity{
  _template:t="battle_area_polygon_point"
  transform:m=[[1.0, 0.0, 0.0] [0.0, 1.0, 0.0] [0.0, 0.0, 1.0] [-450.787, 3.34148, 313.942]]
  battle_area_polygon_point__forBattleAreaId:t="1_area5"
  battle_area_polygon_point__id:t="point6"
  battle_area_polygon_point__nextId:t="point1"
}

entity{
  _template:t="respawnChooser+respTeam1"
  transform:m=[[0.467604, 0.0, -0.883938] [0.0, 1.0, 0.0] [0.883938, 0.0, 0.467604] [-399.112, 3.39691, 218.861]]
  groupName:t="sector_5"
  respawnBaseGroup:i=1
  active:b=no
  team:i=2
}

entity{
  _template:t="respawnChooser+respTeam1"
  transform:m=[[-0.996768, 0.0, -0.0803475] [0.0, 1.0, 0.0] [0.0803475, 0.0, -0.996768] [-387.221, 2.77906, 212.282]]
  groupName:t="sector_5"
  respawnBaseGroup:i=1
  active:b=no
  team:i=2
}

entity{
  _template:t="poly_battle_area"
  transform:m=[[1.0, 0.0, 0.0] [0.0, 1.0, 0.0] [0.0, 0.0, 1.0] [-302.888, 3.29862, 279.511]]
  battleAreaId:t="1_area4"
  battle_area__team:i=1
  groupName:t="sector_4"
  active:b=no
}

entity{
  _template:t="poly_battle_area"
  transform:m=[[1.0, 0.0, 0.0] [0.0, 1.0, 0.0] [0.0, 0.0, 1.0] [-196.374, 4.36408, 240.512]]
  battleAreaId:t="2_area4"
  battle_area__team:i=2
  groupName:t="sector_4"
  active:b=no
}

entity{
  _template:t="poly_battle_area"
  transform:m=[[1.0, 0.0, 0.0] [0.0, 1.0, 0.0] [0.0, 0.0, 1.0] [7.05418, 3.31661, 248.107]]
  battleAreaId:t="2_area5"
  battle_area__team:i=2
  groupName:t="sector_5"
  active:b=no
}

entity{
  _template:t="battle_area_polygon_point"
  transform:m=[[1.0, 0.0, 0.0] [0.0, 1.0, 0.0] [0.0, 0.0, 1.0] [-441.904, 3.29651, 314.278]]
  battle_area_polygon_point__forBattleAreaId:t="2_area5"
  battle_area_polygon_point__id:t="point1"
  battle_area_polygon_point__nextId:t="point2"
}

entity{
  _template:t="battle_area_polygon_point"
  transform:m=[[1.0, 0.0, 0.0] [0.0, 1.0, 0.0] [0.0, 0.0, 1.0] [-508.854, 3.29863, 127.743]]
  battle_area_polygon_point__forBattleAreaId:t="2_area5"
  battle_area_polygon_point__id:t="point2"
  battle_area_polygon_point__nextId:t="point3"
}

entity{
  _template:t="battle_area_polygon_point"
  transform:m=[[1.0, 0.0, 0.0] [0.0, 1.0, 0.0] [0.0, 0.0, 1.0] [-428.238, 2.35979, 29.6542]]
  battle_area_polygon_point__forBattleAreaId:t="2_area5"
  battle_area_polygon_point__id:t="point3"
  battle_area_polygon_point__nextId:t="point4"
}

entity{
  _template:t="battle_area_polygon_point"
  transform:m=[[1.0, 0.0, 0.0] [0.0, 1.0, 0.0] [0.0, 0.0, 1.0] [-229.814, 2.59408, 11.7107]]
  battle_area_polygon_point__forBattleAreaId:t="2_area5"
  battle_area_polygon_point__id:t="point4"
  battle_area_polygon_point__nextId:t="point5"
}

entity{
  _template:t="battle_area_polygon_point"
  transform:m=[[1.0, 0.0, 0.0] [0.0, 1.0, 0.0] [0.0, 0.0, 1.0] [-217.181, 1.98619, 310.219]]
  battle_area_polygon_point__forBattleAreaId:t="2_area5"
  battle_area_polygon_point__id:t="point5"
  battle_area_polygon_point__nextId:t="point1"
}

entity{
  _template:t="respawnChooser+respTeam2"
  transform:m=[[0.281596, 0.0, 0.959532] [0.0, 1.0, 0.0] [-0.959532, 0.0, 0.281596] [-96.6064, -1.18242, 40.845]]
  respawnBaseGroup:i=1
  groupName:t="sector_1"
  active:b=no
  team:i=1
}

entity{
  _template:t="respawnChooser+respTeam2"
  transform:m=[[0.953759, 0.0, -0.300576] [0.0, 1.0, 0.0] [0.300576, 0.0, 0.953759] [-96.9172, -1.66806, 36.1922]]
  groupName:t="sector_1"
  active:b=no
  team:i=1
}

entity{
  _template:t="respawnChooser+respTeam2"
  transform:m=[[-0.420965, 0.0, -0.907078] [0.0, 1.0, 0.0] [0.907078, 0.0, -0.420965] [-95.822, 3.83481, 285.341]]
  groupName:t="sector_1"
  respawnBaseGroup:i=2
  active:b=no
  team:i=1
}

entity{
  _template:t="respawnChooser+respTeam2"
  transform:m=[[0.394807, 0.0, 0.918764] [0.0, 1.0, 0.0] [-0.918764, 0.0, 0.394807] [-92.6491, 3.15379, 290.043]]
  groupName:t="sector_1"
  respawnBaseGroup:i=2
  active:b=no
  team:i=1
}

entity{
  _template:t="respawnChooser+respVehicle"
  transform:m=[[-0.407587, 0.0, 0.913166] [0.0, 1.0, 0.0] [-0.913166, 0.0, -0.407587] [181.847, 3.29863, 50.6352]]
  groupName:t="sector_1"
  team:i=2
  active:b=no
}

entity{
  _template:t="respawnChooser+respTeam1"
  transform:m=[[-0.558847, 0.0, 0.829271] [0.0, 1.0, 0.0] [-0.829271, 0.0, -0.558847] [130.002, 3.11784, 257.628]]
  groupName:t="sector_1"
  respawnBaseGroup:i=2
  team:i=2
  active:b=yes
}

entity{
  _template:t="respawnChooser+respTeam1"
  transform:m=[[-0.890436, 0.0, -0.455108] [0.0, 1.0, 0.0] [0.455108, 0.0, -0.890436] [130.355, 3.48358, 254.885]]
  groupName:t="sector_1"
  respawnBaseGroup:i=2
  team:i=2
}

entity{
  _template:t="battle_area_polygon_point"
  transform:m=[[1.0, 0.0, 0.0] [0.0, 1.0, 0.0] [0.0, 0.0, 1.0] [44.4366, 3.31246, 231.62]]
  battle_area_polygon_point__forBattleAreaId:t="1_area1"
  battle_area_polygon_point__id:t="point1"
  battle_area_polygon_point__nextId:t="point2"
}

entity{
  _template:t="battle_area_polygon_point"
  transform:m=[[1.0, 0.0, 0.0] [0.0, 1.0, 0.0] [0.0, 0.0, 1.0] [-60.2539, 3.9659, 329.589]]
  battle_area_polygon_point__forBattleAreaId:t="1_area1"
  battle_area_polygon_point__id:t="point2"
  battle_area_polygon_point__nextId:t="point3"
}

entity{
  _template:t="battle_area_polygon_point"
  transform:m=[[1.0, 0.0, 0.0] [0.0, 1.0, 0.0] [0.0, 0.0, 1.0] [-263.426, 3.29935, 332.552]]
  battle_area_polygon_point__forBattleAreaId:t="1_area1"
  battle_area_polygon_point__id:t="point3"
  battle_area_polygon_point__nextId:t="point4"
}

entity{
  _template:t="battle_area_polygon_point"
  transform:m=[[1.0, 0.0, 0.0] [0.0, 1.0, 0.0] [0.0, 0.0, 1.0] [-279.28, 3.50567, 4.54157]]
  battle_area_polygon_point__forBattleAreaId:t="1_area1"
  battle_area_polygon_point__id:t="point4"
  battle_area_polygon_point__nextId:t="point5"
}

entity{
  _template:t="battle_area_polygon_point"
  transform:m=[[1.0, 0.0, 0.0] [0.0, 1.0, 0.0] [0.0, 0.0, 1.0] [-18.7761, 3.30097, -7.17932]]
  battle_area_polygon_point__forBattleAreaId:t="1_area1"
  battle_area_polygon_point__id:t="point5"
  battle_area_polygon_point__nextId:t="point6"
}

entity{
  _template:t="battle_area_polygon_point"
  transform:m=[[1.0, 0.0, 0.0] [0.0, 1.0, 0.0] [0.0, 0.0, 1.0] [46.986, 3.30373, 85.2245]]
  battle_area_polygon_point__forBattleAreaId:t="1_area1"
  battle_area_polygon_point__id:t="point6"
  battle_area_polygon_point__nextId:t="point1"
}

entity{
  _template:t="battle_area_polygon_point"
  transform:m=[[1.0, 0.0, 0.0] [0.0, 1.0, 0.0] [0.0, 0.0, 1.0] [216.44, 3.28165, 252.979]]
  battle_area_polygon_point__forBattleAreaId:t="2_area1"
  battle_area_polygon_point__id:t="point1"
  battle_area_polygon_point__nextId:t="point2"
}

entity{
  _template:t="battle_area_polygon_point"
  transform:m=[[1.0, 0.0, 0.0] [0.0, 1.0, 0.0] [0.0, 0.0, 1.0] [122.928, 3.29071, 346.156]]
  battle_area_polygon_point__forBattleAreaId:t="2_area1"
  battle_area_polygon_point__id:t="point2"
  battle_area_polygon_point__nextId:t="point3"
}

entity{
  _template:t="battle_area_polygon_point"
  transform:m=[[1.0, 0.0, 0.0] [0.0, 1.0, 0.0] [0.0, 0.0, 1.0] [-37.0396, 2.86583, 386.446]]
  battle_area_polygon_point__forBattleAreaId:t="2_area1"
  battle_area_polygon_point__id:t="point3"
  battle_area_polygon_point__nextId:t="point4"
}

entity{
  _template:t="battle_area_polygon_point"
  transform:m=[[1.0, 0.0, 0.0] [0.0, 1.0, 0.0] [0.0, 0.0, 1.0] [-40.3248, 3.92537, 306.52]]
  battle_area_polygon_point__forBattleAreaId:t="2_area1"
  battle_area_polygon_point__id:t="point4"
  battle_area_polygon_point__nextId:t="point5"
}

entity{
  _template:t="battle_area_polygon_point"
  transform:m=[[1.0, 0.0, 0.0] [0.0, 1.0, 0.0] [0.0, 0.0, 1.0] [-39.9701, 2.54976, 4.52608]]
  battle_area_polygon_point__forBattleAreaId:t="2_area1"
  battle_area_polygon_point__id:t="point5"
  battle_area_polygon_point__nextId:t="point6"
}

entity{
  _template:t="battle_area_polygon_point"
  transform:m=[[1.0, 0.0, 0.0] [0.0, 1.0, 0.0] [0.0, 0.0, 1.0] [210.288, 3.29673, 12.3946]]
  battle_area_polygon_point__forBattleAreaId:t="2_area1"
  battle_area_polygon_point__id:t="point6"
  battle_area_polygon_point__nextId:t="point7"
}

entity{
  _template:t="battle_area_polygon_point"
  transform:m=[[1.0, 0.0, 0.0] [0.0, 1.0, 0.0] [0.0, 0.0, 1.0] [-87.5985, 3.41489, 319.426]]
  battle_area_polygon_point__forBattleAreaId:t="1_area2"
  battle_area_polygon_point__id:t="point1"
  battle_area_polygon_point__nextId:t="point2"
}

entity{
  _template:t="battle_area_polygon_point"
  transform:m=[[1.0, 0.0, 0.0] [0.0, 1.0, 0.0] [0.0, 0.0, 1.0] [-176.366, 1.47019, 322.079]]
  battle_area_polygon_point__forBattleAreaId:t="1_area2"
  battle_area_polygon_point__id:t="point2"
  battle_area_polygon_point__nextId:t="point3"
}

entity{
  _template:t="battle_area_polygon_point"
  transform:m=[[1.0, 0.0, 0.0] [0.0, 1.0, 0.0] [0.0, 0.0, 1.0] [-385.957, 3.29862, 333.678]]
  battle_area_polygon_point__forBattleAreaId:t="1_area2"
  battle_area_polygon_point__id:t="point3"
  battle_area_polygon_point__nextId:t="point4"
}

entity{
  _template:t="battle_area_polygon_point"
  transform:m=[[1.0, 0.0, 0.0] [0.0, 1.0, 0.0] [0.0, 0.0, 1.0] [-394.556, 3.29902, 14.8242]]
  battle_area_polygon_point__forBattleAreaId:t="1_area2"
  battle_area_polygon_point__id:t="point4"
  battle_area_polygon_point__nextId:t="point5"
}

entity{
  _template:t="battle_area_polygon_point"
  transform:m=[[1.0, 0.0, 0.0] [0.0, 1.0, 0.0] [0.0, 0.0, 1.0] [-86.7395, 3.39176, -3.54291]]
  battle_area_polygon_point__forBattleAreaId:t="1_area2"
  battle_area_polygon_point__id:t="point5"
  battle_area_polygon_point__nextId:t="point1"
}

entity{
  _template:t="battle_area_polygon_point"
  transform:m=[[1.0, 0.0, 0.0] [0.0, 1.0, 0.0] [0.0, 0.0, 1.0] [-81.5493, 5.54128, 341.865]]
  battle_area_polygon_point__forBattleAreaId:t="2_area3"
  battle_area_polygon_point__id:t="point1"
