import{
  scene:t="content/enlisted/gamedata/scenes/_berlin_opera_gpu_objects.blk"
}

import{
  scene:t="content/enlisted/gamedata/scenes/_berlin_opera_biom_fx.blk"
}

import{
  scene:t="content/enlisted/gamedata/scenes/_berlin_opera_background_fx.blk"
}

import{
  scene:t="content/enlisted/gamedata/scenes/_berlin_opera_projectors.blk"
}

import{
  scene:t="content/enlisted/gamedata/scenes/_berlin_opera_tracers.blk"
}

import{
  scene:t="content/enlisted/gamedata/scenes/_berlin_opera_level.blk"
}

entity{
  _template:t="poly_battle_area"
  transform:m=[[1.0, 0.0, 0.0] [0.0, 1.0, 0.0] [0.0, 0.0, 1.0] [-435.41, 3.29957, 61.7152]]
  battleAreaId:t="1_area1"
  battle_area__team:i=1
  groupName:t="sector_1"
  active:b=no

  "poly_area__points:list<p3>"{
    item:p3=44.4366, 3.31246, 231.62
    item:p3=-15.7381, 3.9659, 329.589
    item:p3=-24.1796, 3.2991, 393.46
    item:p3=-289.534, 3.75719, 398.658
    item:p3=-311.559, 3.50567, 4.54157
    item:p3=-18.7761, 3.30097, -7.17932
    item:p3=46.986, 3.30373, 85.2245
  }
}

entity{
  _template:t="poly_battle_area"
  transform:m=[[1.0, 0.0, 0.0] [0.0, 1.0, 0.0] [0.0, 0.0, 1.0] [-362.86, 3.29863, 222.098]]
  battleAreaId:t="2_area1"
  battle_area__team:i=2
  groupName:t="sector_1"
  active:b=no

  "poly_area__points:list<p3>"{
    item:p3=216.44, 3.28165, 252.979
    item:p3=122.928, 3.29071, 346.156
    item:p3=-37.0396, 2.86583, 386.446
    item:p3=-40.3248, 3.92537, 306.52
    item:p3=-39.9701, 2.54976, 4.52608
    item:p3=210.288, 3.29673, 12.3946
    item:p3=209.582, 3.28865, 115.855
    item:p3=89.5915, 3.31119, 111.512
    item:p3=88.0101, 3.29961, 131.123
    item:p3=87.2487, 3.29961, 225.062
    item:p3=88.8686, 3.29961, 244.395
    item:p3=180.307, 3.29824, 242.355
  }
}

entity{
  _template:t="poly_battle_area"
  transform:m=[[1.0, 0.0, 0.0] [0.0, 1.0, 0.0] [0.0, 0.0, 1.0] [-368.082, 3.41027, 167.815]]
  active:b=no
  battleAreaId:t="1_area2"
  groupName:t="sector_2"
  battle_area__team:i=1

  "poly_area__points:list<p3>"{
    item:p3=-77.9205, 3.41489, 459.257
    item:p3=-176.366, 1.47019, 453.282
    item:p3=-385.957, 3.29862, 451.509
    item:p3=-394.556, 3.29902, 14.8242
    item:p3=-66.7152, 3.39176, -4.35175
  }
}

entity{
  _template:t="poly_battle_area"
  transform:m=[[1.0, 0.0, 0.0] [0.0, 1.0, 0.0] [0.0, 0.0, 1.0] [-370.877, 3.29863, 226.168]]
  battleAreaId:t="2_area2"
  active:b=no
  battle_area__team:i=2
  groupName:t="sector_2"

  "poly_area__points:list<p3>"{
    item:p3=157.694, 3.62511, 248.639
    item:p3=117.615, 3.29863, 315.976
    item:p3=-14.7621, 3.2996, 316.701
    item:p3=-34.0422, 3.29863, 472.565
    item:p3=-196.53, 3.29906, 467.744
    item:p3=-204.377, 3.34356, 3.08287
    item:p3=80.3987, 3.83085, -18.9191
    item:p3=80.4295, 3.29369, 249.173
  }
}

entity{
  _template:t="poly_battle_area"
  transform:m=[[1.0, 0.0, 0.0] [0.0, 1.0, 0.0] [0.0, 0.0, 1.0] [-359.488, 3.29864, 245.953]]
  active:b=no
  battleAreaId:t="1_area3"
  groupName:t="sector_3"
  battle_area__team:i=1

  "poly_area__points:list<p3>"{
    item:p3=-238.101, 1.86847, -1.48013
    item:p3=-226.616, 3.0962, 430.111
    item:p3=-371.489, 3.29864, 426.919
    item:p3=-463.362, 3.29862, 281.567
    item:p3=-561.161, 3.29883, 23.4814
  }
}

entity{
  _template:t="poly_battle_area"
  transform:m=[[1.0, 0.0, 0.0] [0.0, 1.0, 0.0] [0.0, 0.0, 1.0] [-255.391, 3.29863, 188.784]]
  active:b=no
  battleAreaId:t="2_area3"
  battle_area__team:i=2
  groupName:t="sector_3"

  "poly_area__points:list<p3>"{
    item:p3=18.3614, 5.54128, 453.265
    item:p3=-258.112, 3.29859, 447.312
    item:p3=-263.566, 3.29701, 336.011
    item:p3=-376.285, 5.54128, 341.214
    item:p3=-371.653, 3.29863, 9.79635
    item:p3=26.1434, 3.31198, -16.8064
  }
}

entity{
  _template:t="poly_battle_area"
  transform:m=[[1.0, 0.0, 0.0] [0.0, 1.0, 0.0] [0.0, 0.0, 1.0] [-119.512, -1.41948, 175.999]]
  battleAreaId:t="1_area5"
  groupName:t="sector_5"
  battle_area__team:i=1
  active:b=no

  "poly_area__points:list<p3>"{
    item:p3=-585.775, 3.30462, 229.865
    item:p3=-626.632, 3.32487, 38.8859
    item:p3=-353.454, 3.29961, 24.9112
    item:p3=-350.189, 3.32082, 166.923
    item:p3=-450.843, 3.31418, 169.636
    item:p3=-450.787, 3.34148, 313.942
  }
}

entity{
  _template:t="poly_battle_area"
  transform:m=[[1.0, 0.0, 0.0] [0.0, 1.0, 0.0] [0.0, 0.0, 1.0] [-302.888, 3.29862, 279.511]]
  battleAreaId:t="1_area4"
  battle_area__team:i=1
  groupName:t="sector_4"
  active:b=no

  "poly_area__points:list<p3>"{
    item:p3=-563.714, 3.29959, 40.5076
    item:p3=-246.886, 3.29863, 16.5455
    item:p3=-247.92, 3.29864, 234.91
    item:p3=-355.564, 3.29961, 265.925
    item:p3=-490.746, 3.29961, 265.893
  }
}

entity{
  _template:t="poly_battle_area"
  transform:m=[[1.0, 0.0, 0.0] [0.0, 1.0, 0.0] [0.0, 0.0, 1.0] [-196.374, 4.36408, 240.512]]
  battleAreaId:t="2_area4"
  battle_area__team:i=2
  groupName:t="sector_4"
  active:b=no

  "poly_area__points:list<p3>"{
    item:p3=-424.219, 3.29863, 126.661
    item:p3=-376.377, 3.29864, 124.534
    item:p3=-377.023, 3.29863, 24.2287
    item:p3=-157.705, 3.29864, 10.5317
    item:p3=-155.328, 2.44758, 419.387
    item:p3=-378.006, 3.4016, 431.541
    item:p3=-463.745, 3.29966, 306.259
    item:p3=-493.692, 3.29863, 171.624
    item:p3=-425.042, 3.0264, 161.236
  }
}

entity{
  _template:t="poly_battle_area"
  transform:m=[[1.0, 0.0, 0.0] [0.0, 1.0, 0.0] [0.0, 0.0, 1.0] [7.05418, 3.31661, 248.107]]
  battleAreaId:t="2_area5"
  battle_area__team:i=2
  groupName:t="sector_5"
  active:b=no

  "poly_area__points:list<p3>"{
    item:p3=-441.904, 3.29651, 341.84
    item:p3=-508.854, 3.29863, 127.743
    item:p3=-428.238, 2.35979, 29.6542
    item:p3=-170.494, 2.59408, 11.7107
    item:p3=-157.861, 1.98619, 337.781
  }
}

entity{
  _template:t="poly_battle_area"
  transform:m=[[1.0, 0.0, 0.0] [0.0, 1.0, 0.0] [0.0, 0.0, 1.0] [-81.3706, 4.95313, 155.459]]
  battleAreaId:t="1_area2b"
  battle_area__team:i=1
  groupName:t="sector_2_b"
  active:b=no

  "poly_area__points:list<p3>"{
    item:p3=-327.227, 3.29276, 455.205
    item:p3=-339.747, 3.30672, 19.6834
    item:p3=-29.8128, 3.33125, -5.5765
    item:p3=-30.3438, 3.40925, 452.537
  }
}

entity{
  _template:t="poly_battle_area"
  transform:m=[[1.0, 0.0, 0.0] [0.0, 1.0, 0.0] [0.0, 0.0, 1.0] [-79.4154, 4.70856, 156.327]]
  battleAreaId:t="2_area2b"
  battle_area__team:i=2
  groupName:t="sector_2_b"
  active:b=no

  "poly_area__points:list<p3>"{
    item:p3=88.0864, 3.6299, -15.2382
    item:p3=85.2558, 3.59665, 452.174
    item:p3=-116.647, 2.46466, 450.904
    item:p3=-122.183, 3.09183, 3.39269
  }
}

entity{
  _template:t="poly_battle_area"
  transform:m=[[1.0, 0.0, 0.0] [0.0, 1.0, 0.0] [0.0, 0.0, 1.0] [-92.9168, 2.49597, 183.158]]
  battleAreaId:t="2_area3b"
  groupName:t="sector_3_b"
  battle_area__team:i=2
  active:b=no

  "poly_area__points:list<p3>"{
    item:p3=53.3306, 3.29909, 456.809
    item:p3=-284.56, 3.29839, 458.869
    item:p3=-284.537, 3.29863, 7.04394
    item:p3=55.5729, 3.30101, -19.9276
  }
}

entity{
  _template:t="poly_battle_area"
  transform:m=[[1.0, 0.0, 0.0] [0.0, 1.0, 0.0] [0.0, 0.0, 1.0] [-94.5758, 2.44004, 182.332]]
  active:b=no
  battleAreaId:t="1_area3b"
  battle_area__team:i=1
  groupName:t="sector_3_b"

  "poly_area__points:list<p3>"{
    item:p3=-162.094, -1.29086, 452.957
    item:p3=-398.652, 3.29863, 456.709
    item:p3=-574.168, 3.29863, 34.5378
    item:p3=-158.826, 2.46566, 0.339024
  }
}

entity{
  _template:t="poly_battle_area"
  transform:m=[[1.0, 0.0, 0.0] [0.0, 1.0, 0.0] [0.0, 0.0, 1.0] [-302.888, 3.29862, 279.511]]
  battleAreaId:t="1_area4b"
  battle_area__team:i=1
  groupName:t="sector_4_b"
  active:b=no

  "poly_area__points:list<p3>"{
    item:p3=-570.385, 3.29959, 44.5636
    item:p3=-289.759, 3.29863, 26.9595
    item:p3=-290.793, 3.29864, 339.014
    item:p3=-411.556, 2.50642, 336.454
    item:p3=-506.375, 3.29961, 287.764
  }
}

entity{
  _template:t="poly_battle_area"
  transform:m=[[1.0, 0.0, 0.0] [0.0, 1.0, 0.0] [0.0, 0.0, 1.0] [-98.1113, 5.02347, 328.622]]
  battleAreaId:t="2_area4b"
  battle_area__team:i=2
  groupName:t="sector_4_b"
  active:b=no

  "poly_area__points:list<p3>"{
    item:p3=-95.0038, 3.29961, 454.152
    item:p3=-259.208, 2.05457, 452.186
    item:p3=-278.883, 0.781496, 438.396
    item:p3=-378.275, 3.29961, 398.763
    item:p3=-451.806, 6.43908, 316.729
    item:p3=-493.864, 3.29953, 168.062
    item:p3=-373.922, -3.17863, 165.466
    item:p3=-372.566, 3.29868, 28.6035
    item:p3=-99.0088, 3.39503, 5.37964
  }
}

entity{
  _template:t="poly_battle_area"
  transform:m=[[1.0, 0.0, 0.0] [0.0, 1.0, 0.0] [0.0, 0.0, 1.0] [-232.653, 3.29961, 262.412]]
  active:b=no
  battleAreaId:t="2_area3a"
  groupName:t="sector_3_a"
  battle_area__team:i=2

  "poly_area__points:list<p3>"{
    item:p3=-260.742, 3.29598, 449.867
    item:p3=-263.49, 3.29814, 339.569
    item:p3=-276.392, 3.29814, 328.677
    item:p3=-284.23, 3.29961, 12.3975
    item:p3=82.3156, 3.29952, -13.1844
    item:p3=77.7381, 3.29863, 455.31
  }
}

entity{
  _template:t="poly_battle_area"
  transform:m=[[1.0, 0.0, 0.0] [0.0, 1.0, 0.0] [0.0, 0.0, 1.0] [-231.709, 3.29966, 262.19]]
  active:b=no
  battleAreaId:t="1_area3a"
  battle_area__team:i=1
  groupName:t="sector_3_a"

  "poly_area__points:list<p3>"{
    item:p3=-160.559, 3.27491, -1.11854
    item:p3=-162.037, -2.82417, 450.991
    item:p3=-404.62, 4.57357, 451.219
    item:p3=-560.812, 3.29863, 38.4319
  }
}

entity{
  _template:t="aircraft_box_battle_area"
  transform:m=[[24897.4, 0.0, 108.785] [0.0, 7716.09, 0.0] [-107.866, 0.0, 24897.1] [-219.516, 241.569, 427.881]]
  battle_area__team:i=-1
}

entity{
  _template:t="group_activator"

  "activator__activateChoice:object"{
    sector_1:r=1.0
  }
}

entity{
  _template:t="enemy_attack_marker"
  transform:m=[[0.974311, 0.0, -0.225207] [0.0, 1.0, 0.0] [0.225207, 0.0, 0.974311] [-258.391, 3.54459, 268.224]]
}

entity{
  _template:t="static_cam"
  camera__active:b=yes
  transform:m=[[-0.338709, 0.00990517, 0.940839] [0.0078808, 0.999939, -0.00769027] [-0.940858, 0.00480978, -0.338767] [-58.2871, 14.2945, 209.533]]
}

entity{
  _template:t="briefing_invasion"
  mission_name:t="berlin_moat_germany_inv"

  "loading_images:list<t>"{
    item:t="ui/berlin_moat_01.avif"
    item:t="ui/berlin_moat_02.avif"
    item:t="ui/berlin_opera_inv_01.avif"
  }
}

entity{
  _template:t="team_ussr_berlin+team_narrator_invasion_defence+respawn_creators_team"
  team__countAdd:r=0.5
  team__memberCount:r=0.5
  team__scoreCap:r=5000.0
  team__capturePenalty:r=1001.0
  team__score:r=5000.0
  team__id:i=1
  team__briefing:t="invasion/defenders_goals"
  team__winSubtitle:t="debriefing/won_defence_subtitle"
  team__loseSubtitle:t="debriefing/lost_defence_subtitle"
  team__winTitle:t="debriefing/ussr_won_defence"
  team__spawnBotArmy:t="moscow_allies"
}

entity{
  _template:t="team_germany_berlin+team_narrator_invasion_attack+respawn_creators_team"
  team__memberCount:r=0.0
  team__scoreCap:r=2000.0
  team__score:r=2000.0
  team__squadSpawnCost:i=250
  team__firstSpawnCostMul:r=0.0
  team__zeroScoreFailTimer:r=60.0
  team__id:i=2
  team__briefing:t="invasion/attackers_goals"
  team__winSubtitle:t="debriefing/won_invasion_subtitle"
  team__loseSubtitle:t="debriefing/lost_invasion_subtitle"
  team__winTitle:t="debriefing/ger_won_invasion"
  team__spawnBotArmy:t="moscow_axis"
}

entity{
  _template:t="defend_zone_chained_box+defend_zone_respawnbase"
  transform:m=[[40.5713, 0.0, 0.986974] [0.0, 8.79186, 0.0] [-1.10393, 0.0, 44.6994] [0.713022, 7.75268, 176.412]]
  capzone__capRewardPartCap:r=1.125
  capzone__onlyTeamCanCapture:i=2
  capzone__curTeamCapturingZone:i=-1
  groupName:t="sector_1"
  capzone__capTime:r=35.0
  capzone__capTeam:i=-1
  active:b=no
  capzone__decapTime:r=6000.0
  ui_order:i=1
  capzone__capReward:r=250.0
  capzone__icon:t="AAA"
  capzone__caption:t="capzone/reichstag_square"
  capzone__deactivateAfterTimeout:r=25.0
  capzone__spawnAtZoneTimeout:r=25.0
  capzone__createRespawnBaseForTeam:i=1
  capzone__createRespawnBase:t="respawnBaseGroupActivator"
  capzone__createdRespawnBaseGroup:i=3
  decal__thickness:r=0.15
  decal__height:r=1.0

  "capzone__activateChoice:object"{
    sector_2:r=1.0
    sector_2_b:r=1.0
  }
}

entity{
  _template:t="defend_zone_chained_sphere+defend_zone_respawnbase"
  transform:m=[[3.14109, 0.0, 0.0] [0.0, 2.67924, 0.0] [0.0, 0.0, 4.03654] [-148.805, 5.70108, 178.662]]
  capzone__capRewardPartCap:r=1.25
  capzone__onlyTeamCanCapture:i=2
  capzone__curTeamCapturingZone:i=-1
  groupName:t="sector_2"
  capzone__capTime:r=40.0
  capzone__capTeam:i=-1
  active:b=no
  capzone__decapTime:r=6000.0
  ui_order:i=2
  capzone__capReward:r=500.0
  capzone__icon:t="AAA"
  capzone__caption:t="capzone/moat"
  capzone__deactivateAfterTimeout:r=25.0
  capzone__spawnAtZoneTimeout:r=25.0
  capzone__createRespawnBaseForTeam:i=1
  capzone__createRespawnBase:t="respawnBaseGroupActivator"
  capzone__createdRespawnBaseGroup:i=4
  decal__thickness:r=0.15
  decal__height:r=7.0

  "capzone__activateChoice:object"{
    sector_3:r=1.0
    sector_3_a:r=1.0
  }
}

entity{
  _template:t="defend_zone_chained_sphere+defend_zone_respawnbase"
  transform:m=[[0.885815, 0.0, 0.0] [0.0, 1.0, 0.0] [0.0, 0.0, 1.0] [-67.8056, 3.47001, 268.459]]
  capzone__capRewardPartCap:r=1.25
  capzone__onlyTeamCanCapture:i=2
  capzone__curTeamCapturingZone:i=-1
  groupName:t="sector_2_b"
  capzone__capTime:r=45.0
  capzone__capTeam:i=-1
  active:b=no
  capzone__decapTime:r=6000.0
  ui_order:i=2
  capzone__capReward:r=500.0
  capzone__icon:t="AAA"
  capzone__caption:t="capzone/bunker"
  capzone__deactivateAfterTimeout:r=25.0
  capzone__spawnAtZoneTimeout:r=25.0
  capzone__createRespawnBaseForTeam:i=1
  capzone__createRespawnBase:t="respawnBaseGroupActivator"
  capzone__createdRespawnBaseGroup:i=8
  decal__thickness:r=0.15
  sphere_zone__radius:r=19.0
  decal__height:r=1.0

  "capzone__activateChoice:object"{
    sector_3_b:r=1.0
  }
}

entity{
  _template:t="defend_zone_chained_sphere+defend_zone_respawnbase"
  transform:m=[[0.928624, 0.0, 0.0] [0.0, 1.0, 0.0] [0.0, 0.0, 1.0] [-222.309, 3.39272, 288.817]]
  capzone__capRewardPartCap:r=1.375
  capzone__onlyTeamCanCapture:i=2
  capzone__curTeamCapturingZone:i=-1
  groupName:t="sector_3_a"
  capzone__capTime:r=45.0
  capzone__capTeam:i=-1
  active:b=no
  capzone__decapTime:r=6000.0
  ui_order:i=2
  capzone__capReward:r=250.0
  capzone__icon:t="AAA"
  capzone__caption:t="capzone/construction"
  capzone__deactivateAfterTimeout:r=25.0
  capzone__spawnAtZoneTimeout:r=25.0
  capzone__createRespawnBaseForTeam:i=1
  capzone__createRespawnBase:t="respawnBaseGroupActivator"
  capzone__createdRespawnBaseGroup:i=9
  decal__thickness:r=0.15
  decal__height:r=3.0
  sphere_zone__radius:r=18.0
  capzone__iconOffsetY:r=2.0

  "capzone__activateChoice:object"{
    sector_4_b:r=1.0
  }
}

entity{
  _template:t="defend_zone_chained_sphere+defend_zone_respawnbase"
  transform:m=[[0.928624, 0.0, 0.0] [0.0, 1.0, 0.0] [0.0, 0.0, 1.0] [-222.583, 3.39272, 288.817]]
  capzone__capRewardPartCap:r=1.375
  capzone__onlyTeamCanCapture:i=2
  capzone__curTeamCapturingZone:i=-1
  groupName:t="sector_3_b"
  capzone__capTime:r=45.0
  capzone__capTeam:i=-1
  active:b=no
  capzone__decapTime:r=6000.0
  ui_order:i=2
  capzone__capReward:r=250.0
  capzone__icon:t="AAA"
  capzone__caption:t="capzone/construction"
  capzone__deactivateAfterTimeout:r=25.0
  capzone__spawnAtZoneTimeout:r=25.0
  capzone__createRespawnBaseForTeam:i=1
  capzone__createRespawnBase:t="respawnBaseGroupActivator"
  capzone__createdRespawnBaseGroup:i=10
  decal__thickness:r=0.15
  decal__height:r=3.0
  sphere_zone__radius:r=18.0
  capzone__iconOffsetY:r=2.0

  "capzone__activateChoice:object"{
    sector_4_b:r=1.0
  }
}

entity{
  _template:t="defend_zone_chained_sphere+defend_zone_respawnbase"
  transform:m=[[2.73728, 0.0, 0.0] [0.0, 2.67924, 0.0] [0.0, 0.0, 3.27051] [-305.0, 3.29863, 186.569]]
  capzone__capRewardPartCap:r=1.375
  capzone__onlyTeamCanCapture:i=2
  capzone__curTeamCapturingZone:i=-1
  groupName:t="sector_3"
  capzone__capTime:r=45.0
  capzone__capTeam:i=-1
  active:b=no
  capzone__decapTime:r=6000.0
  ui_order:i=3
  capzone__capReward:r=250.0
  capzone__icon:t="AAA"
  capzone__caption:t="capzone/monument"
  capzone__deactivateAfterTimeout:r=25.0
  capzone__spawnAtZoneTimeout:r=25.0
  capzone__createRespawnBaseForTeam:i=1
  capzone__createRespawnBase:t="respawnBaseGroupActivator"
  capzone__createdRespawnBaseGroup:i=5
  decal__thickness:r=0.15
  decal__height:r=0.3
  capzone__iconOffsetY:r=2.5

  "capzone__activateChoice:object"{
    sector_4:r=1.0
  }
}

entity{
  _template:t="defend_zone_chained_box+defend_zone_respawnbase"
  transform:m=[[23.6852, 0.0, -0.650528] [0.0, 9.50833, 0.0] [-0.416845, 0.0, 30.2882] [-395.434, 4.48852, 192.782]]
  capzone__capRewardPartCap:r=1.5
  capzone__onlyTeamCanCapture:i=2
  capzone__curTeamCapturingZone:i=-1
  groupName:t="sector_4"
  capzone__capTime:r=60.0
  capzone__capTeam:i=-1
  active:b=no
  capzone__decapTime:r=6000.0
  ui_order:i=4
  capzone__capReward:r=500.0
  capzone__icon:t="AAA"
  capzone__caption:t="capzone/main_hall"
  capzone__deactivateAfterTimeout:r=25.0
  capzone__spawnAtZoneTimeout:r=25.0
  capzone__createRespawnBaseForTeam:i=1
  capzone__createRespawnBase:t="respawnBaseGroupActivator"
  capzone__createdRespawnBaseGroup:i=6
  decal__thickness:r=0.15
  decal__height:r=4.0

  "capzone__activateChoice:object"{
    sector_5:r=1.0
  }
}

entity{
  _template:t="defend_zone_chained_box+defend_zone_respawnbase"
  transform:m=[[23.6852, 0.0, -0.650528] [0.0, 9.50833, 0.0] [-0.416845, 0.0, 30.2882] [-395.434, 4.48852, 192.782]]
  capzone__capRewardPartCap:r=1.5
  capzone__onlyTeamCanCapture:i=2
  capzone__curTeamCapturingZone:i=-1
  groupName:t="sector_4_b"
  capzone__capTime:r=60.0
  capzone__capTeam:i=-1
  active:b=no
  capzone__decapTime:r=6000.0
  ui_order:i=4
  capzone__capReward:r=500.0
  capzone__icon:t="AAA"
  capzone__caption:t="capzone/main_hall"
  capzone__deactivateAfterTimeout:r=25.0
  capzone__spawnAtZoneTimeout:r=25.0
  capzone__createRespawnBaseForTeam:i=1
  capzone__createRespawnBase:t="respawnBaseGroupActivator"
  capzone__createdRespawnBaseGroup:i=11
  decal__thickness:r=0.15
  decal__height:r=2.5

  "capzone__activateChoice:object"{
    sector_5:r=1.0
  }
}

entity{
  _template:t="defend_zone_chained_sphere+defend_zone_respawnbase"
  transform:m=[[2.73417, 0.0, 0.0] [0.0, 1.34016, 0.0] [0.0, 0.0, 2.04384] [-453.973, 6.14622, 140.341]]
  capzone__onlyTeamCanCapture:i=2
  capzone__curTeamCapturingZone:i=-1
  groupName:t="sector_5"
  capzone__capTime:r=50.0
  capzone__capTeam:i=-1
  active:b=no
  capzone__decapTime:r=6000.0
  ui_order:i=5
  capzone__capReward:r=250.0
  capzone__icon:t="AAA"
  capzone__caption:t="capzone/opera_restaurant"
  capzone__deactivateAfterTimeout:r=25.0
  capzone__spawnAtZoneTimeout:r=25.0
  capzone__createRespawnBaseForTeam:i=1
  capzone__createRespawnBase:t="respawnBaseGroupActivator"
  capzone__createdRespawnBaseGroup:i=7
  decal__thickness:r=0.15
  decal__height:r=0.5
  capzone__checkAllZonesInGroup:b=no
  capzone__iconOffsetY:r=1.5
}

entity{
  _template:t="respawnChooser+respTeam1"
  transform:m=[[-0.965264, 0.0, -0.261275] [0.0, 1.0, 0.0] [0.261275, 0.0, -0.965264] [105.568, 4.06842, 59.3705]]
  groupName:t="sector_1"
  active:b=no
  team:i=2
}

entity{
  _template:t="respawnChooser+respTeam1"
  transform:m=[[-0.307479, 0.0, 0.951555] [0.0, 1.0, 0.0] [-0.951555, 0.0, -0.307479] [107.291, 4.08353, 61.6551]]
  groupName:t="sector_1"
  active:b=no
  team:i=2
}

entity{
  _template:t="respawnChooser+respVehicle"
  respTime:i=150
  groupName:t="sector_1"
  team:i=1
  maxVehicleOnSpawn:i=2
  transform:m=[[0.753023, 0.0, 0.657995] [0.0, 1.0, 0.0] [-0.657995, 0.0, 0.753023] [-229.637, 3.68691, 240.823]]
  active:b=no
  respawnBaseGroup:i=1
}

entity{
  _template:t="respawnChooser+respTeam1"
  transform:m=[[0.644053, 0.0, -0.764982] [0.0, 1.0, 0.0] [0.764982, 0.0, 0.644053] [-317.86, 3.07398, 170.433]]
  active:b=no
  groupName:t="sector_2"
}

entity{
  _template:t="respawnChooser+respTeam2"
  transform:m=[[0.674424, 0.0, 0.738343] [0.0, 1.0, 0.0] [-0.738343, 0.0, 0.674424] [-293.847, 4.28701, 235.098]]
  groupName:t="sector_2"
  active:b=no
  respawnBaseGroup:i=2
  team:i=1
}

entity{
  _template:t="respawnChooser+respTeam2"
  transform:m=[[0.585318, 0.0, -0.810803] [0.0, 1.0, 0.0] [0.810803, 0.0, 0.585318] [-292.831, 4.00506, 240.144]]
  groupName:t="sector_2"
  respawnBaseGroup:i=2
  active:b=no
  team:i=1
}

entity{
  _template:t="respawnChooser+respTeam2"
  transform:m=[[-0.277651, 0.0, -0.960682] [0.0, 1.0, 0.0] [0.960682, 0.0, -0.277651] [-12.2414, 3.24942, 263.322]]
  groupName:t="sector_2"
  active:b=no
}

entity{
  _template:t="respawnChooser+respTeam2"
  transform:m=[[-0.649586, 0.0, -0.760287] [0.0, 1.0, 0.0] [0.760287, 0.0, -0.649586] [10.1553, 4.24948, 171.141]]
  groupName:t="sector_2"
  respawnBaseGroup:i=2
  active:b=no
}

entity{
  _template:t="respawnChooser+respTeam2"
  transform:m=[[-0.731524, 0.0, 0.681816] [0.0, 1.0, 0.0] [-0.681816, 0.0, -0.731524] [9.03361, 4.12573, 181.413]]
  groupName:t="sector_2"
  respawnBaseGroup:i=2
  active:b=no
}

entity{
  _template:t="respawnChooser+respVehicle"
  transform:m=[[-0.837086, 0.0, 0.54707] [0.0, 1.0, 0.0] [-0.54707, 0.0, -0.837086] [45.852, 3.86054, 38.5232]]
  groupName:t="sector_2"
  active:b=no
  team:i=2
  respTime:i=150
  maxVehicleOnSpawn:i=2
}

entity{
  _template:t="respawnChooser+respVehicle"
  transform:m=[[-0.872791, 0.0, 0.488094] [0.0, 1.0, 0.0] [-0.488094, 0.0, -0.872791] [85.4437, 3.60981, 260.863]]
  groupName:t="sector_2"
  maxVehicleOnSpawn:i=2
  respTime:i=150
  respawnBaseGroup:i=2
  team:i=2
  active:b=no
}

entity{
  _template:t="respawnChooser+respMotorcycle"
  active:b=no
  transform:m=[[-0.872791, 0.0, 0.488094] [0.0, 1.0, 0.0] [-0.488094, 0.0, -0.872791] [85.4437, 3.60981, 260.863]]
  team:i=2
  groupName:t="sector_2"
  respawnBaseGroup:i=2
}

entity{
  _template:t="respawnChooser+respVehicle"
  transform:m=[[0.97269, 0.0, -0.232107] [0.0, 1.0, 0.0] [0.232107, 0.0, 0.97269] [-361.521, 4.07426, 333.015]]
  active:b=no
  groupName:t="sector_2"
  team:i=1
  respTime:i=150
  maxVehicleOnSpawn:i=2
}

entity{
  _template:t="respawnChooser+respTeam1"
  transform:m=[[0.891143, 0.0, -0.453723] [0.0, 1.0, 0.0] [0.453723, 0.0, 0.891143] [-429.228, 2.67544, 210.397]]
  active:b=no
  groupName:t="sector_3"
}

entity{
  _template:t="respawnChooser+respTeam1"
  transform:m=[[0.307199, 0.0, 0.951645] [0.0, 1.0, 0.0] [-0.951645, 0.0, 0.307199] [-424.801, 3.9391, 241.184]]
  active:b=no
  groupName:t="sector_3"
}

entity{
  _template:t="respawnChooser+respTeam1"
  transform:m=[[0.991152, 0.0, 0.132724] [0.0, 1.0, 0.0] [-0.132724, 0.0, 0.991152] [-435.068, 12.1704, 173.345]]
  active:b=no
  groupName:t="sector_3"
  respawnBaseGroup:i=2
}

entity{
  _template:t="respawnChooser+respVehicle"
  transform:m=[[0.658675, 0.0, -0.752428] [0.0, 1.0, 0.0] [0.752428, 0.0, 0.658675] [-515.162, 3.8312, 81.6229]]
  groupName:t="sector_3"
  team:i=1
  active:b=no
  respTime:i=150
  maxVehicleOnSpawn:i=2
}

entity{
  _template:t="respawnChooser+respTeam2"
  transform:m=[[-0.0894015, 0.0, 0.995996] [0.0, 1.0, 0.0] [-0.995996, 0.0, -0.0894015] [-142.916, 0.934747, 280.057]]
  groupName:t="sector_3"
  active:b=no
}

entity{
  _template:t="respawnChooser+respTeam2"
  transform:m=[[-0.69005, 0.0, 0.723763] [0.0, 1.0, 0.0] [-0.723763, 0.0, -0.69005] [-120.995, -0.767124, 177.897]]
  active:b=no
  groupName:t="sector_3"
  respawnBaseGroup:i=2
}

entity{
  _template:t="respawnChooser+respVehicle"
  transform:m=[[-0.93272, 0.0, 0.360599] [0.0, 1.0, 0.0] [-0.360599, 0.0, -0.93272] [-31.4639, 3.84155, 95.2186]]
  team:i=2
  groupName:t="sector_3"
  active:b=no
  respTime:i=150
  maxVehicleOnSpawn:i=2
}

entity{
  _template:t="respawnChooser+respVehicle"
  transform:m=[[-0.899581, 0.0, -0.436754] [0.0, 1.0, 0.0] [0.436754, 0.0, -0.899581] [-30.8659, 4.16015, 267.439]]
  team:i=2
  respawnBaseGroup:i=2
  maxVehicleOnSpawn:i=2
  respTime:i=150
  groupName:t="sector_3"
  active:b=no
}

entity{
  _template:t="respawnChooser+respMotorcycle"
  active:b=no
  transform:m=[[-0.899581, 0.0, -0.436754] [0.0, 1.0, 0.0] [0.436754, 0.0, -0.899581] [-30.8659, 4.16015, 267.439]]
  team:i=2
  groupName:t="sector_3"
  respawnBaseGroup:i=2
}

entity{
  _template:t="respawnChooser+respTeam1"
  transform:m=[[-0.623948, 0.0, 0.781466] [0.0, 1.0, 0.0] [-0.781466, 0.0, -0.623948] [-404.228, 4.5729, 75.8321]]
  active:b=no
  groupName:t="sector_4"
}

entity{
  _template:t="respawnChooser+respTeam1"
  transform:m=[[0.973746, 0.0, 0.227639] [0.0, 1.0, 0.0] [-0.227639, 0.0, 0.973746] [-464.623, 6.85689, 153.904]]
  groupName:t="sector_4"
  active:b=no
  respawnBaseGroup:i=2
}

entity{
  _template:t="respawnChooser+respVehicle"
  transform:m=[[0.841224, 0.0, 0.540686] [0.0, 1.0, 0.0] [-0.540686, 0.0, 0.841224] [-518.072, 3.29863, 77.9841]]
  active:b=no
  groupName:t="sector_4"
  team:i=1
  respTime:i=150
  maxVehicleOnSpawn:i=2
}

entity{
  _template:t="respawnChooser+respVehicle"
  transform:m=[[0.0254389, 0.0, -0.999677] [0.0, 1.0, 0.0] [0.999677, 0.0, 0.0254389] [-253.07, 3.6847, 386.182]]
  groupName:t="sector_4"
  active:b=no
  team:i=2
  respTime:i=150
  maxVehicleOnSpawn:i=2
}

entity{
  _template:t="respawnChooser+respTeam2"
  transform:m=[[-0.277747, 0.0, -0.960654] [0.0, 1.0, 0.0] [0.960654, 0.0, -0.277747] [-348.943, 3.9548, 309.622]]
  active:b=no
  groupName:t="sector_4"
}

entity{
  _template:t="respawnChooser+respTeam2"
  transform:m=[[-0.199195, 0.0, -0.979961] [0.0, 1.0, 0.0] [0.979961, 0.0, -0.199195] [-348.165, 4.1885, 292.518]]
  active:b=no
  groupName:t="sector_4"
}

entity{
  _template:t="respawnChooser+respTeam2"
  transform:m=[[0.999836, 0.0, 0.0181429] [0.0, 1.0, 0.0] [-0.0181429, 0.0, 0.999836] [-561.608, 3.29863, 129.497]]
  groupName:t="sector_5"
  active:b=no
  team:i=1
}

entity{
  _template:t="respawnChooser+respTeam2"
  transform:m=[[0.864665, 0.0, -0.502347] [0.0, 1.0, 0.0] [0.502347, 0.0, 0.864665] [-517.907, 3.29863, 213.398]]
  active:b=no
  groupName:t="sector_5"
  respawnBaseGroup:i=2
  team:i=1
}

entity{
  _template:t="respawnChooser+respTeam2"
  transform:m=[[-0.873049, 0.0, -0.487635] [0.0, 1.0, 0.0] [0.487635, 0.0, -0.873049] [-382.983, 6.93469, 212.147]]
  active:b=no
  groupName:t="sector_5"
  respawnBaseGroup:i=1
}

entity{
  _template:t="respawnChooser+respTeam2"
  transform:m=[[0.126842, 0.0, -0.991923] [0.0, 1.0, 0.0] [0.991923, 0.0, 0.126842] [-526.397, 4.55588, 208.488]]
  active:b=no
  groupName:t="sector_5"
  respawnBaseGroup:i=2
  team:i=1
}

entity{
  _template:t="respawnChooser+respVehicle"
  transform:m=[[-0.817028, 0.0, -0.576599] [0.0, 1.0, 0.0] [0.576599, 0.0, -0.817028] [-194.593, 4.00264, 265.505]]
  groupName:t="sector_5"
  team:i=2
  active:b=no
  respTime:i=150
  maxVehicleOnSpawn:i=2
}

entity{
  _template:t="respawnChooser+respVehicle"
  transform:m=[[0.997896, 0.0, 0.0648334] [0.0, 1.0, 0.0] [-0.0648334, 0.0, 0.997896] [-591.696, 3.40727, 55.3802]]
  active:b=no
  groupName:t="sector_5"
  team:i=1
  respTime:i=150
  maxVehicleOnSpawn:i=2
}

entity{
  _template:t="respAircraftInAir"
  respawnbaseType:t="aircraft_fighter"
  transform:m=[[-0.815333, 0.0, 0.578994] [0.0, 1.0, 0.0] [-0.578994, 0.0, -0.815333] [2595.65, 1023.92, -1873.75]]
  team:i=2
  maxVehicleOnSpawn:i=1
  respTime:i=120
}

entity{
  _template:t="respAircraftInAir"
  respawnbaseType:t="aircraft_assault"
  transform:m=[[-0.867929, 0.0, 0.496688] [0.0, 1.0, 0.0] [-0.496688, 0.0, -0.867929] [2497.52, 823.92, -2021.33]]
  team:i=2
  maxVehicleOnSpawn:i=1
  respTime:i=120
}

entity{
  _template:t="respAircraftInAir"
  respawnbaseType:t="aircraft_fighter"
  transform:m=[[-0.839653, 0.0, 0.543123] [0.0, 1.0, 0.0] [-0.543123, 0.0, -0.839654] [2502.76, 1023.92, -1999.86]]
  team:i=2
  maxVehicleOnSpawn:i=1
  respTime:i=120
}

entity{
  _template:t="respAircraftInAir"
  respawnbaseType:t="aircraft_assault"
  transform:m=[[-0.834193, 0.0, 0.551474] [0.0, 1.0, 0.0] [-0.551474, 0.0, -0.834192] [2595.65, 823.92, -1873.75]]
  team:i=2
  maxVehicleOnSpawn:i=1
  respTime:i=120
}

entity{
  _template:t="respAircraftInAir"
  respawnbaseType:t="aircraft_fighter"
  transform:m=[[0.700257, 0.0, -0.71389] [0.0, 1.0, 0.0] [0.71389, -0.0, 0.700258] [-2944.3, 1000.0, 2514.96]]
  team:i=1
  maxVehicleOnSpawn:i=1
  respTime:i=120
}

entity{
  _template:t="respAircraftInAir"
  respawnbaseType:t="aircraft_assault"
  transform:m=[[0.700257, 0.0, -0.71389] [0.0, 1.0, 0.0] [0.71389, -0.0, 0.700258] [-2944.3, 800.0, 2514.96]]
  team:i=1
  maxVehicleOnSpawn:i=1
  respTime:i=120
}

entity{
  _template:t="respAircraftInAir"
  respawnbaseType:t="aircraft_fighter"
  transform:m=[[0.700257, 0.0, -0.71389] [0.0, 1.0, 0.0] [0.71389, -0.0, 0.700258] [-2858.99, 1000.0, 2639.05]]
  team:i=1
  maxVehicleOnSpawn:i=1
  respTime:i=120
}

entity{
  _template:t="respAircraftInAir"
  respawnbaseType:t="aircraft_assault"
  transform:m=[[0.700257, 0.0, -0.71389] [0.0, 1.0, 0.0] [0.71389, -0.0, 0.700258] [-2814.34, 800.0, 2637.95]]
  team:i=1
  maxVehicleOnSpawn:i=1
  respTime:i=120
}

entity{
  _template:t="resupply_in_air_zone"
  transform:m=[[0.327869, 0.0, -0.944724] [0.0, 1.0, 0.0] [0.944724, 0.0, 0.327869] [449.463, 423.857, -2668.2]]
  resupply_zone__team:i=2
}

entity{
  _template:t="resupply_in_air_zone"
  transform:m=[[-0.999999, 0.0, -0.000445871] [0.0, 1.0, 0.0] [0.000445871, 0.0, -0.999999] [-461.257, 482.132, 3140.15]]
  resupply_zone__team:i=1
}

entity{
  _template:t="respawnChooser+respTeam1"
  transform:m=[[-0.955333, 0.0, -0.295536] [0.0, 1.0, 0.0] [0.295536, 0.0, -0.955333] [-122.859, -0.299658, 171.549]]
  groupName:t="sector_3"
  team:i=2
  respawnBaseGroup:i=2
  active:b=no
}

entity{
  _template:t="respawnChooser+respTeam2"
  transform:m=[[-0.675501, 0.0, -0.737358] [0.0, 1.0, 0.0] [0.737358, 0.0, -0.675501] [-145.63, -0.515732, 274.069]]
  active:b=no
  groupName:t="sector_3"
}

entity{
  _template:t="respawnChooser+respTeam1"
  transform:m=[[0.32278, 0.0, 0.946475] [0.0, 1.0, 0.0] [-0.946475, 0.0, 0.32278] [-413.979, 4.29203, 76.6518]]
  active:b=no
  groupName:t="sector_4"
}

entity{
  _template:t="respawnChooser+respTeam1"
  transform:m=[[0.759469, 0.0, 0.650544] [0.0, 1.0, 0.0] [-0.650544, 0.0, 0.759469] [-476.006, 6.31281, 122.796]]
  active:b=no
  groupName:t="sector_4"
  respawnBaseGroup:i=2
}

entity{
  _template:t="respawn_camera"
  respawnCameraForTeam:i=1
  moveCameraToHeight:r=500.0
  transform:m=[[1.0, 0.0, 0.0] [0.0, 1.0, 0.0] [0.0, 0.0, 1.0] [-293.728, 491.585, 189.904]]
}

entity{
  _template:t="respawn_camera"
  respawnCameraForTeam:i=2
  moveCameraToHeight:r=500.0
  transform:m=[[1.0, 0.0, 0.0] [0.0, 1.0, 0.0] [0.0, 0.0, 1.0] [394.09, 494.395, 58.2962]]
}

entity{
  _template:t="respawnChooser+respTeam1"
  transform:m=[[0.467604, 0.0, -0.883938] [0.0, 1.0, 0.0] [0.883938, 0.0, 0.467604] [-399.112, 3.39691, 218.861]]
  groupName:t="sector_5"
  respawnBaseGroup:i=1
  active:b=no
  team:i=2
}

entity{
  _template:t="respawnChooser+respTeam1"
  transform:m=[[-0.996768, 0.0, -0.0803475] [0.0, 1.0, 0.0] [0.0803475, 0.0, -0.996768] [-387.221, 2.77906, 212.282]]
  groupName:t="sector_5"
  respawnBaseGroup:i=1
  active:b=no
  team:i=2
}

entity{
  _template:t="respawnChooser+respTeam2"
  transform:m=[[0.281596, 0.0, 0.959532] [0.0, 1.0, 0.0] [-0.959532, 0.0, 0.281596] [-96.6064, -1.18242, 40.845]]
  respawnBaseGroup:i=1
  groupName:t="sector_1"
  active:b=no
  team:i=1
}

entity{
  _template:t="respawnChooser+respTeam2"
  transform:m=[[0.953759, 0.0, -0.300576] [0.0, 1.0, 0.0] [0.300576, 0.0, 0.953759] [-96.9172, -1.66806, 36.1922]]
  groupName:t="sector_1"
  active:b=no
  team:i=1
}

entity{
  _template:t="respawnChooser+respTeam2"
  transform:m=[[-0.420965, 0.0, -0.907078] [0.0, 1.0, 0.0] [0.907078, 0.0, -0.420965] [-95.822, 3.83481, 285.341]]
  groupName:t="sector_1"
  respawnBaseGroup:i=2
  active:b=no
  team:i=1
}

entity{
  _template:t="respawnChooser+respTeam2"
  transform:m=[[0.394807, 0.0, 0.918764] [0.0, 1.0, 0.0] [-0.918764, 0.0, 0.394807] [-92.6491, 3.15379, 290.043]]
  groupName:t="sector_1"
  respawnBaseGroup:i=2
  active:b=no
  team:i=1
}

entity{
  _template:t="respawnChooser+respVehicle"
  transform:m=[[-0.407587, 0.0, 0.913166] [0.0, 1.0, 0.0] [-0.913166, 0.0, -0.407587] [181.847, 3.29863, 50.6352]]
  groupName:t="sector_1"
  team:i=2
  active:b=no
  respTime:i=150
  maxVehicleOnSpawn:i=2
}

entity{
  _template:t="respawnChooser+respTeam1"
  transform:m=[[-0.558847, 0.0, 0.829271] [0.0, 1.0, 0.0] [-0.829271, 0.0, -0.558847] [130.002, 3.11784, 257.628]]
  groupName:t="sector_1"
  respawnBaseGroup:i=2
  team:i=2
  active:b=no
}

entity{
  _template:t="respawnChooser+respTeam1"
  transform:m=[[-0.890436, 0.0, -0.455108] [0.0, 1.0, 0.0] [0.455108, 0.0, -0.890436] [130.355, 3.48358, 254.885]]
  groupName:t="sector_1"
  respawnBaseGroup:i=2
  team:i=2
  active:b=no
}

entity{
  _template:t="respawnChooser+respTeam1"
  transform:m=[[1.0, 0.0, 0.0] [0.0, 1.0, 0.0] [0.0, 0.0, 1.0] [-435.107, 5.97748, 174.755]]
  groupName:t="sector_3"
  respawnBaseGroup:i=2
  active:b=no
}

entity{
  _template:t="respawnChooser+respTeam1"
  transform:m=[[0.911093, 0.0, 0.4122] [0.0, 1.0, 0.0] [-0.4122, 0.0, 0.911093] [-564.533, 4.56543, 136.925]]
  groupName:t="sector_5"
  active:b=no
}

entity{
  _template:t="respawnChooser+respTeam1"
  transform:m=[[-0.927958, 0.0, -0.372685] [0.0, 1.0, 0.0] [0.372685, 0.0, -0.927958] [38.3267, 4.10407, 170.162]]
  groupName:t="sector_2_b"
  team:i=2
  active:b=no
}

entity{
  _template:t="respawnChooser+respTeam1"
  transform:m=[[-0.152621, 0.0, -0.988285] [0.0, 1.0, 0.0] [0.988285, 0.0, -0.152621] [37.2722, 4.17035, 163.617]]
  groupName:t="sector_2_b"
  team:i=2
  active:b=no
}

entity{
  _template:t="respawnChooser+respTeam1"
  transform:m=[[-0.555619, 0.0, -0.831437] [0.0, 1.0, 0.0] [0.831437, 0.0, -0.555619] [50.6635, 3.4011, 262.532]]
  groupName:t="sector_2_b"
  team:i=2
  active:b=no
  respawnBaseGroup:i=2
}

entity{
  _template:t="respawnChooser+respTeam1"
  transform:m=[[0.195596, 0.0, -0.980685] [0.0, 1.0, 0.0] [0.980685, 0.0, 0.195596] [-207.586, 3.35743, 302.479]]
  groupName:t="sector_2_b"
  active:b=no
}

entity{
  _template:t="respawnChooser+respTeam1"
  transform:m=[[0.550801, 0.0, -0.834637] [0.0, 1.0, 0.0] [0.834637, 0.0, 0.550801] [-219.252, 4.19204, 281.324]]
  groupName:t="sector_2_b"
  active:b=no
}

entity{
  _template:t="respawnChooser+respTeam1"
  transform:m=[[0.99693, 0.0, -0.0782992] [0.0, 1.0, 0.0] [0.0782992, 0.0, 0.99693] [-175.151, 2.94676, 141.952]]
  groupName:t="sector_2_b"
  active:b=no
}

entity{
  _template:t="respawnChooser+respTeam1"
  transform:m=[[0.801909, 0.0, 0.597446] [0.0, 1.0, 0.0] [-0.597446, 0.0, 0.801909] [-190.578, 4.13136, 183.433]]
  groupName:t="sector_2_b"
  active:b=no
}

entity{
  _template:t="respawnChooser+respVehicle"
  transform:m=[[0.999356, 0.0, -0.035864] [0.0, 1.0, 0.0] [0.035864, 0.0, 0.999356] [-281.924, 4.60506, 204.884]]
  groupName:t="sector_2_b"
  team:i=1
  active:b=no
  respTime:i=150
  maxVehicleOnSpawn:i=2
}

entity{
  _template:t="respawnChooser+respVehicle"
  transform:m=[[-0.775322, 0.0, 0.631567] [0.0, 1.0, 0.0] [-0.631567, 0.0, -0.775322] [49.7481, 3.29863, 34.5975]]
  groupName:t="sector_2_b"
  team:i=2
  active:b=no
  respTime:i=150
  maxVehicleOnSpawn:i=2
}

entity{
  _template:t="respawnChooser+respTeam1"
  transform:m=[[0.652577, 0.0, 0.757722] [0.0, 1.0, 0.0] [-0.757722, 0.0, 0.652577] [-352.077, 3.40047, 315.577]]
  groupName:t="sector_3_b"
  active:b=no
}

entity{
  _template:t="respawnChooser+respTeam1"
  transform:m=[[0.456777, 0.0, 0.889581] [0.0, 1.0, 0.0] [-0.889581, 0.0, 0.456777] [-350.134, 3.39833, 292.734]]
  groupName:t="sector_3_b"
  active:b=no
}

entity{
  _template:t="respawnChooser+respTeam1"
  transform:m=[[0.970531, 0.0, 0.240977] [0.0, 1.0, 0.0] [-0.240977, 0.0, 0.970531] [-345.332, 3.38918, 238.477]]
  respawnBaseGroup:i=2
  groupName:t="sector_3_b"
  active:b=no
}

entity{
  _template:t="respawnChooser+respTeam1"
  transform:m=[[0.367232, 0.0, 0.930129] [0.0, 1.0, 0.0] [-0.930129, 0.0, 0.367232] [-355.414, 3.29863, 225.709]]
  groupName:t="sector_3_b"
  respawnBaseGroup:i=2
  active:b=no
}

entity{
  _template:t="respawnChooser+respTeam2"
  transform:m=[[-0.170375, 0.0, -0.985379] [0.0, 1.0, 0.0] [0.985379, 0.0, -0.170375] [-58.4581, 3.32134, 256.823]]
  groupName:t="sector_3_b"
  active:b=no
}

entity{
  _template:t="respawnChooser+respTeam2"
  transform:m=[[-0.567682, 0.0, 0.823248] [0.0, 1.0, 0.0] [-0.823248, 0.0, -0.567682] [-54.841, 3.34372, 263.563]]
  groupName:t="sector_3_b"
  active:b=no
}

entity{
  _template:t="respawnChooser+respTeam2"
  transform:m=[[-0.967188, 0.0, 0.254061] [0.0, 1.0, 0.0] [-0.254061, 0.0, -0.967188] [-113.928, 0.13602, 157.135]]
  respawnBaseGroup:i=2
  groupName:t="sector_3_b"
  active:b=no
}

entity{
  _template:t="respawnChooser+respTeam2"
  transform:m=[[-0.699472, 0.0, 0.71466] [0.0, 1.0, 0.0] [-0.71466, 0.0, -0.699472] [-115.601, -0.369329, 148.899]]
  groupName:t="sector_3_b"
  respawnBaseGroup:i=2
  active:b=no
}

entity{
  _template:t="respawnChooser+respVehicle"
  transform:m=[[-0.523082, 0.0, -0.852282] [0.0, 1.0, 0.0] [0.852282, 0.0, -0.523082] [33.9258, 3.79414, 119.366]]
  groupName:t="sector_3_b"
  team:i=2
  active:b=no
  respTime:i=150
  maxVehicleOnSpawn:i=2
}

entity{
  _template:t="respawnChooser+respVehicle"
  transform:m=[[0.460849, 0.0, 0.887477] [0.0, 1.0, 0.0] [-0.887477, 0.0, 0.460849] [-474.014, 4.2036, 196.68]]
  groupName:t="sector_3_b"
  team:i=1
  active:b=no
  respTime:i=150
  maxVehicleOnSpawn:i=2
}

entity{
  _template:t="respawnChooser+respTeam1"
  transform:m=[[-0.623948, 0.0, 0.781466] [0.0, 1.0, 0.0] [-0.781466, 0.0, -0.623948] [-403.884, 4.5729, 75.8002]]
  active:b=no
  groupName:t="sector_4_b"
}

entity{
  _template:t="respawnChooser+respTeam1"
  transform:m=[[0.973746, 0.0, 0.227639] [0.0, 1.0, 0.0] [-0.227639, 0.0, 0.973746] [-464.294, 6.85689, 154.113]]
  groupName:t="sector_4_b"
  active:b=no
  respawnBaseGroup:i=2
}

entity{
  _template:t="respawnChooser+respVehicle"
  transform:m=[[0.841224, 0.0, 0.540686] [0.0, 1.0, 0.0] [-0.540686, 0.0, 0.841224] [-517.585, 3.29863, 77.9841]]
  active:b=no
  groupName:t="sector_4_b"
  team:i=1
  respTime:i=150
  maxVehicleOnSpawn:i=2
}

entity{
  _template:t="respawnChooser+respTeam2"
  transform:m=[[-0.347826, 0.0, -0.937559] [0.0, 1.0, 0.0] [0.937559, 0.0, -0.347826] [-211.464, 4.86897, 284.739]]
  groupName:t="sector_4_b"
  active:b=no
}

entity{
  _template:t="respawnChooser+respTeam2"
  transform:m=[[-0.320553, 0.0, -0.94723] [0.0, 1.0, 0.0] [0.94723, 0.0, -0.320553] [-197.681, 4.11032, 301.73]]
  active:b=no
  groupName:t="sector_4_b"
}

entity{
  _template:t="respawnChooser+respTeam2"
  transform:m=[[0.770432, 0.0, -0.637521] [0.0, 1.0, 0.0] [0.637521, 0.0, 0.770432] [-272.613, 3.26937, 373.321]]
  active:b=no
  groupName:t="sector_4_b"
  respawnBaseGroup:i=2
}

entity{
  _template:t="respawnChooser+respTeam2"
  transform:m=[[-0.867697, 0.0, -0.497094] [0.0, 1.0, 0.0] [0.497094, 0.0, -0.867697] [-287.143, 3.95714, 375.139]]
  active:b=no
  groupName:t="sector_4_b"
  respawnBaseGroup:i=2
}

entity{
  _template:t="respawnChooser+respVehicle"
  transform:m=[[-0.993944, 0.0, 0.109887] [0.0, 1.0, 0.0] [-0.109887, 0.0, -0.993944] [-140.181, 4.32393, 146.316]]
  active:b=no
  groupName:t="sector_4_b"
  team:i=2
  respTime:i=150
  maxVehicleOnSpawn:i=2
}

entity{
  _template:t="respawnChooser+respVehicle"
  transform:m=[[-0.0195453, 0.0, -0.999809] [0.0, 1.0, 0.0] [0.999809, 0.0, -0.0195453] [-253.191, 3.29863, 404.267]]
  groupName:t="sector_4_b"
  maxVehicleOnSpawn:i=2
  respTime:i=150
  team:i=2
  respawnBaseGroup:i=2
  active:b=no
}

entity{
  _template:t="respawnChooser+respMotorcycle"
  active:b=no
