import{
  scene:t="content/enlisted/gamedata/scenes/_berlin_opera_gpu_objects.blk"
  scene:t="content/enlisted/gamedata/scenes/_berlin_opera_biom_fx.blk"
  scene:t="content/enlisted/gamedata/scenes/_berlin_opera_background_fx.blk"
  scene:t="content/enlisted/gamedata/scenes/_berlin_opera_projectors.blk"
  scene:t="content/enlisted/gamedata/scenes/_berlin_opera_tracers.blk"
}

import{
  scene:t="content/enlisted/gamedata/scenes/_berlin_opera_level.blk"
}

entity{
  _template:t="enemy_attack_marker"
}

entity{
  _template:t="static_cam"
  camera__active:b=yes
  transform:m=[[0.959908, 0.0, -0.280316] [-0.00308663, 0.999939, -0.0105698] [0.280299, 0.0110112, 0.959848] [-440.555, 25.4492, 676.469]]
}

entity{
  _template:t="briefing_invasion"
  mission_name:t="berlin_station_inv"

  "loading_images:list<t>"{
    item:t="ui/berlin_station_01.jpg"
    item:t="ui/berlin_station_02.jpg"
    item:t="ui/berlin_station_03.jpg"
  }
}

entity{
  _template:t="group_activator"
  activator__initialLength:i=5

  "activator__activateChoice:object"{
    sector_1:r=1.0
  }
}

entity{
  _template:t="team_ussr_berlin+team_narrator_invasion_defence+respawn_creators_team"
  team__countAdd:r=0.5
  team__memberCount:r=0.5
  team__scoreCap:r=5000.0
  team__capturePenalty:r=1001.0
  team__score:r=5000.0
  team__id:i=1
  team__briefing:t="invasion/defenders_goals"
  team__winSubtitle:t="debriefing/won_defence_subtitle"
  team__loseSubtitle:t="debriefing/lost_defence_subtitle"
  team__winTitle:t="debriefing/berlin/station/ussr_won_defence"
  team__spawnBotArmy:t="moscow_allies"
}

entity{
  _template:t="team_germany_berlin+team_narrator_invasion_attack+respawn_creators_team"
  team__memberCount:r=0.0
  team__scoreCap:r=4000.0
  team__score:r=4000.0
  team__squadSpawnCost:i=250
  team__firstSpawnCostMul:r=0.0
  team__zeroScoreFailTimer:r=60.0
  team__id:i=2
  team__briefing:t="invasion/attackers_goals"
  team__winSubtitle:t="debriefing/won_invasion_subtitle"
  team__loseSubtitle:t="debriefing/lost_invasion_subtitle"
  team__winTitle:t="debriefing/ger_won_invasion"
  team__spawnBotArmy:t="moscow_axis"
}

entity{
  _template:t="defend_zone_chained_sphere+defend_zone_respawnbase"
  transform:m=[[1.10296, -0.171434, -1.35808] [0.0941275, 1.4303, -0.104106] [2.28618, -0.0151712, 1.85862] [-515.089, -1.6686, 508.143]]
  capzone__capRewardPartCap:r=1.125
  capzone__onlyTeamCanCapture:i=2
  capzone__curTeamCapturingZone:i=-1
  groupName:t="sector_1"
  capzone__capTime:r=30.0
  capzone__capTeam:i=-1
  active:b=no
  capzone__decapTime:r=6000.0
  ui_order:i=0
  capzone__capReward:r=250.0
  capzone__icon:t="AAA"
  capzone__caption:t="capzone/train"
  capzone__deactivateAfterTimeout:r=25.0
  capzone__spawnAtZoneTimeout:r=25.0
  capzone__createRespawnBaseForTeam:i=1
  decal__height:r=2.0
  capzone__createRespawnBase:t="respawnBaseGroupActivator"
  capzone__createdRespawnBaseGroup:i=3
  capzone__iconOffsetY:r=2.5

  "capzone__activateChoice:object"{
    sector_2_a:r=1.0
    sector_2_b:r=2.0
  }
}

entity{
  _template:t="defend_zone_chained_sphere+defend_zone_respawnbase"
  transform:m=[[1.75792, 0.0, 0.0] [0.0, 1.43717, 0.0] [0.0, 0.0, 1.75792] [-461.927, 3.24001, 615.419]]
  capzone__capRewardPartCap:r=1.25
  capzone__onlyTeamCanCapture:i=2
  capzone__curTeamCapturingZone:i=-1
  groupName:t="sector_2_a"
  capzone__capTime:r=30.0
  capzone__capTeam:i=-1
  active:b=no
  capzone__decapTime:r=6000.0
  ui_order:i=1
  capzone__capReward:r=250.0
  capzone__icon:t="AAA"
  capzone__caption:t="capzone/crossroads"
  capzone__deactivateAfterTimeout:r=25.0
  capzone__spawnAtZoneTimeout:r=25.0
  capzone__createRespawnBaseForTeam:i=1
  decal__height:r=0.4
  capzone__createRespawnBase:t="respawnBaseGroupActivator"
  capzone__createdRespawnBaseGroup:i=4
  capzone__iconOffsetY:r=1.5

  "capzone__activateChoice:object"{
    sector_3:r=1.0
  }
}

entity{
  _template:t="defend_zone_chained_box+defend_zone_respawnbase"
  transform:m=[[4.34595, 0.0, 21.9281] [0.0, 6.80457, 0.0] [-26.7549, 0.0, 4.55284] [-497.987, 5.90157, 664.582]]
  groupName:t="sector_2_b"
  capzone__caption:t="capzone/apartments"
  capzone__capRewardPartCap:r=1.25
  capzone__onlyTeamCanCapture:i=2
  capzone__capReward:r=250.0
  capzone__icon:t="AAA"
  capzone__capTime:r=35.0
  capzone__capTeam:i=-1
  active:b=no
  capzone__decapTime:r=6000.0
  capzone__deactivateAfterTimeout:r=25.0
  capzone__spawnAtZoneTimeout:r=25.0
  capzone__createRespawnBaseForTeam:i=1
  decal__height:r=2.0
  ui_order:i=3
  capzone__createRespawnBase:t="respawnBaseGroupActivator"
  capzone__createdRespawnBaseGroup:i=8

  "capzone__activateChoice:object"{
    sector_3:r=1.0
  }
}

entity{
  _template:t="defend_zone_chained_sphere+defend_zone_respawnbase"
  transform:m=[[0.0938255, 0.0, 1.04981] [0.0, 0.932493, 0.0] [-1.04981, 0.0, 0.0938255] [-421.249, 3.09121, 691.535]]
  groupName:t="sector_3"
  capzone__capRewardPartCap:r=1.375
  capzone__onlyTeamCanCapture:i=2
  ui_order:i=2
  capzone__capReward:r=250.0
  capzone__icon:t="AAA"
  capzone__caption:t="capzone/artillery_emplacement"
  capzone__capTime:r=35.0
  capzone__capTeam:i=-1
  active:b=no
  capzone__decapTime:r=6000.0
  sphere_zone__radius:r=12.0
  capzone__deactivateAfterTimeout:r=25.0
  capzone__spawnAtZoneTimeout:r=25.0
  capzone__createRespawnBaseForTeam:i=1
  decal__height:r=0.3
  capzone__createRespawnBase:t="respawnBaseGroupActivator"
  capzone__createdRespawnBaseGroup:i=5
  capzone__iconOffsetY:r=1.5

  "capzone__activateChoice:object"{
    sector_4_b:r=2.0
    sector_4_a:r=1.0
  }
}

entity{
  _template:t="defend_zone_chained_box+defend_zone_respawnbase"
  transform:m=[[14.3751, 0.0, 1.32706] [0.0, 6.80457, 0.0] [-1.23045, 0.0, 21.0244] [-347.063, 6.5645, 769.51]]
  groupName:t="sector_4_a"
  capzone__caption:t="capzone/station_restaurant"
  capzone__capRewardPartCap:r=1.5
  capzone__onlyTeamCanCapture:i=2
  capzone__capReward:r=250.0
  capzone__icon:t="AAA"
  capzone__capTime:r=35.0
  capzone__capTeam:i=-1
  active:b=no
  capzone__decapTime:r=6000.0
  capzone__deactivateAfterTimeout:r=25.0
  capzone__spawnAtZoneTimeout:r=25.0
  capzone__createRespawnBaseForTeam:i=1
  decal__height:r=0.5
  ui_order:i=3
  capzone__createRespawnBase:t="respawnBaseGroupActivator"
  capzone__createdRespawnBaseGroup:i=6

  "capzone__activateChoice:object"{
    sector_5_b:r=2.0
    sector_5_a:r=1.0
  }
}

entity{
  _template:t="defend_zone_chained_box+defend_zone_respawnbase"
  transform:m=[[-0.730138, 0.0, 21.8662] [0.0, 6.80457, 0.0] [-21.0624, 0.0, -1.18384] [-437.133, 6.53821, 764.703]]
  groupName:t="sector_4_b"
  capzone__caption:t="capzone/canteen"
  capzone__capRewardPartCap:r=1.5
  capzone__onlyTeamCanCapture:i=2
  capzone__capReward:r=250.0
  capzone__icon:t="AAA"
  capzone__capTime:r=35.0
  capzone__capTeam:i=-1
  active:b=no
  capzone__decapTime:r=6000.0
  capzone__deactivateAfterTimeout:r=25.0
  capzone__spawnAtZoneTimeout:r=25.0
  capzone__createRespawnBaseForTeam:i=1
  decal__height:r=0.3
  ui_order:i=3
  capzone__createRespawnBase:t="respawnBaseGroupActivator"
  capzone__createdRespawnBaseGroup:i=9

  "capzone__activateChoice:object"{
    sector_5_b:r=2.0
    sector_5_a:r=1.0
  }
}

entity{
  _template:t="defend_zone_chained_sphere+defend_zone_respawnbase"
  transform:m=[[0.0938255, 0.0, 1.04981] [0.0, 0.932493, 0.0] [-1.04981, 0.0, 0.0938255] [-400.005, 3.41958, 882.169]]
  capzone__onlyTeamCanCapture:i=2
  capzone__curTeamCapturingZone:i=-1
  groupName:t="sector_5_a"
  capzone__capTime:r=35.0
  capzone__capTeam:i=-1
  active:b=no
  capzone__decapTime:r=6000.0
  ui_order:i=4
  capzone__capReward:r=250.0
  capzone__icon:t="AAA"
  capzone__caption:t="capzone/station"
  capzone__deactivateAfterTimeout:r=25.0
  capzone__spawnAtZoneTimeout:r=25.0
  capzone__createRespawnBaseForTeam:i=1
  sphere_zone__radius:r=14.0
  decal__height:r=0.2
  capzone__createRespawnBase:t="respawnBaseGroupActivator"
  capzone__createdRespawnBaseGroup:i=7
  capzone__iconOffsetY:r=1.0
}

entity{
  _template:t="defend_zone_chained_box+defend_zone_respawnbase"
  transform:m=[[-0.651364, 0.0, 24.3544] [0.0, 6.80457, 0.0] [-26.773, 0.0, -1.39781] [-439.454, 6.55803, 863.109]]
  groupName:t="sector_5_b"
  capzone__caption:t="capzone/ticket_offices"
  capzone__capRewardPartCap:r=1.5
  capzone__onlyTeamCanCapture:i=2
  capzone__capReward:r=250.0
  capzone__icon:t="AAA"
  capzone__capTime:r=35.0
  capzone__capTeam:i=-1
  active:b=no
  capzone__decapTime:r=6000.0
  capzone__deactivateAfterTimeout:r=25.0
  capzone__spawnAtZoneTimeout:r=25.0
  capzone__createRespawnBaseForTeam:i=1
  decal__height:r=0.9
  ui_order:i=3
  capzone__createRespawnBase:t="respawnBaseGroupActivator"
  capzone__createdRespawnBaseGroup:i=10
  decal__thickness:r=0.8
}

entity{
  _template:t="respawn_camera"
  respawnCameraForTeam:i=1
  transform:m=[[1.0, 0.0, 0.0] [0.0, 1.0, 0.0] [0.0, 0.0, 1.0] [-363.379, 302.639, 1068.87]]
}

entity{
  _template:t="respawn_camera"
  respawnCameraForTeam:i=2
  transform:m=[[1.0, 0.0, 0.0] [0.0, 1.0, 0.0] [0.0, 0.0, 1.0] [-380.245, 305.625, 477.651]]
}

entity{
  _template:t="respawnChooser+respTeam1"
  transform:m=[[0.514483, 0.0, -0.857501] [0.0, 1.0, 0.0] [0.857501, 0.0, 0.514483] [-421.359, -1.03877, 602.333]]
  groupName:t="sector_1"
  active:b=no
}

entity{
  _template:t="respawnChooser+respTeam1"
  transform:m=[[0.361989, 0.0, -0.932182] [0.0, 1.0, 0.0] [0.932182, 0.0, 0.361989] [-418.963, -0.96547, 603.923]]
  groupName:t="sector_1"
  active:b=no
}

entity{
  _template:t="respawnChooser+respTeam1"
  transform:m=[[-0.258242, 0.0, -0.96608] [0.0, 1.0, 0.0] [0.96608, 0.0, -0.258242] [-510.311, 4.05385, 605.233]]
  groupName:t="sector_1"
  active:b=no
  respawnBaseGroup:i=2
}

entity{
  _template:t="respawnChooser+respTeam1"
  transform:m=[[0.298561, 0.0, -0.954391] [0.0, 1.0, 0.0] [0.954391, 0.0, 0.298561] [-514.687, 3.79231, 605.434]]
  groupName:t="sector_1"
  active:b=no
  respawnBaseGroup:i=2
}

entity{
  _template:t="respawnChooser+respVehicle"
  transform:m=[[0.85557, 0.0, -0.517687] [0.0, 1.0, 0.0] [0.517687, 0.0, 0.85557] [-529.224, 5.30359, 637.228]]
  groupName:t="sector_1"
  team:i=1
  respTime:i=150
  maxVehicleOnSpawn:i=2
  active:b=no
  respawnBaseGroup:i=1
}

entity{
  _template:t="respawnChooser+respTeam2"
  transform:m=[[0.760868, 0.0, 0.648907] [0.0, 1.0, 0.0] [-0.648907, 0.0, 0.760868] [-595.288, -0.696376, 413.938]]
  groupName:t="sector_1"
  active:b=no
}

entity{
  _template:t="respawnChooser+respTeam2"
  transform:m=[[0.98907, 0.0, 0.147447] [0.0, 1.0, -0.0] [-0.147447, 0.0, 0.98907] [-610.038, -0.563835, 433.65]]
  groupName:t="sector_1"
  active:b=no
}

entity{
  _template:t="respawnChooser+respTeam2"
  transform:m=[[0.844834, 0.0, 0.535028] [0.0, 1.0, 0.0] [-0.535028, 0.0, 0.844834] [-596.209, -0.563836, 415.668]]
  groupName:t="sector_1"
  active:b=no
}

entity{
  _template:t="respawnChooser+respVehicle"
  transform:m=[[0.999759, 0.0, 0.0219688] [0.0, 1.0, 0.0] [-0.0219688, 0.0, 0.999759] [-640.444, 2.94921, 473.543]]
  groupName:t="sector_1"
  team:i=2
  respTime:i=150
  maxVehicleOnSpawn:i=2
  active:b=no
  respawnBaseGroup:i=1
}

entity{
  _template:t="respawnChooser+respTeam1"
  transform:m=[[-0.409651, 0.0, -0.912242] [0.0, 1.0, 0.0] [0.912242, 0.0, -0.409651] [-396.976, 4.1873, 702.647]]
  groupName:t="sector_2_a"
  active:b=no
}

entity{
  _template:t="respawnChooser+respTeam1"
  transform:m=[[-0.362925, 0.0, -0.931819] [0.0, 1.0, 0.0] [0.931819, 0.0, -0.362925] [-411.397, 2.72773, 708.126]]
  groupName:t="sector_2_a"
  active:b=no
}

entity{
  _template:t="respawnChooser+respTeam1"
  transform:m=[[-0.122472, 0.0, -0.992472] [0.0, 1.0, 0.0] [0.992472, 0.0, -0.122472] [-442.916, 2.13179, 713.991]]
  groupName:t="sector_2_a"
  respawnBaseGroup:i=1
  active:b=no
}

entity{
  _template:t="respawnChooser+respTeam1"
  transform:m=[[-0.211663, 0.0, -0.977342] [0.0, 1.0, 0.0] [0.977342, 0.0, -0.211663] [-400.864, 4.1873, 702.744]]
  active:b=no
  groupName:t="sector_2_a"
  respawnBaseGroup:i=1
}

entity{
  _template:t="respawnChooser+respVehicle"
  transform:m=[[-0.322335, 0.0, -0.946627] [0.0, 1.0, 0.0] [0.946627, 0.0, -0.322335] [-305.761, 5.02563, 806.461]]
  groupName:t="sector_2_a"
  team:i=1
  respTime:i=150
  maxVehicleOnSpawn:i=2
  active:b=no
  respawnBaseGroup:i=1
}

entity{
  _template:t="respawnChooser+respTeam2"
  transform:m=[[0.939037, 0.0, 0.343814] [0.0, 1.0, 0.0] [-0.343814, 0.0, 0.939037] [-580.329, 3.83068, 557.205]]
  groupName:t="sector_2_a"
  respawnBaseGroup:i=1
  active:b=no
}

entity{
  _template:t="respawnChooser+respTeam2"
  transform:m=[[0.705005, 0.0, 0.709204] [0.0, 1.0, 0.0] [-0.709204, 0.0, 0.705005] [-576.07, 4.97356, 547.12]]
  groupName:t="sector_2_a"
  active:b=no
}

entity{
  _template:t="respawnChooser+respTeam2"
  transform:m=[[-0.481969, 0.0, 0.876189] [0.0, 1.0, 0.0] [-0.876189, 0.0, -0.481969] [-511.255, -0.577414, 491.25]]
  active:b=no
  groupName:t="sector_2_a"
  respawnBaseGroup:i=2
}

entity{
  _template:t="respawnChooser+respVehicle"
  transform:m=[[0.996073, 0.0, 0.0885285] [0.0, 1.0, 0.0] [-0.0885285, 0.0, 0.996073] [-601.158, 4.1811, 497.554]]
  groupName:t="sector_2_a"
  team:i=2
  respTime:i=150
  maxVehicleOnSpawn:i=2
  active:b=no
  respawnBaseGroup:i=1
}

entity{
  _template:t="respawnChooser+respTeam2"
  transform:m=[[-0.227459, 0.0, 0.973788] [0.0, 1.0, 0.0] [-0.973788, 0.0, -0.227459] [-511.523, -0.979674, 491.506]]
  groupName:t="sector_2_b"
  respawnBaseGroup:i=1
  active:b=no
}

entity{
  _template:t="respawnChooser+respTeam2"
  transform:m=[[0.796485, 0.0, 0.604658] [0.0, 1.0, 0.0] [-0.604658, 0.0, 0.796485] [-611.023, 3.57929, 543.045]]
  groupName:t="sector_2_b"
  active:b=no
  respawnBaseGroup:i=2
}

entity{
  _template:t="respawnChooser+respTeam2"
  transform:m=[[0.0758624, 0.0, 0.997118] [0.0, 1.0, 0.0] [-0.997118, 0.0, 0.0758624] [-589.752, 6.62674, 525.982]]
  groupName:t="sector_2_b"
  respawnBaseGroup:i=2
  active:b=no
}

entity{
  _template:t="respawnChooser+respVehicle"
  transform:m=[[1.0, 0.0, 0.0] [0.0, 1.0, 0.0] [0.0, 0.0, 1.0] [-610.008, 4.48618, 495.543]]
  active:b=no
  groupName:t="sector_2_b"
  team:i=2
  respTime:i=150
  maxVehicleOnSpawn:i=2
}

entity{
  _template:t="respawnChooser+respTeam1"
  transform:m=[[-0.660004, 0.0, -0.751262] [0.0, 1.0, 0.0] [0.751262, 0.0, -0.660004] [-433.386, 3.55562, 758.353]]
  groupName:t="sector_2_b"
  active:b=no
  respawnBaseGroup:i=1
}

entity{
  _template:t="respawnChooser+respTeam1"
  transform:m=[[0.310373, 0.0, -0.950615] [0.0, 1.0, 0.0] [0.950615, 0.0, 0.310373] [-445.549, 3.5894, 769.089]]
  active:b=no
  groupName:t="sector_2_b"
}

entity{
  _template:t="respawnChooser+respTeam1"
  transform:m=[[-0.0296057, 0.0, -0.999563] [0.0, 1.0, 0.0] [0.999563, 0.0, -0.0296057] [-521.12, 3.47773, 804.882]]
  active:b=no
  groupName:t="sector_2_b"
  respawnBaseGroup:i=2
}

entity{
  _template:t="respawnChooser+respTeam1"
  transform:m=[[0.207666, 0.0, -0.9782] [0.0, 1.0, 0.0] [0.9782, 0.0, 0.207666] [-509.554, 3.70403, 828.984]]
  active:b=no
  groupName:t="sector_2_b"
  respawnBaseGroup:i=2
}

entity{
  _template:t="respawnChooser+respVehicle"
  transform:m=[[-0.759144, 0.0, -0.650923] [0.0, 1.0, 0.0] [0.650923, 0.0, -0.759144] [-320.687, 3.20097, 747.395]]
  active:b=no
  groupName:t="sector_2_b"
  team:i=1
  respTime:i=150
  maxVehicleOnSpawn:i=2
}

entity{
  _template:t="respawnChooser+respTeam1"
  transform:m=[[0.0435592, 0.0, -0.999051] [0.0, 1.0, 0.0] [0.999051, 0.0, 0.0435592] [-425.327, 3.68558, 804.303]]
  active:b=no
  groupName:t="sector_3"
}

entity{
  _template:t="respawnChooser+respTeam1"
  transform:m=[[0.00123086, 0.0, -0.999999] [0.0, 1.0, 0.0] [0.999999, 0.0, 0.00123086] [-433.359, 3.72799, 804.522]]
  active:b=no
  groupName:t="sector_3"
}

entity{
  _template:t="respawnChooser+respTeam1"
  transform:m=[[0.061474, 0.0, -0.998109] [0.0, 1.0, 0.0] [0.998109, 0.0, 0.061474] [-429.542, 3.82091, 805.018]]
  active:b=no
  groupName:t="sector_3"
  respawnBaseGroup:i=1
}

entity{
  _template:t="respawnChooser+respTeam1"
  transform:m=[[-0.192916, 0.0, -0.981216] [0.0, 1.0, 0.0] [0.981216, 0.0, -0.192916] [-352.365, 3.92522, 775.884]]
  groupName:t="sector_3"
  active:b=no
  respawnBaseGroup:i=2
}

entity{
  _template:t="respawnChooser+respTeam1"
  transform:m=[[-0.138817, 0.0, -0.990319] [0.0, 1.0, 0.0] [0.990319, 0.0, -0.138817] [-342.89, 3.78401, 772.015]]
  groupName:t="sector_3"
  active:b=no
  respawnBaseGroup:i=2
}

entity{
  _template:t="respawnChooser+respVehicle"
  transform:m=[[0.0524067, 0.0, -0.998626] [0.0, 1.0, 0.0] [0.998626, 0.0, 0.0524067] [-328.021, 3.73131, 846.061]]
  groupName:t="sector_3"
  team:i=1
  respTime:i=150
  maxVehicleOnSpawn:i=2
  active:b=no
  respawnBaseGroup:i=1
}

entity{
  _template:t="respawnChooser+respTeam2"
  transform:m=[[0.0280667, 0.0, 0.999606] [0.0, 1.0, 0.0] [-0.999606, 0.0, 0.0280667] [-436.552, -0.895873, 574.087]]
  active:b=no
  groupName:t="sector_3"
}

entity{
  _template:t="respawnChooser+respTeam2"
  transform:m=[[0.0589348, 0.0, 0.998262] [0.0, 1.0, 0.0] [-0.998262, 0.0, 0.0589348] [-434.126, -1.13401, 571.224]]
  groupName:t="sector_3"
  active:b=no
}

entity{
  _template:t="respawnChooser+respTeam2"
  transform:m=[[0.670509, 0.0, 0.741902] [0.0, 1.0, 0.0] [-0.741902, 0.0, 0.670509] [-540.91, 7.01047, 604.018]]
  groupName:t="sector_3"
  active:b=no
  team:i=2
  respawnBaseGroup:i=2
}

entity{
  _template:t="respawnChooser+respTeam2"
  transform:m=[[0.303471, 0.0, 0.952841] [0.0, 1.0, 0.0] [-0.952841, 0.0, 0.303471] [-521.0, 6.43483, 576.513]]
  groupName:t="sector_3"
  active:b=no
  respawnBaseGroup:i=2
}

entity{
  _template:t="respawnChooser+respVehicle"
  transform:m=[[0.813599, 0.0, 0.581426] [0.0, 1.0, 0.0] [-0.581426, 0.0, 0.813599] [-530.944, 3.88339, 532.434]]
  groupName:t="sector_3"
  team:i=2
  respTime:i=150
  maxVehicleOnSpawn:i=2
  active:b=no
  respawnBaseGroup:i=1
}

entity{
  _template:t="respawnChooser+respTeam1"
  transform:m=[[0.126548, 0.0, -0.99196] [0.0, 1.0, 0.0] [0.99196, 0.0, 0.126548] [-362.937, 3.68446, 891.558]]
  active:b=no
  groupName:t="sector_4_a"
}

entity{
  _template:t="respawnChooser+respTeam1"
  transform:m=[[-0.321168, 0.0, -0.947022] [0.0, 1.0, 0.0] [0.947022, 0.0, -0.321168] [-351.62, 3.56715, 889.102]]
  active:b=no
  groupName:t="sector_4_a"
  respawnBaseGroup:i=1
}

entity{
  _template:t="respawnChooser+respTeam1"
  transform:m=[[0.743059, 0.0, -0.669226] [0.0, 1.0, 0.0] [0.669226, 0.0, 0.743059] [-438.978, 4.13198, 872.12]]
  groupName:t="sector_4_a"
  active:b=no
  respawnBaseGroup:i=2
}

entity{
  _template:t="respawnChooser+respTeam1"
  transform:m=[[0.635974, 0.0, -0.77171] [0.0, 1.0, 0.0] [0.77171, 0.0, 0.635974] [-440.684, 4.47032, 862.19]]
  active:b=no
  groupName:t="sector_4_a"
  respawnBaseGroup:i=2
}

entity{
  _template:t="respawnChooser+respVehicle"
  transform:m=[[-0.656155, 0.0, -0.754627] [0.0, 1.0, 0.0] [0.754627, 0.0, -0.656155] [-268.879, 3.72163, 990.153]]
  groupName:t="sector_4_a"
  team:i=1
  respTime:i=150
  maxVehicleOnSpawn:i=2
  active:b=no
  respawnBaseGroup:i=1
}

entity{
  _template:t="respawnChooser+respTeam2"
  transform:m=[[0.35342, 0.0, 0.935465] [0.0, 1.0, 0.0] [-0.935465, 0.0, 0.35342] [-492.324, 3.61193, 670.241]]
  active:b=no
  groupName:t="sector_4_a"
  respawnBaseGroup:i=1
}

entity{
  _template:t="respawnChooser+respTeam2"
  transform:m=[[0.980691, 0.0, 0.195567] [0.0, 1.0, 0.0] [-0.195567, 0.0, 0.980691] [-477.808, 3.61193, 653.434]]
  active:b=no
  groupName:t="sector_4_a"
  respawnBaseGroup:i=1
}

entity{
  _template:t="respawnChooser+respTeam2"
  transform:m=[[0.876895, 0.0, 0.480679] [0.0, 1.0, 0.0] [-0.480679, 0.0, 0.876895] [-465.931, 3.7369, 669.312]]
  active:b=no
  groupName:t="sector_4_a"
}

entity{
  _template:t="respawnChooser+respTeam2"
  transform:m=[[0.926535, 0.0, 0.376211] [0.0, 1.0, 0.0] [-0.376211, 0.0, 0.926535] [-464.911, 3.61193, 666.095]]
  active:b=no
  groupName:t="sector_4_a"
}

entity{
  _template:t="respawnChooser+respVehicle"
  transform:m=[[0.942261, 0.0, 0.334877] [0.0, 1.0, 0.0] [-0.334877, 0.0, 0.942261] [-491.612, 4.48433, 625.286]]
  groupName:t="sector_4_a"
  team:i=2
  respTime:i=150
  maxVehicleOnSpawn:i=2
  active:b=no
  respawnBaseGroup:i=1
}

entity{
  _template:t="respawnChooser+respTeam2"
  transform:m=[[0.379679, 0.0, 0.925118] [0.0, 1.0, 0.0] [-0.925118, 0.0, 0.379679] [-500.689, 4.3223, 659.039]]
  groupName:t="sector_4_b"
  active:b=no
}

entity{
  _template:t="respawnChooser+respTeam2"
  transform:m=[[-0.31518, 0.0, 0.949032] [0.0, 1.0, 0.0] [-0.949032, 0.0, -0.31518] [-492.249, 3.44317, 656.74]]
  active:b=no
  groupName:t="sector_4_b"
}

entity{
  _template:t="respawnChooser+respTeam2"
  transform:m=[[1.0, 0.0, 0.0] [0.0, 1.0, 0.0] [0.0, 0.0, 1.0] [-479.636, 3.38513, 653.728]]
  active:b=no
  groupName:t="sector_4_b"
}

entity{
  _template:t="respawnChooser+respVehicle"
  transform:m=[[0.965915, 0.0, -0.258859] [0.0, 1.0, 0.0] [0.258859, 0.0, 0.965915] [-522.335, 5.622, 632.424]]
  active:b=no
  groupName:t="sector_4_b"
  team:i=2
  respTime:i=150
  maxVehicleOnSpawn:i=2
}

entity{
  _template:t="respawnChooser+respTeam1"
  transform:m=[[-0.245664, 0.0, -0.969356] [0.0, 1.0, 0.0] [0.969356, 0.0, -0.245664] [-368.963, 4.47816, 866.554]]
  active:b=no
  groupName:t="sector_4_b"
  respawnBaseGroup:i=2
}

entity{
  _template:t="respawnChooser+respTeam1"
  transform:m=[[-0.930533, 0.0, -0.366207] [0.0, 1.0, 0.0] [0.366207, 0.0, -0.930533] [-364.537, 3.45318, 841.36]]
  active:b=no
  groupName:t="sector_4_b"
  respawnBaseGroup:i=2
}

entity{
  _template:t="respawnChooser+respTeam1"
  transform:m=[[0.460095, 0.0, -0.88787] [0.0, 1.0, 0.0] [0.88787, 0.0, 0.460095] [-439.935, 4.28051, 861.564]]
  active:b=no
  groupName:t="sector_4_b"
  team:i=1
  respawnBaseGroup:i=1
}

entity{
  _template:t="respawnChooser+respTeam1"
  transform:m=[[-0.271737, 0.0, -0.962372] [0.0, 1.0, 0.0] [0.962372, 0.0, -0.271737] [-445.626, 4.09322, 864.007]]
  active:b=no
  groupName:t="sector_4_b"
}

entity{
  _template:t="respawnChooser+respVehicle"
  transform:m=[[-0.0314203, 0.0, -0.999506] [0.0, 1.0, 0.0] [0.999506, 0.0, -0.0314203] [-325.375, 4.03344, 906.337]]
  active:b=no
  groupName:t="sector_4_b"
  team:i=1
  respTime:i=150
  maxVehicleOnSpawn:i=2
}

entity{
  _template:t="respawnChooser+respTeam1"
  transform:m=[[0.930456, 0.0, -0.366403] [0.0, 1.0, 0.0] [0.366403, 0.0, 0.930456] [-454.143, 3.88403, 953.132]]
  active:b=no
  groupName:t="sector_5_a"
}

entity{
  _template:t="respawnChooser+respTeam1"
  transform:m=[[0.693865, 0.0, -0.720105] [0.0, 1.0, 0.0] [0.720105, 0.0, 0.693865] [-439.823, 3.82253, 961.118]]
  active:b=no
  groupName:t="sector_5_a"
}

entity{
  _template:t="respawnChooser+respTeam1"
  transform:m=[[-0.0415348, 0.0, -0.999137] [0.0, 1.0, 0.0] [0.999137, 0.0, -0.0415348] [-359.272, 3.69651, 967.828]]
  active:b=no
  groupName:t="sector_5_a"
  respawnBaseGroup:i=2
}

entity{
  _template:t="respawnChooser+respTeam1"
  transform:m=[[0.0403429, 0.0, -0.999185] [0.0, 1.0, 0.0] [0.999185, 0.0, 0.0403429] [-373.542, 4.25071, 968.825]]
  active:b=no
  groupName:t="sector_5_a"
  respawnBaseGroup:i=2
}

entity{
  _template:t="respawnChooser+respVehicle"
  transform:m=[[-0.017264, 0.0, -0.999851] [0.0, 1.0, 0.0] [0.999851, 0.0, -0.017264] [-271.163, 4.24103, 1008.12]]
  groupName:t="sector_5_a"
  team:i=1
  respTime:i=150
  maxVehicleOnSpawn:i=2
  active:b=no
  respawnBaseGroup:i=1
}

entity{
  _template:t="respawnChooser+respTeam2"
  transform:m=[[0.593834, 0.0, 0.804588] [0.0, 1.0, 0.0] [-0.804588, 0.0, 0.593834] [-442.052, 4.26463, 763.602]]
  active:b=no
  groupName:t="sector_5_a"
}

entity{
  _template:t="respawnChooser+respTeam2"
  transform:m=[[0.722681, 0.0, 0.691181] [0.0, 1.0, 0.0] [-0.691181, 0.0, 0.722681] [-438.159, 3.93463, 758.357]]
  active:b=no
  groupName:t="sector_5_a"
}

entity{
  _template:t="respawnChooser+respTeam2"
  transform:m=[[-0.47581, 0.0, 0.879548] [0.0, 1.0, 0.0] [-0.879548, 0.0, -0.47581] [-343.516, 4.22969, 768.354]]
  active:b=no
  groupName:t="sector_5_a"
  respawnBaseGroup:i=2
}

entity{
  _template:t="respawnChooser+respTeam2"
  transform:m=[[-0.629911, 0.0, 0.776668] [0.0, 1.0, 0.0] [-0.776668, 0.0, -0.629911] [-349.15, 4.00055, 762.465]]
  active:b=no
  groupName:t="sector_5_a"
  respawnBaseGroup:i=2
}

entity{
  _template:t="respawnChooser+respVehicle"
  transform:m=[[0.486085, 0.0, 0.873913] [0.0, 1.0, 0.0] [-0.873913, 0.0, 0.486085] [-395.997, 4.3436, 682.044]]
  team:i=2
  groupName:t="sector_5_a"
  respTime:i=150
  maxVehicleOnSpawn:i=2
  active:b=no
  respawnBaseGroup:i=1
}

entity{
  _template:t="respawnChooser+respTeam1"
  transform:m=[[0.983255, 0.0, -0.182233] [0.0, 1.0, 0.0] [0.182233, 0.0, 0.983255] [-455.243, 3.88403, 953.313]]
  active:b=no
  groupName:t="sector_5_b"
}

entity{
  _template:t="respawnChooser+respTeam1"
  transform:m=[[0.537726, 0.0, -0.84312] [0.0, 1.0, 0.0] [0.84312, 0.0, 0.537726] [-440.259, 3.82253, 961.464]]
  active:b=no
  groupName:t="sector_5_b"
}

entity{
  _template:t="respawnChooser+respTeam1"
  transform:m=[[-0.623231, 0.0, -0.782037] [0.0, 1.0, 0.0] [0.782037, 0.0, -0.623231] [-358.503, 3.69651, 968.685]]
  active:b=no
  groupName:t="sector_5_b"
  respawnBaseGroup:i=2
}

entity{
  _template:t="respawnChooser+respTeam1"
  transform:m=[[0.0149521, 0.0, -0.999887] [0.0, 1.0, 0.0] [0.999887, 0.0, 0.0149521] [-374.033, 4.25071, 969.242]]
  active:b=no
  groupName:t="sector_5_b"
  respawnBaseGroup:i=2
}

entity{
  _template:t="respawnChooser+respVehicle"
  transform:m=[[-0.017264, 0.0, -0.999851] [0.0, 1.0, 0.0] [0.999851, 0.0, -0.017264] [-271.284, 4.24103, 1007.41]]
  groupName:t="sector_5_b"
  team:i=1
  respTime:i=150
  maxVehicleOnSpawn:i=2
  active:b=no
  respawnBaseGroup:i=1
}

entity{
  _template:t="respawnChooser+respTeam2"
  transform:m=[[0.68477, 0.0, 0.728759] [0.0, 1.0, 0.0] [-0.728759, 0.0, 0.68477] [-443.625, 4.26463, 762.858]]
  active:b=no
  groupName:t="sector_5_b"
}

entity{
  _template:t="respawnChooser+respTeam2"
  transform:m=[[0.454505, 0.0, 0.890744] [0.0, 1.0, 0.0] [-0.890744, 0.0, 0.454505] [-439.41, 3.93463, 759.48]]
  active:b=no
  groupName:t="sector_5_b"
}

entity{
  _template:t="respawnChooser+respTeam2"
  transform:m=[[-0.47581, 0.0, 0.879548] [0.0, 1.0, 0.0] [-0.879548, 0.0, -0.47581] [-343.613, 4.22969, 768.598]]
  active:b=no
  groupName:t="sector_5_b"
  respawnBaseGroup:i=2
}

entity{
  _template:t="respawnChooser+respTeam2"
  transform:m=[[-0.821801, 0.0, 0.569775] [0.0, 1.0, 0.0] [-0.569775, 0.0, -0.821801] [-349.451, 4.00055, 762.59]]
  active:b=no
  groupName:t="sector_5_b"
  respawnBaseGroup:i=2
}

entity{
  _template:t="respawnChooser+respVehicle"
  transform:m=[[0.486085, 0.0, 0.873913] [0.0, 1.0, 0.0] [-0.873913, 0.0, 0.486085] [-395.388, 4.3436, 683.023]]
  team:i=2
  groupName:t="sector_5_b"
  respTime:i=150
  maxVehicleOnSpawn:i=2
  active:b=no
  respawnBaseGroup:i=1
}

entity{
  _template:t="aircraft_box_battle_area"
  transform:m=[[25814.7, 0.0, 112.793] [0.0, 8000.36, 0.0] [-111.84, 0.0, 25814.3] [-123.334, 240.916, 421.197]]
  battle_area__team:i=-1
}

entity{
  _template:t="respAircraftInAir"
  respawnbaseType:t="aircraft_fighter"
  transform:m=[[-0.0947848, 0.0, 0.995499] [0.0, 1.0, 0.0] [-0.995499, 0.0, -0.0947848] [-120.242, 1023.92, -1403.82]]
  team:i=2
  maxVehicleOnSpawn:i=1
  respTime:i=120
}

entity{
  _template:t="resupply_in_air_zone"
  transform:m=[[-0.999999, 0.0, -0.000445871] [0.0, 1.0, 0.0] [0.000445871, 0.0, -0.999999] [2420.23, 401.601, 2575.03]]
  resupply_zone__team:i=1
}

entity{
  _template:t="respAircraftInAir"
  respawnbaseType:t="aircraft_assault"
  transform:m=[[-0.191454, 0.0, 0.981502] [0.0, 1.0, 0.0] [-0.981502, 0.0, -0.191454] [-296.071, 823.92, -1426.02]]
  team:i=2
  maxVehicleOnSpawn:i=1
  respTime:i=120
}

entity{
  _template:t="respAircraftInAir"
  respawnbaseType:t="aircraft_fighter"
  transform:m=[[-0.137829, 0.0, 0.990457] [0.0, 1.0, 0.0] [-0.990457, 0.0, -0.137829] [-276.397, 1023.92, -1415.95]]
  team:i=2
  maxVehicleOnSpawn:i=1
  respTime:i=120
}

entity{
  _template:t="respAircraftInAir"
  respawnbaseType:t="aircraft_assault"
  transform:m=[[-0.127939, 0.0, 0.991782] [0.0, 1.0, 0.0] [-0.991782, 0.0, -0.127939] [-120.242, 823.92, -1403.82]]
  team:i=2
  maxVehicleOnSpawn:i=1
  respTime:i=120
}

entity{
  _template:t="resupply_in_air_zone"
  transform:m=[[0.327869, 0.0, -0.944724] [0.0, 1.0, 0.0] [0.944724, 0.0, 0.327869] [-2045.64, 425.522, -1918.21]]
  resupply_zone__team:i=2
}

entity{
  _template:t="respAircraftInAir"
  respawnbaseType:t="aircraft_fighter"
  transform:m=[[0.0218614, 0.0, -0.999761] [0.0, 1.0, 0.0] [0.999761, 0.0, 0.0218614] [-540.338, 1000.0, 3135.76]]
  team:i=1
  maxVehicleOnSpawn:i=1
  respTime:i=120
}

entity{
  _template:t="respAircraftInAir"
  respawnbaseType:t="aircraft_assault"
  transform:m=[[-0.0188785, 0.0, -0.999822] [0.0, 1.0, 0.0] [0.999822, 0.0, -0.0188785] [-540.338, 800.0, 3135.76]]
  team:i=1
  maxVehicleOnSpawn:i=1
  respTime:i=120
}

entity{
  _template:t="respAircraftInAir"
  respawnbaseType:t="aircraft_fighter"
  transform:m=[[0.0283146, 0.0, -0.999599] [0.0, 1.0, 0.0] [0.999599, 0.0, 0.0283146] [-395.797, 1000.0, 3178.0]]
  team:i=1
  maxVehicleOnSpawn:i=1
  respTime:i=120
}

entity{
  _template:t="respAircraftInAir"
  respawnbaseType:t="aircraft_assault"
  transform:m=[[0.0602217, 0.0, -0.998185] [0.0, 1.0, 0.0] [0.998185, 0.0, 0.0602217] [-361.886, 800.0, 3148.92]]
  team:i=1
  maxVehicleOnSpawn:i=1
  respTime:i=120
}

entity{
  _template:t="poly_battle_area"
  transform:m=[[1.0, 0.0, 0.0] [0.0, 1.0, 0.0] [0.0, 0.0, 1.0] [-422.855, 3.11635, 587.561]]
  battleAreaId:t="1_area1"
  battle_area__team:i=1
  groupName:t="sector_1"
  active:b=no
}

entity{
  _template:t="battle_area_polygon_point"
  transform:m=[[1.0, 0.0, 0.0] [0.0, 1.0, 0.0] [0.0, 0.0, 1.0] [-532.227, -3.56172, 413.78]]
  battle_area_polygon_point__forBattleAreaId:t="1_area1"
  battle_area_polygon_point__id:t="point1"
  battle_area_polygon_point__nextId:t="point2"
}

entity{
  _template:t="battle_area_polygon_point"
  transform:m=[[1.0, 0.0, 0.0] [0.0, 1.0, 0.0] [0.0, 0.0, 1.0] [-435.21, -3.56172, 499.094]]
  battle_area_polygon_point__forBattleAreaId:t="1_area1"
  battle_area_polygon_point__id:t="point2"
  battle_area_polygon_point__nextId:t="point3"
}

entity{
  _template:t="battle_area_polygon_point"
  transform:m=[[1.0, 0.0, 0.0] [0.0, 1.0, 0.0] [0.0, 0.0, 1.0] [-348.553, -6.31248, 626.832]]
  battle_area_polygon_point__forBattleAreaId:t="1_area1"
  battle_area_polygon_point__id:t="point3"
  battle_area_polygon_point__nextId:t="point4"
}

entity{
  _template:t="battle_area_polygon_point"
  transform:m=[[1.0, 0.0, 0.0] [0.0, 1.0, 0.0] [0.0, 0.0, 1.0] [-547.069, 3.29846, 765.99]]
  battle_area_polygon_point__forBattleAreaId:t="1_area1"
  battle_area_polygon_point__id:t="point4"
  battle_area_polygon_point__nextId:t="point5"
}

entity{
  _template:t="battle_area_polygon_point"
  transform:m=[[1.0, 0.0, 0.0] [0.0, 1.0, 0.0] [0.0, 0.0, 1.0] [-588.242, -1.3885, 605.766]]
  battle_area_polygon_point__forBattleAreaId:t="1_area1"
  battle_area_polygon_point__id:t="point5"
  battle_area_polygon_point__nextId:t="point6"
}

entity{
  _template:t="battle_area_polygon_point"
  transform:m=[[1.0, 0.0, 0.0] [0.0, 1.0, 0.0] [0.0, 0.0, 1.0] [-633.553, -1.3885, 558.224]]
  battle_area_polygon_point__forBattleAreaId:t="1_area1"
  battle_area_polygon_point__id:t="point6"
  battle_area_polygon_point__nextId:t="point1"
}

entity{
  _template:t="poly_battle_area"
  transform:m=[[1.0, 0.0, 0.0] [0.0, 1.0, 0.0] [0.0, 0.0, 1.0] [-318.03, 3.25957, 374.885]]
  battleAreaId:t="1_area2"
  battle_area__team:i=2
  groupName:t="sector_1"
  active:b=no
}

entity{
  _template:t="battle_area_polygon_point"
  transform:m=[[1.0, 0.0, 0.0] [0.0, 1.0, 0.0] [0.0, 0.0, 1.0] [-468.252, -2.97419, 540.966]]
  battle_area_polygon_point__forBattleAreaId:t="1_area2"
  battle_area_polygon_point__id:t="point1"
  battle_area_polygon_point__nextId:t="point2"
}

entity{
  _template:t="battle_area_polygon_point"
  transform:m=[[1.0, 0.0, 0.0] [0.0, 1.0, 0.0] [0.0, 0.0, 1.0] [-597.885, 3.57157, 595.513]]
  battle_area_polygon_point__forBattleAreaId:t="1_area2"
  battle_area_polygon_point__id:t="point2"
  battle_area_polygon_point__nextId:t="point3"
}

entity{
  _template:t="battle_area_polygon_point"
  transform:m=[[1.0, 0.0, 0.0] [0.0, 1.0, 0.0] [0.0, 0.0, 1.0] [-597.885, 3.57157, 595.513]]
  battle_area_polygon_point__forBattleAreaId:t="1_area2"
  battle_area_polygon_point__id:t="point3"
  battle_area_polygon_point__nextId:t="point4"
}

entity{
  _template:t="battle_area_polygon_point"
  transform:m=[[1.0, 0.0, 0.0] [0.0, 1.0, 0.0] [0.0, 0.0, 1.0] [-700.957, 3.29326, 488.419]]
  battle_area_polygon_point__forBattleAreaId:t="1_area2"
  battle_area_polygon_point__id:t="point4"
  battle_area_polygon_point__nextId:t="point5"
}

entity{
  _template:t="battle_area_polygon_point"
  transform:m=[[1.0, 0.0, 0.0] [0.0, 1.0, 0.0] [0.0, 0.0, 1.0] [-622.785, 2.31469, 369.06]]
  battle_area_polygon_point__forBattleAreaId:t="1_area2"
  battle_area_polygon_point__id:t="point5"
  battle_area_polygon_point__nextId:t="point6"
}

entity{
  _template:t="battle_area_polygon_point"
  transform:m=[[1.0, 0.0, 0.0] [0.0, 1.0, 0.0] [0.0, 0.0, 1.0] [-532.5, -2.34683, 413.587]]
  battle_area_polygon_point__forBattleAreaId:t="1_area2"
  battle_area_polygon_point__id:t="point6"
  battle_area_polygon_point__nextId:t="point7"
}

entity{
  _template:t="battle_area_polygon_point"
  transform:m=[[1.0, 0.0, 0.0] [0.0, 1.0, 0.0] [0.0, 0.0, 1.0] [-438.924, 3.29834, 496.026]]
  battle_area_polygon_point__forBattleAreaId:t="1_area2"
  battle_area_polygon_point__id:t="point7"
  battle_area_polygon_point__nextId:t="point1"
}

entity{
  _template:t="poly_battle_area"
  transform:m=[[1.0, 0.0, 0.0] [0.0, 1.0, 0.0] [0.0, 0.0, 1.0] [-317.47, 3.25957, 376.831]]
  battleAreaId:t="2a_area1"
  battle_area__team:i=1
  groupName:t="sector_2_a"
  active:b=no
}

entity{
  _template:t="battle_area_polygon_point"
  transform:m=[[1.0, 0.0, 0.0] [0.0, 1.0, 0.0] [0.0, 0.0, 1.0] [-253.517, 3.29863, 850.946]]
  battle_area_polygon_point__forBattleAreaId:t="2a_area1"
  battle_area_polygon_point__id:t="point1"
  battle_area_polygon_point__nextId:t="point2"
}

entity{
  _template:t="battle_area_polygon_point"
  transform:m=[[1.0, 0.0, 0.0] [0.0, 1.0, 0.0] [0.0, 0.0, 1.0] [-526.09, 3.29863, 844.738]]
  battle_area_polygon_point__forBattleAreaId:t="2a_area1"
  battle_area_polygon_point__id:t="point2"
  battle_area_polygon_point__nextId:t="point3"
}

entity{
  _template:t="battle_area_polygon_point"
  transform:m=[[1.0, 0.0, 0.0] [0.0, 1.0, 0.0] [0.0, 0.0, 1.0] [-569.451, 3.30663, 767.193]]
  battle_area_polygon_point__forBattleAreaId:t="2a_area1"
  battle_area_polygon_point__id:t="point3"
  battle_area_polygon_point__nextId:t="point4"
}

entity{
  _template:t="battle_area_polygon_point"
  transform:m=[[1.0, 0.0, 0.0] [0.0, 1.0, 0.0] [0.0, 0.0, 1.0] [-586.012, 3.29846, 618.23]]
  battle_area_polygon_point__forBattleAreaId:t="2a_area1"
  battle_area_polygon_point__id:t="point4"
  battle_area_polygon_point__nextId:t="point5"
}

entity{
  _template:t="battle_area_polygon_point"
  transform:m=[[1.0, 0.0, 0.0] [0.0, 1.0, 0.0] [0.0, 0.0, 1.0] [-529.088, 3.29846, 604.16]]
  battle_area_polygon_point__forBattleAreaId:t="2a_area1"
  battle_area_polygon_point__id:t="point5"
  battle_area_polygon_point__nextId:t="point6"
}

entity{
  _template:t="battle_area_polygon_point"
  transform:m=[[1.0, 0.0, 0.0] [0.0, 1.0, 0.0] [0.0, 0.0, 1.0] [-508.015, 3.29846, 559.335]]
  battle_area_polygon_point__forBattleAreaId:t="2a_area1"
  battle_area_polygon_point__id:t="point6"
  battle_area_polygon_point__nextId:t="point7"
}

entity{
  _template:t="battle_area_polygon_point"
  transform:m=[[1.0, 0.0, 0.0] [0.0, 1.0, 0.0] [0.0, 0.0, 1.0] [-430.499, 3.29846, 508.043]]
  battle_area_polygon_point__forBattleAreaId:t="2a_area1"
  battle_area_polygon_point__id:t="point7"
  battle_area_polygon_point__nextId:t="point8"
}

entity{
  _template:t="battle_area_polygon_point"
  transform:m=[[1.0, 0.0, 0.0] [0.0, 1.0, 0.0] [0.0, 0.0, 1.0] [-349.486, 3.26374, 625.964]]
  battle_area_polygon_point__forBattleAreaId:t="2a_area1"
  battle_area_polygon_point__id:t="point8"
  battle_area_polygon_point__nextId:t="point9"
}

entity{
  _template:t="battle_area_polygon_point"
  transform:m=[[1.0, 0.0, 0.0] [0.0, 1.0, 0.0] [0.0, 0.0, 1.0] [-253.982, 3.26374, 692.708]]
  battle_area_polygon_point__forBattleAreaId:t="2a_area1"
  battle_area_polygon_point__id:t="point9"
  battle_area_polygon_point__nextId:t="point1"
}

entity{
  _template:t="poly_battle_area"
  transform:m=[[1.0, 0.0, 0.0] [0.0, 1.0, 0.0] [0.0, 0.0, 1.0] [-313.15, 3.25957, 372.804]]
  battleAreaId:t="2a_area2"
  battle_area__team:i=2
  groupName:t="sector_2_a"
  active:b=no
}

entity{
  _template:t="battle_area_polygon_point"
  transform:m=[[1.0, 0.0, 0.0] [0.0, 1.0, 0.0] [0.0, 0.0, 1.0] [-684.757, 3.31256, 503.414]]
  battle_area_polygon_point__forBattleAreaId:t="2a_area2"
  battle_area_polygon_point__id:t="point1"
  battle_area_polygon_point__nextId:t="point2"
}

entity{
  _template:t="battle_area_polygon_point"
  transform:m=[[1.0, 0.0, 0.0] [0.0, 1.0, 0.0] [0.0, 0.0, 1.0] [-589.857, -2.32784, 370.298]]
  battle_area_polygon_point__forBattleAreaId:t="2a_area2"
  battle_area_polygon_point__id:t="point2"
  battle_area_polygon_point__nextId:t="point3"
}

entity{
  _template:t="battle_area_polygon_point"
  transform:m=[[1.0, 0.0, 0.0] [0.0, 1.0, 0.0] [0.0, 0.0, 1.0] [-430.55, 3.42757, 508.046]]
  battle_area_polygon_point__forBattleAreaId:t="2a_area2"
  battle_area_polygon_point__id:t="point3"
  battle_area_polygon_point__nextId:t="point4"
}

entity{
  _template:t="battle_area_polygon_point"
  transform:m=[[1.0, 0.0, 0.0] [0.0, 1.0, 0.0] [0.0, 0.0, 1.0] [-371.002, 3.25752, 595.071]]
  battle_area_polygon_point__forBattleAreaId:t="2a_area2"
  battle_area_polygon_point__id:t="point4"
  battle_area_polygon_point__nextId:t="point5"
}

entity{
  _template:t="battle_area_polygon_point"
  transform:m=[[1.0, 0.0, 0.0] [0.0, 1.0, 0.0] [0.0, 0.0, 1.0] [-440.301, 3.25752, 647.133]]
  battle_area_polygon_point__forBattleAreaId:t="2a_area2"
  battle_area_polygon_point__id:t="point5"
  battle_area_polygon_point__nextId:t="point6"
}

entity{
  _template:t="battle_area_polygon_point"
  transform:m=[[1.0, 0.0, 0.0] [0.0, 1.0, 0.0] [0.0, 0.0, 1.0] [-459.613, 3.29864, 681.956]]
  battle_area_polygon_point__forBattleAreaId:t="2a_area2"
  battle_area_polygon_point__id:t="point6"
  battle_area_polygon_point__nextId:t="point7"
}

entity{
  _template:t="battle_area_polygon_point"
  transform:m=[[1.0, 0.0, 0.0] [0.0, 1.0, 0.0] [0.0, 0.0, 1.0] [-564.753, 3.29864, 703.5]]
  battle_area_polygon_point__forBattleAreaId:t="2a_area2"
  battle_area_polygon_point__id:t="point7"
  battle_area_polygon_point__nextId:t="point8"
}

entity{
  _template:t="battle_area_polygon_point"
  transform:m=[[1.0, 0.0, 0.0] [0.0, 1.0, 0.0] [0.0, 0.0, 1.0] [-588.267, -0.924737, 605.735]]
  battle_area_polygon_point__forBattleAreaId:t="2a_area2"
  battle_area_polygon_point__id:t="point8"
  battle_area_polygon_point__nextId:t="point1"
}

entity{
  _template:t="poly_battle_area"
  transform:m=[[1.0, 0.0, 0.0] [0.0, 1.0, 0.0] [0.0, 0.0, 1.0] [-317.47, 3.25957, 376.831]]
  battleAreaId:t="2b_area1"
  battle_area__team:i=1
  groupName:t="sector_2_b"
  active:b=no
}

entity{
  _template:t="battle_area_polygon_point"
  transform:m=[[1.0, 0.0, 0.0] [0.0, 1.0, 0.0] [0.0, 0.0, 1.0] [-253.517, 3.29863, 850.946]]
  battle_area_polygon_point__forBattleAreaId:t="2b_area1"
  battle_area_polygon_point__id:t="point1"
  battle_area_polygon_point__nextId:t="point2"
}

entity{
  _template:t="battle_area_polygon_point"
  transform:m=[[1.0, 0.0, 0.0] [0.0, 1.0, 0.0] [0.0, 0.0, 1.0] [-526.74, 3.29863, 843.483]]
  battle_area_polygon_point__forBattleAreaId:t="2b_area1"
  battle_area_polygon_point__id:t="point2"
  battle_area_polygon_point__nextId:t="point3"
}

entity{
