import{
  scene:t="content/enlisted/gamedata/scenes/_berlin_opera_gpu_objects.blk"
  scene:t="content/enlisted/gamedata/scenes/_berlin_opera_biom_fx.blk"
  scene:t="content/enlisted/gamedata/scenes/_berlin_opera_background_fx.blk"
  scene:t="content/enlisted/gamedata/scenes/_berlin_opera_projectors.blk"
  scene:t="content/enlisted/gamedata/scenes/_berlin_opera_tracers.blk"
}

import{
  scene:t="content/enlisted/gamedata/scenes/_berlin_opera_level.blk"
}

entity{
  _template:t="enemy_attack_marker"
  transform:m=[[-0.059501, 0.0, 0.998228] [0.0, 1.0, 0.0] [-0.998228, 0.0, -0.059501] [-390.031, 4.10737, 689.808]]
}

entity{
  _template:t="static_cam"
  camera__active:b=yes
  transform:m=[[-0.955625, 0.0, -0.294583] [-0.00324374, 0.999939, 0.0105227] [0.294564, 0.0110112, -0.955566] [-414.652, 11.6834, 947.582]]
}

entity{
  _template:t="briefing_destruction"
  mission_name:t="berlin_station_bomb"

  "loading_images:list<t>"{
    item:t="ui/berlin_station_01.jpg"
    item:t="ui/berlin_station_02.jpg"
    item:t="ui/berlin_station_03.jpg"
  }
}

entity{
  _template:t="group_activator"

  "activator__activateChoice:object"{
    sector_1:r=1.0
  }
}

entity{
  _template:t="team_ussr_berlin+team_narrator_destruction_attack+respawn_creators_team"
  team__memberCount:r=0.0
  team__scoreCap:r=3500.0
  team__score:r=3500.0
  team__squadSpawnCost:i=250
  team__firstSpawnCostMul:r=0.0
  team__zeroScoreFailTimer:r=60.0
  team__id:i=1
  team__briefing:t="destruction/attackers_goals"
  team__winSubtitle:t="debriefing/won_invasion_destruction"
  team__loseSubtitle:t="debriefing/lost_invasion_destruction"
  team__winTitle:t="debriefing/ussr_won_destruction_attack_title"
  team__allowRebalance:b=no
  team__spawnBotArmy:t="moscow_allies"
}

entity{
  _template:t="team_germany_berlin+team_narrator_destruction_defence+respawn_creators_team"
  team__countAdd:r=0.5
  team__memberCount:r=0.5
  team__scoreCap:r=3000.0
  team__capturePenalty:r=1001.0
  team__score:r=3000.0
  team__id:i=2
  team__briefing:t="destruction/defenders_goals"
  team__winSubtitle:t="debriefing/won_defence_destruction"
  team__loseSubtitle:t="debriefing/lost_defence_destruction"
  team__winTitle:t="debriefing/germany_won_destruction_defence_title"
  team__allowRebalance:b=no
  team__spawnBotArmy:t="moscow_axis"
}

entity{
  _template:t="bomb_site_zone_chained_sphere+defend_zone_respawnbase"
  transform:m=[[-0.26756, 0.0, 1.01947] [0.0, 0.932493, 0.0] [-1.01947, 0.0, -0.26756] [-381.809, 1.50145, 893.784]]
  groupName:t="sector_1"
  capzone__capRewardPartCap:r=1.8
  capzone__mustBeCapturedByTeam:i=1
  capzone__caption:t="capzone/station"
  active:b=no
  ui_order:i=2
  capzone__capReward:r=500.0
  capzone__checkAllZonesInGroup:b=yes
  capzone__deactivateAfterTimeout:r=0.0
  capzone__spawnAtZoneTimeout:r=35.0
  capzone__createRespawnBaseForTeam:i=2
  sphere_zone__radius:r=14.0
  capzone__createdRespawnBaseGroup:i=4
  capzone__createRespawnBase:t="respawnBaseGroupActivator"
  capzone__plantingTeam:i=1
  capzone__timeToPlant:r=15.0
  capzone__timeToDefuse:r=10.0
  capzone__timeToExplosion:r=35.0
  capzone__bombTemplate:t="bomb_site+bomb_site_radar_hardware_animchar_03_without_antenna"
  capzone__bombTransformLocalPos:m=[[-0.782798, 0.0, -0.622277] [0.0, 1.0, 0.0] [0.622277, 0.0, -0.782798] [-0.23233, -1.71874, 0.019165]]

  "capzone__activateChoice:object"{
    sector_2:r=1.0
  }
}

entity{
  _template:t="bomb_site_zone_chained_box+defend_zone_respawnbase"
  transform:m=[[-0.626358, 0.0, 23.4194] [0.0, 6.80457, 0.0] [-26.1845, 0.0, -1.36709] [-439.399, 5.47744, 863.357]]
  capzone__capRewardPartCap:r=1.8
  capzone__mustBeCapturedByTeam:i=1
  groupName:t="sector_1"
  active:b=no
  ui_order:i=0
  capzone__capReward:r=500.0
  capzone__caption:t="capzone/ticket_offices"
  capzone__checkAllZonesInGroup:b=yes
  capzone__deactivateAfterTimeout:r=0.0
  capzone__spawnAtZoneTimeout:r=35.0
  capzone__createRespawnBaseForTeam:i=2
  capzone__createdRespawnBaseGroup:i=4
  capzone__createRespawnBase:t="respawnBaseGroupActivator"
  capzone__plantingTeam:i=1
  capzone__timeToPlant:r=15.0
  capzone__timeToDefuse:r=10.0
  capzone__timeToExplosion:r=35.0
  capzone__bombTemplate:t="bomb_site+bomb_site_radar_hardware_animchar_01_without_antenna"
  capzone__bombTransformLocalPos:m=[[-0.994559, 0.0, -0.104171] [0.0, 1.0, 0.0] [0.104171, 0.0, -0.994559] [-0.0750732, -2.03804, 0.0482178]]

  "capzone__activateChoice:object"{
    sector_2:r=1.0
  }
}

entity{
  _template:t="bomb_site_zone_chained_box+defend_zone_respawnbase"
  transform:m=[[14.3751, 0.0, 1.32706] [0.0, 6.80457, 0.0] [-1.23045, 0.0, 21.0244] [-342.415, 5.43392, 768.842]]
  capzone__capRewardPartCap:r=1.8
  capzone__mustBeCapturedByTeam:i=1
  groupName:t="sector_2"
  active:b=no
  ui_order:i=0
  capzone__capReward:r=500.0
  capzone__caption:t="capzone/station_restaurant"
  capzone__checkAllZonesInGroup:b=yes
  capzone__deactivateAfterTimeout:r=0.0
  capzone__spawnAtZoneTimeout:r=35.0
  capzone__createRespawnBaseForTeam:i=2
  capzone__createdRespawnBaseGroup:i=5
  capzone__createRespawnBase:t="respawnBaseGroupActivator"
  capzone__plantingTeam:i=1
  capzone__timeToPlant:r=15.0
  capzone__timeToDefuse:r=10.0
  capzone__timeToExplosion:r=35.0
  capzone__bombTemplate:t="bomb_site+bomb_site_radar_hardware_animchar_01_without_antenna"
  capzone__bombTransformLocalPos:m=[[-0.994559, 0.0, -0.104171] [0.0, 1.0, 0.0] [0.104171, 0.0, -0.994559] [-0.0750732, -1.97733, 0.0482178]]

  "capzone__activateChoice:object"{
    sector_3:r=1.0
  }
}

entity{
  _template:t="bomb_site_zone_chained_box+defend_zone_respawnbase"
  transform:m=[[21.8203, 0.0, 1.59314] [0.0, 6.80457, 0.0] [-2.01474, 0.0, 20.9992] [-439.592, 5.45113, 764.03]]
  capzone__capRewardPartCap:r=1.8
  capzone__mustBeCapturedByTeam:i=1
  groupName:t="sector_2"
  active:b=no
  ui_order:i=0
  capzone__capReward:r=500.0
  capzone__caption:t="capzone/canteen"
  capzone__checkAllZonesInGroup:b=yes
  capzone__deactivateAfterTimeout:r=0.0
  capzone__spawnAtZoneTimeout:r=35.0
  capzone__createRespawnBaseForTeam:i=2
  capzone__createdRespawnBaseGroup:i=5
  capzone__createRespawnBase:t="respawnBaseGroupActivator"
  capzone__plantingTeam:i=1
  capzone__timeToPlant:r=15.0
  capzone__timeToDefuse:r=10.0
  capzone__timeToExplosion:r=35.0
  capzone__bombTemplate:t="bomb_site+bomb_site_radar_hardware_animchar_04_without_antenna"
  capzone__bombTransformLocalPos:m=[[-0.143368, 0.0, 0.989669] [0.0, 1.0, 0.0] [-0.989669, 0.0, -0.143368] [0.0452271, -1.99445, 0.0769043]]

  "capzone__activateChoice:object"{
    sector_3:r=1.0
  }
}

entity{
  _template:t="bomb_site_zone_chained_sphere+defend_zone_respawnbase"
  transform:m=[[0.0938255, 0.0, 1.04981] [0.0, 0.932493, 0.0] [-1.04981, 0.0, 0.0938255] [-422.364, 4.53399, 691.233]]
  groupName:t="sector_3"
  capzone__capRewardPartCap:r=1.8
  capzone__mustBeCapturedByTeam:i=1
  capzone__caption:t="capzone/artillery_emplacement"
  active:b=no
  ui_order:i=2
  capzone__capReward:r=500.0
  capzone__checkAllZonesInGroup:b=yes
  capzone__deactivateAfterTimeout:r=0.0
  capzone__spawnAtZoneTimeout:r=35.0
  capzone__createRespawnBaseForTeam:i=2
  sphere_zone__radius:r=12.0
  capzone__createdRespawnBaseGroup:i=6
  capzone__createRespawnBase:t="respawnBaseGroupActivator"
  capzone__plantingTeam:i=1
  capzone__timeToPlant:r=20.0
  capzone__timeToDefuse:r=10.0
  capzone__timeToExplosion:r=40.0
  capzone__bombTemplate:t="bomb_site+bomb_site_radar_hardware_animchar_05"
  capzone__bombTransformLocalPos:m=[[-0.94738, 0.0, -0.320113] [0.0, 1.0, 0.0] [0.320113, 0.0, -0.94738] [0.0873413, -1.34364, -0.0111084]]
}

entity{
  _template:t="respawn_camera"
  respawnCameraForTeam:i=1
  transform:m=[[1.0, 0.0, 0.0] [0.0, 1.0, 0.0] [0.0, 0.0, 1.0] [-328.064, 303.539, 1058.21]]
}

entity{
  _template:t="respawn_camera"
  respawnCameraForTeam:i=2
  transform:m=[[1.0, 0.0, 0.0] [0.0, 1.0, 0.0] [0.0, 0.0, 1.0] [-357.343, 305.817, 445.41]]
}

entity{
  _template:t="respawnChooser+respTeam1"
  transform:m=[[0.216387, 0.0, -0.976307] [0.0, 1.0, 0.0] [0.976307, 0.0, 0.216387] [-450.227, 3.88403, 968.557]]
  active:b=no
  groupName:t="sector_1"
}

entity{
  _template:t="respawnChooser+respTeam1"
  transform:m=[[0.104504, 0.0, -0.994525] [0.0, 1.0, 0.0] [0.994525, 0.0, 0.104504] [-443.389, 3.60217, 967.672]]
  active:b=no
  groupName:t="sector_1"
}

entity{
  _template:t="respawnChooser+respTeam1"
  transform:m=[[-0.0335313, 0.0, -0.999437] [0.0, 1.0, 0.0] [0.999437, 0.0, -0.0335313] [-359.341, 3.85179, 972.442]]
  active:b=no
  groupName:t="sector_1"
  respawnBaseGroup:i=2
}

entity{
  _template:t="respawnChooser+respTeam1"
  transform:m=[[0.222903, 0.0, -0.974839] [0.0, 1.0, 0.0] [0.974839, 0.0, 0.222903] [-374.692, 5.00304, 974.533]]
  active:b=no
  groupName:t="sector_1"
  respawnBaseGroup:i=2
}

entity{
  _template:t="respawnChooser+respVehicle"
  transform:m=[[-0.017264, 0.0, -0.999851] [0.0, 1.0, 0.0] [0.999851, 0.0, -0.017264] [-270.378, 4.24103, 1006.61]]
  groupName:t="sector_1"
  team:i=1
  respTime:i=150
  maxVehicleOnSpawn:i=2
  active:b=no
  respawnBaseGroup:i=1
}

entity{
  _template:t="respawnChooser+respTeam2"
  transform:m=[[0.452423, 0.0, 0.891804] [0.0, 1.0, 0.0] [-0.891804, 0.0, 0.452423] [-435.844, 4.26463, 770.645]]
  active:b=no
  groupName:t="sector_1"
}

entity{
  _template:t="respawnChooser+respTeam2"
  transform:m=[[0.0152725, 0.0, 0.999883] [0.0, 1.0, 0.0] [-0.999883, 0.0, 0.0152725] [-423.641, 3.93463, 768.638]]
  active:b=no
  groupName:t="sector_1"
}

entity{
  _template:t="respawnChooser+respTeam2"
  transform:m=[[0.265933, 0.0, 0.963991] [0.0, 1.0, 0.0] [-0.963991, 0.0, 0.265933] [-361.995, 4.22969, 824.708]]
  active:b=no
  groupName:t="sector_1"
  respawnBaseGroup:i=2
}

entity{
  _template:t="respawnChooser+respTeam2"
  transform:m=[[-0.986945, 0.0, 0.161063] [0.0, 1.0, 0.0] [-0.161063, 0.0, -0.986945] [-364.256, 4.00055, 824.474]]
  active:b=no
  groupName:t="sector_1"
  respawnBaseGroup:i=2
}

entity{
  _template:t="respawnChooser+respVehicle"
  transform:m=[[0.486085, 0.0, 0.873913] [0.0, 1.0, 0.0] [-0.873913, 0.0, 0.486085] [-395.997, 4.3436, 682.044]]
  team:i=2
  groupName:t="sector_1"
  respTime:i=150
  maxVehicleOnSpawn:i=2
  active:b=no
  respawnBaseGroup:i=1
}

entity{
  _template:t="respawnChooser+respTeam1"
  transform:m=[[0.21723, 0.0, -0.97612] [0.0, 1.0, 0.0] [0.97612, 0.0, 0.21723] [-372.816, 3.79798, 947.576]]
  active:b=no
  groupName:t="sector_2"
}

entity{
  _template:t="respawnChooser+respTeam1"
  transform:m=[[0.0504104, 0.0, -0.998729] [0.0, 1.0, 0.0] [0.998729, 0.0, 0.0504104] [-365.831, 3.69961, 950.509]]
  active:b=no
  groupName:t="sector_2"
  respawnBaseGroup:i=1
}

entity{
  _template:t="respawnChooser+respTeam1"
  transform:m=[[0.0653703, 0.0, -0.997861] [0.0, 1.0, 0.0] [0.997861, 0.0, 0.0653703] [-432.495, 4.13198, 946.293]]
  groupName:t="sector_2"
  active:b=no
  respawnBaseGroup:i=2
}

entity{
  _template:t="respawnChooser+respTeam1"
  transform:m=[[0.222433, 0.0, -0.974948] [0.0, 1.0, 0.0] [0.974948, 0.0, 0.222433] [-437.768, 4.20329, 946.603]]
  active:b=no
  groupName:t="sector_2"
  respawnBaseGroup:i=2
}

entity{
  _template:t="respawnChooser+respTeam2"
  transform:m=[[0.35342, 0.0, 0.935465] [0.0, 1.0, 0.0] [-0.935465, 0.0, 0.35342] [-493.385, 3.61193, 667.625]]
  active:b=no
  groupName:t="sector_2"
  respawnBaseGroup:i=1
}

entity{
  _template:t="respawnChooser+respTeam2"
  transform:m=[[0.846713, 0.0, 0.532052] [0.0, 1.0, 0.0] [-0.532052, 0.0, 0.846713] [-477.808, 3.61193, 653.434]]
  active:b=no
  groupName:t="sector_2"
  respawnBaseGroup:i=1
}

entity{
  _template:t="respawnChooser+respTeam1"
  transform:m=[[-0.122763, 0.0, -0.992436] [0.0, 1.0, 0.0] [0.992436, 0.0, -0.122763] [-426.998, 3.68558, 835.389]]
  active:b=no
  groupName:t="sector_3"
}

entity{
  _template:t="respawnChooser+respTeam1"
  transform:m=[[0.00123086, 0.0, -0.999999] [0.0, 1.0, 0.0] [0.999999, 0.0, 0.00123086] [-434.741, 3.72799, 832.779]]
  active:b=no
  groupName:t="sector_3"
}

entity{
  _template:t="respawnChooser+respTeam1"
  transform:m=[[0.0973917, 0.0, -0.995246] [0.0, 1.0, 0.0] [0.995246, 0.0, 0.0973917] [-430.71, 3.82091, 835.069]]
  active:b=no
  groupName:t="sector_3"
  respawnBaseGroup:i=1
}

entity{
  _template:t="respawnChooser+respTeam1"
  transform:m=[[-0.0584569, 0.0, -0.998291] [0.0, 1.0, 0.0] [0.998291, 0.0, -0.0584569] [-367.08, 3.92522, 819.622]]
  groupName:t="sector_3"
  active:b=no
  respawnBaseGroup:i=2
}

entity{
  _template:t="respawnChooser+respTeam1"
  transform:m=[[-0.138817, 0.0, -0.990319] [0.0, 1.0, 0.0] [0.990319, 0.0, -0.138817] [-358.538, 3.78401, 813.376]]
  groupName:t="sector_3"
  active:b=no
  respawnBaseGroup:i=2
}

entity{
  _template:t="respawnChooser+respVehicle"
  transform:m=[[-0.239708, 0.0, -0.970845] [0.0, 1.0, 0.0] [0.970845, 0.0, -0.239708] [-324.964, 3.73131, 894.726]]
  groupName:t="sector_3"
  team:i=1
  respTime:i=150
  maxVehicleOnSpawn:i=2
  active:b=no
  respawnBaseGroup:i=1
}

entity{
  _template:t="respawnChooser+respTeam2"
  transform:m=[[0.272844, 0.0, 0.962058] [0.0, 1.0, 0.0] [-0.962058, 0.0, 0.272844] [-438.042, -0.895873, 572.628]]
  active:b=no
  groupName:t="sector_3"
}

entity{
  _template:t="respawnChooser+respTeam2"
  transform:m=[[0.785619, 0.0, 0.618711] [0.0, 1.0, 0.0] [-0.618711, 0.0, 0.785619] [-435.388, -1.13401, 572.193]]
  groupName:t="sector_3"
  active:b=no
}

entity{
  _template:t="respawnChooser+respTeam2"
  transform:m=[[0.463635, 0.0, 0.886027] [0.0, 1.0, 0.0] [-0.886027, 0.0, 0.463635] [-531.504, 5.88563, 659.997]]
  groupName:t="sector_3"
  active:b=no
  respawnBaseGroup:i=2
}

entity{
  _template:t="respawnChooser+respTeam2"
  transform:m=[[0.947409, 0.0, 0.320025] [0.0, 1.0, 0.0] [-0.320025, 0.0, 0.947409] [-533.497, 5.93251, 655.028]]
  groupName:t="sector_3"
  active:b=no
  respawnBaseGroup:i=2
}

entity{
  _template:t="respawnChooser+respVehicle"
  transform:m=[[0.813599, 0.0, 0.581426] [0.0, 1.0, 0.0] [-0.581426, 0.0, 0.813599] [-553.122, 3.88339, 513.632]]
  groupName:t="sector_3"
  team:i=2
  respTime:i=150
  maxVehicleOnSpawn:i=2
  active:b=no
  respawnBaseGroup:i=1
}

entity{
  _template:t="aircraft_box_battle_area"
  transform:m=[[25814.7, 0.0, 112.793] [0.0, 8000.36, 0.0] [-111.84, 0.0, 25814.3] [-123.334, 240.916, 421.197]]
  battle_area__team:i=-1
}

entity{
  _template:t="respAircraftInAir"
  respawnbaseType:t="aircraft_fighter"
  transform:m=[[-0.0947848, 0.0, 0.995499] [0.0, 1.0, 0.0] [-0.995499, 0.0, -0.0947848] [-120.242, 1023.92, -1403.82]]
  team:i=2
  maxVehicleOnSpawn:i=1
  respTime:i=120
}

entity{
  _template:t="resupply_in_air_zone"
  transform:m=[[-0.999999, 0.0, -0.000445871] [0.0, 1.0, 0.0] [0.000445871, 0.0, -0.999999] [2420.23, 407.328, 2575.03]]
  resupply_zone__team:i=1
}

entity{
  _template:t="respAircraftInAir"
  respawnbaseType:t="aircraft_assault"
  transform:m=[[-0.191454, 0.0, 0.981502] [0.0, 1.0, 0.0] [-0.981502, 0.0, -0.191454] [-296.071, 823.92, -1426.02]]
  team:i=2
  maxVehicleOnSpawn:i=1
  respTime:i=120
}

entity{
  _template:t="respAircraftInAir"
  respawnbaseType:t="aircraft_fighter"
  transform:m=[[-0.137829, 0.0, 0.990457] [0.0, 1.0, 0.0] [-0.990457, 0.0, -0.137829] [-276.397, 1023.92, -1415.95]]
  team:i=2
  maxVehicleOnSpawn:i=1
  respTime:i=120
}

entity{
  _template:t="respAircraftInAir"
  respawnbaseType:t="aircraft_assault"
  transform:m=[[-0.127939, 0.0, 0.991782] [0.0, 1.0, 0.0] [-0.991782, 0.0, -0.127939] [-120.242, 823.92, -1403.82]]
  team:i=2
  maxVehicleOnSpawn:i=1
  respTime:i=120
}

entity{
  _template:t="resupply_in_air_zone"
  transform:m=[[0.327869, 0.0, -0.944724] [0.0, 1.0, 0.0] [0.944724, 0.0, 0.327869] [-2045.64, 431.248, -1918.21]]
  resupply_zone__team:i=2
}

entity{
  _template:t="respAircraftInAir"
  respawnbaseType:t="aircraft_fighter"
  transform:m=[[0.0218614, 0.0, -0.999761] [0.0, 1.0, 0.0] [0.999761, 0.0, 0.0218614] [-540.338, 1000.0, 3135.76]]
  team:i=1
  maxVehicleOnSpawn:i=1
  respTime:i=120
}

entity{
  _template:t="respAircraftInAir"
  respawnbaseType:t="aircraft_assault"
  transform:m=[[-0.0188785, 0.0, -0.999822] [0.0, 1.0, 0.0] [0.999822, 0.0, -0.0188785] [-540.338, 800.0, 3135.76]]
  team:i=1
  maxVehicleOnSpawn:i=1
  respTime:i=120
}

entity{
  _template:t="respAircraftInAir"
  respawnbaseType:t="aircraft_fighter"
  transform:m=[[0.0283146, 0.0, -0.999599] [0.0, 1.0, 0.0] [0.999599, 0.0, 0.0283146] [-395.797, 1000.0, 3178.0]]
  team:i=1
  maxVehicleOnSpawn:i=1
  respTime:i=120
}

entity{
  _template:t="respAircraftInAir"
  respawnbaseType:t="aircraft_assault"
  transform:m=[[0.0602217, 0.0, -0.998185] [0.0, 1.0, 0.0] [0.998185, 0.0, 0.0602217] [-361.886, 800.0, 3148.92]]
  team:i=1
  maxVehicleOnSpawn:i=1
  respTime:i=120
}

entity{
  _template:t="poly_battle_area"
  transform:m=[[1.0, 0.0, 0.0] [0.0, 1.0, 0.0] [0.0, 0.0, 1.0] [-392.462, 3.19951, 747.883]]
  battleAreaId:t="1_area1"
  groupName:t="sector_1"
  battle_area__team:i=1
  active:b=no
}

entity{
  _template:t="battle_area_polygon_point"
  transform:m=[[1.0, 0.0, 0.0] [0.0, 1.0, 0.0] [0.0, 0.0, 1.0] [-252.683, 3.00711, 1024.37]]
  battle_area_polygon_point__forBattleAreaId:t="1_area1"
  battle_area_polygon_point__id:t="point1"
  battle_area_polygon_point__nextId:t="point2"
}

entity{
  _template:t="battle_area_polygon_point"
  transform:m=[[1.0, 0.0, 0.0] [0.0, 1.0, 0.0] [0.0, 0.0, 1.0] [-387.165, 3.52678, 1023.76]]
  battle_area_polygon_point__forBattleAreaId:t="1_area1"
  battle_area_polygon_point__id:t="point2"
  battle_area_polygon_point__nextId:t="point3"
}

entity{
  _template:t="battle_area_polygon_point"
  transform:m=[[1.0, 0.0, 0.0] [0.0, 1.0, 0.0] [0.0, 0.0, 1.0] [-484.914, 3.52678, 997.353]]
  battle_area_polygon_point__forBattleAreaId:t="1_area1"
  battle_area_polygon_point__id:t="point3"
  battle_area_polygon_point__nextId:t="point4"
}

entity{
  _template:t="battle_area_polygon_point"
  transform:m=[[1.0, 0.0, 0.0] [0.0, 1.0, 0.0] [0.0, 0.0, 1.0] [-483.647, 3.52678, 943.898]]
  battle_area_polygon_point__forBattleAreaId:t="1_area1"
  battle_area_polygon_point__id:t="point4"
  battle_area_polygon_point__nextId:t="point5"
}

entity{
  _template:t="battle_area_polygon_point"
  transform:m=[[1.0, 0.0, 0.0] [0.0, 1.0, 0.0] [0.0, 0.0, 1.0] [-500.581, 3.52678, 883.091]]
  battle_area_polygon_point__forBattleAreaId:t="1_area1"
  battle_area_polygon_point__id:t="point5"
  battle_area_polygon_point__nextId:t="point6"
}

entity{
  _template:t="battle_area_polygon_point"
  transform:m=[[1.0, 0.0, 0.0] [0.0, 1.0, 0.0] [0.0, 0.0, 1.0] [-507.724, 3.52678, 861.564]]
  battle_area_polygon_point__forBattleAreaId:t="1_area1"
  battle_area_polygon_point__id:t="point6"
  battle_area_polygon_point__nextId:t="point7"
}

entity{
  _template:t="battle_area_polygon_point"
  transform:m=[[0.9794, 0.0, -0.201929] [0.0, 1.0, 0.0] [0.201929, 0.0, 0.9794] [-516.096, 3.1995, 837.928]]
  battle_area_polygon_point__forBattleAreaId:t="1_area1"
  battle_area_polygon_point__id:t="point7"
  battle_area_polygon_point__nextId:t="point8"
}

entity{
  _template:t="battle_area_polygon_point"
  transform:m=[[0.999615, 0.0, 0.0277451] [0.0, 1.0, 0.0] [-0.0277451, 0.0, 0.999615] [-371.46, 3.30047, 850.261]]
  battle_area_polygon_point__forBattleAreaId:t="1_area1"
  battle_area_polygon_point__id:t="point8"
  battle_area_polygon_point__nextId:t="point9"
}

entity{
  _template:t="battle_area_polygon_point"
  transform:m=[[0.999388, 0.0, 0.0349659] [0.0, 1.0, 0.0] [-0.0349659, 0.0, 0.999388] [-371.753, 5.17832, 870.639]]
  battle_area_polygon_point__forBattleAreaId:t="1_area1"
  battle_area_polygon_point__id:t="point9"
  battle_area_polygon_point__nextId:t="point10"
}

entity{
  _template:t="battle_area_polygon_point"
  transform:m=[[1.0, 0.0, 0.0] [0.0, 1.0, 0.0] [0.0, 0.0, 1.0] [-254.992, 3.1937, 882.253]]
  battle_area_polygon_point__forBattleAreaId:t="1_area1"
  battle_area_polygon_point__id:t="point10"
  battle_area_polygon_point__nextId:t="point1"
}

entity{
  _template:t="poly_battle_area"
  transform:m=[[1.0, 0.0, 0.0] [0.0, 1.0, 0.0] [0.0, 0.0, 1.0] [-392.522, 3.19951, 750.648]]
  battleAreaId:t="1_area2"
  battle_area__team:i=2
  groupName:t="sector_1"
  active:b=no
}

entity{
  _template:t="battle_area_polygon_point"
  transform:m=[[1.0, 0.0, 0.0] [0.0, 1.0, 0.0] [0.0, 0.0, 1.0] [-359.377, 3.29059, 913.865]]
  battle_area_polygon_point__forBattleAreaId:t="1_area2"
  battle_area_polygon_point__id:t="point1"
  battle_area_polygon_point__nextId:t="point2"
}

entity{
  _template:t="battle_area_polygon_point"
  transform:m=[[1.0, 0.0, 0.0] [0.0, 1.0, 0.0] [0.0, 0.0, 1.0] [-492.468, 3.24389, 908.392]]
  battle_area_polygon_point__forBattleAreaId:t="1_area2"
  battle_area_polygon_point__id:t="point2"
  battle_area_polygon_point__nextId:t="point3"
}

entity{
  _template:t="battle_area_polygon_point"
  transform:m=[[1.0, 0.0, 0.0] [0.0, 1.0, 0.0] [0.0, 0.0, 1.0] [-499.724, 3.66207, 882.71]]
  battle_area_polygon_point__forBattleAreaId:t="1_area2"
  battle_area_polygon_point__id:t="point3"
  battle_area_polygon_point__nextId:t="point4"
}

entity{
  _template:t="battle_area_polygon_point"
  transform:m=[[1.0, 0.0, 0.0] [0.0, 1.0, 0.0] [0.0, 0.0, 1.0] [-510.788, 3.3261, 837.987]]
  battle_area_polygon_point__forBattleAreaId:t="1_area2"
  battle_area_polygon_point__id:t="point4"
  battle_area_polygon_point__nextId:t="point5"
}

entity{
  _template:t="battle_area_polygon_point"
  transform:m=[[1.0, 0.0, 0.0] [0.0, 1.0, 0.0] [0.0, 0.0, 1.0] [-550.922, 3.3261, 759.019]]
  battle_area_polygon_point__forBattleAreaId:t="1_area2"
  battle_area_polygon_point__id:t="point5"
  battle_area_polygon_point__nextId:t="point6"
}

entity{
  _template:t="battle_area_polygon_point"
  transform:m=[[1.0, 0.0, 0.0] [0.0, 1.0, 0.0] [0.0, 0.0, 1.0] [-566.38, 3.3261, 697.593]]
  battle_area_polygon_point__forBattleAreaId:t="1_area2"
  battle_area_polygon_point__id:t="point6"
  battle_area_polygon_point__nextId:t="point7"
}

entity{
  _template:t="battle_area_polygon_point"
  transform:m=[[1.0, 0.0, 0.0] [0.0, 1.0, 0.0] [0.0, 0.0, 1.0] [-330.201, 3.19367, 634.355]]
  battle_area_polygon_point__forBattleAreaId:t="1_area2"
  battle_area_polygon_point__id:t="point7"
  battle_area_polygon_point__nextId:t="point8"
}

entity{
  _template:t="battle_area_polygon_point"
  transform:m=[[1.0, 0.0, 0.0] [0.0, 1.0, 0.0] [0.0, 0.0, 1.0] [-253.784, 4.06082, 692.5]]
  battle_area_polygon_point__forBattleAreaId:t="1_area2"
  battle_area_polygon_point__id:t="point8"
  battle_area_polygon_point__nextId:t="point9"
}

entity{
  _template:t="battle_area_polygon_point"
  transform:m=[[1.0, 0.0, 0.0] [0.0, 1.0, 0.0] [0.0, 0.0, 1.0] [-253.103, 0.562211, 875.821]]
  battle_area_polygon_point__forBattleAreaId:t="1_area2"
  battle_area_polygon_point__id:t="point9"
  battle_area_polygon_point__nextId:t="point1"
}

entity{
  _template:t="poly_battle_area"
  transform:m=[[1.0, 0.0, 0.0] [0.0, 1.0, 0.0] [0.0, 0.0, 1.0] [-291.104, 3.29863, 276.27]]
  battleAreaId:t="2_area1"
  groupName:t="sector_2"
  battle_area__team:i=1
  active:b=no
}

entity{
  _template:t="battle_area_polygon_point"
  transform:m=[[0.743249, 0.0, 0.669015] [0.0, 1.0, 0.0] [-0.669015, 0.0, 0.743249] [-387.152, 3.30368, 1016.08]]
  battle_area_polygon_point__forBattleAreaId:t="2_area1"
  battle_area_polygon_point__id:t="point1"
  battle_area_polygon_point__nextId:t="point2"
}

entity{
  _template:t="battle_area_polygon_point"
  transform:m=[[0.743249, 0.0, 0.669015] [0.0, 1.0, 0.0] [-0.669015, 0.0, 0.743249] [-484.802, 3.30368, 997.336]]
  battle_area_polygon_point__forBattleAreaId:t="2_area1"
  battle_area_polygon_point__id:t="point2"
  battle_area_polygon_point__nextId:t="point3"
}

entity{
  _template:t="battle_area_polygon_point"
  transform:m=[[0.743249, 0.0, 0.669015] [0.0, 1.0, 0.0] [-0.669015, 0.0, 0.743249] [-483.716, 3.30368, 943.757]]
  battle_area_polygon_point__forBattleAreaId:t="2_area1"
  battle_area_polygon_point__id:t="point3"
  battle_area_polygon_point__nextId:t="point4"
}

entity{
  _template:t="battle_area_polygon_point"
  transform:m=[[0.743249, 0.0, 0.669015] [0.0, 1.0, 0.0] [-0.669015, 0.0, 0.743249] [-510.768, 3.30368, 837.911]]
  battle_area_polygon_point__forBattleAreaId:t="2_area1"
  battle_area_polygon_point__id:t="point4"
  battle_area_polygon_point__nextId:t="point5"
}

entity{
  _template:t="battle_area_polygon_point"
  transform:m=[[0.743249, 0.0, 0.669015] [0.0, 1.0, 0.0] [-0.669015, 0.0, 0.743249] [-550.898, 3.30368, 758.945]]
  battle_area_polygon_point__forBattleAreaId:t="2_area1"
  battle_area_polygon_point__id:t="point5"
  battle_area_polygon_point__nextId:t="point6"
}

entity{
  _template:t="battle_area_polygon_point"
  transform:m=[[0.743249, 0.0, 0.669015] [0.0, 1.0, 0.0] [-0.669015, 0.0, 0.743249] [-558.167, 3.30519, 732.043]]
  battle_area_polygon_point__forBattleAreaId:t="2_area1"
  battle_area_polygon_point__id:t="point6"
  battle_area_polygon_point__nextId:t="point7"
}

entity{
  _template:t="battle_area_polygon_point"
  transform:m=[[0.743249, 0.0, 0.669015] [0.0, 1.0, 0.0] [-0.669015, 0.0, 0.743249] [-253.887, 3.30053, 741.417]]
  battle_area_polygon_point__forBattleAreaId:t="2_area1"
  battle_area_polygon_point__id:t="point7"
  battle_area_polygon_point__nextId:t="point8"
}

entity{
  _template:t="battle_area_polygon_point"
  transform:m=[[0.743249, 0.0, 0.669015] [0.0, 1.0, 0.0] [-0.669015, 0.0, 0.743249] [-252.415, 3.29864, 1024.17]]
  battle_area_polygon_point__forBattleAreaId:t="2_area1"
  battle_area_polygon_point__id:t="point8"
  battle_area_polygon_point__nextId:t="point1"
}

entity{
  _template:t="poly_battle_area"
  transform:m=[[1.0, 0.0, 0.0] [0.0, 1.0, 0.0] [0.0, 0.0, 1.0] [-408.525, 3.1995, 676.293]]
  battleAreaId:t="2_area2"
  groupName:t="sector_2"
  battle_area__team:i=2
  active:b=no
}

entity{
  _template:t="battle_area_polygon_point"
  transform:m=[[1.0, 0.0, 0.0] [0.0, 1.0, 0.0] [0.0, 0.0, 1.0] [-252.941, 3.20111, 849.525]]
  battle_area_polygon_point__forBattleAreaId:t="2_area2"
  battle_area_polygon_point__id:t="point1"
  battle_area_polygon_point__nextId:t="point2"
}

entity{
  _template:t="battle_area_polygon_point"
  transform:m=[[1.0, 0.0, 0.0] [0.0, 1.0, 0.0] [0.0, 0.0, 1.0] [-510.93, 0.538459, 838.22]]
  battle_area_polygon_point__forBattleAreaId:t="2_area2"
  battle_area_polygon_point__id:t="point2"
  battle_area_polygon_point__nextId:t="point3"
}

entity{
  _template:t="battle_area_polygon_point"
  transform:m=[[1.0, 0.0, 0.0] [0.0, 1.0, 0.0] [0.0, 0.0, 1.0] [-551.195, 3.29999, 758.985]]
  battle_area_polygon_point__forBattleAreaId:t="2_area2"
  battle_area_polygon_point__id:t="point3"
  battle_area_polygon_point__nextId:t="point4"
}

entity{
  _template:t="battle_area_polygon_point"
  transform:m=[[1.0, 0.0, 0.0] [0.0, 1.0, 0.0] [0.0, 0.0, 1.0] [-580.607, 3.3, 627.35]]
  battle_area_polygon_point__forBattleAreaId:t="2_area2"
  battle_area_polygon_point__id:t="point4"
  battle_area_polygon_point__nextId:t="point5"
}

entity{
  _template:t="battle_area_polygon_point"
  transform:m=[[1.0, 0.0, 0.0] [0.0, 1.0, 0.0] [0.0, 0.0, 1.0] [-419.377, 3.42937, 525.129]]
  battle_area_polygon_point__forBattleAreaId:t="2_area2"
  battle_area_polygon_point__id:t="point5"
  battle_area_polygon_point__nextId:t="point6"
}

entity{
  _template:t="battle_area_polygon_point"
  transform:m=[[1.0, 0.0, 0.0] [0.0, 1.0, 0.0] [0.0, 0.0, 1.0] [-349.086, -1.3098, 627.552]]
  battle_area_polygon_point__forBattleAreaId:t="2_area2"
  battle_area_polygon_point__id:t="point6"
  battle_area_polygon_point__nextId:t="point7"
}

entity{
  _template:t="battle_area_polygon_point"
  transform:m=[[1.0, 0.0, 0.0] [0.0, 1.0, 0.0] [0.0, 0.0, 1.0] [-253.933, -1.09986, 692.721]]
  battle_area_polygon_point__forBattleAreaId:t="2_area2"
  battle_area_polygon_point__id:t="point7"
  battle_area_polygon_point__nextId:t="point1"
}

entity{
  _template:t="poly_battle_area"
  transform:m=[[1.0, 0.0, 0.0] [0.0, 1.0, 0.0] [0.0, 0.0, 1.0] [-291.104, 3.29863, 276.27]]
  battleAreaId:t="3_area1"
  groupName:t="sector_3"
  battle_area__team:i=1
  active:b=no
}

entity{
  _template:t="battle_area_polygon_point"
  transform:m=[[0.743249, 0.0, 0.669015] [0.0, 1.0, 0.0] [-0.669015, 0.0, 0.743249] [-511.052, 3.30368, 837.871]]
  battle_area_polygon_point__forBattleAreaId:t="3_area1"
  battle_area_polygon_point__id:t="point1"
  battle_area_polygon_point__nextId:t="point2"
}

entity{
  _template:t="battle_area_polygon_point"
  transform:m=[[0.426602, 0.0, 0.90444] [0.0, 1.0, 0.0] [-0.90444, 0.0, 0.426602] [-542.884, 3.30368, 776.769]]
  battle_area_polygon_point__forBattleAreaId:t="3_area1"
  battle_area_polygon_point__id:t="point2"
  battle_area_polygon_point__nextId:t="point3"
}

entity{
  _template:t="battle_area_polygon_point"
  transform:m=[[0.475055, 0.0, 0.879956] [0.0, 1.0, 0.0] [-0.879956, 0.0, 0.475055] [-469.295, 1.50723, 679.202]]
  battle_area_polygon_point__forBattleAreaId:t="3_area1"
  battle_area_polygon_point__id:t="point3"
  battle_area_polygon_point__nextId:t="point4"
}

entity{
  _template:t="battle_area_polygon_point"
  transform:m=[[1.0, 0.0, 0.0] [0.0, 1.0, 0.0] [0.0, 0.0, 1.0] [-393.463, 3.19952, 656.366]]
  battle_area_polygon_point__forBattleAreaId:t="3_area1"
  battle_area_polygon_point__id:t="point4"
  battle_area_polygon_point__nextId:t="point5"
}

entity{
  _template:t="battle_area_polygon_point"
  transform:m=[[0.743249, 0.0, 0.669015] [0.0, 1.0, 0.0] [-0.669015, 0.0, 0.743249] [-347.557, -3.24627, 642.38]]
  battle_area_polygon_point__forBattleAreaId:t="3_area1"
  battle_area_polygon_point__id:t="point5"
  battle_area_polygon_point__nextId:t="point6"
}

entity{
  _template:t="battle_area_polygon_point"
  transform:m=[[0.743249, 0.0, 0.669015] [0.0, 1.0, 0.0] [-0.669015, 0.0, 0.743249] [-325.861, 3.29864, 644.3]]
  battle_area_polygon_point__forBattleAreaId:t="3_area1"
  battle_area_polygon_point__id:t="point6"
  battle_area_polygon_point__nextId:t="point7"
}

entity{
  _template:t="battle_area_polygon_point"
  transform:m=[[0.743249, 0.0, 0.669015] [0.0, 1.0, 0.0] [-0.669015, 0.0, 0.743249] [-253.833, 3.29864, 692.888]]
  battle_area_polygon_point__forBattleAreaId:t="3_area1"
  battle_area_polygon_point__id:t="point7"
  battle_area_polygon_point__nextId:t="point8"
}

entity{
  _template:t="battle_area_polygon_point"
  transform:m=[[0.998814, 0.0, 0.0486864] [0.0, 1.0, 0.0] [-0.0486864, 0.0, 0.998814] [-255.731, 3.29864, 935.529]]
  battle_area_polygon_point__forBattleAreaId:t="3_area1"
  battle_area_polygon_point__id:t="point8"
  battle_area_polygon_point__nextId:t="point9"
}

entity{
  _template:t="battle_area_polygon_point"
  transform:m=[[-0.167039, 0.0, 0.98595] [0.0, 1.0, 0.0] [-0.98595, 0.0, -0.167039] [-481.506, 3.29864, 935.278]]
  battle_area_polygon_point__forBattleAreaId:t="3_area1"
  battle_area_polygon_point__id:t="point9"
  battle_area_polygon_point__nextId:t="point1"
}

entity{
  _template:t="poly_battle_area"
  transform:m=[[1.0, 0.0, 0.0] [0.0, 1.0, 0.0] [0.0, 0.0, 1.0] [-408.525, 3.1995, 676.293]]
  battleAreaId:t="3_area2"
  groupName:t="sector_3"
  battle_area__team:i=2
  active:b=no
}

entity{
  _template:t="battle_area_polygon_point"
  transform:m=[[1.0, 0.0, 0.0] [0.0, 1.0, 0.0] [0.0, 0.0, 1.0] [-290.231, 3.20111, 667.456]]
  battle_area_polygon_point__forBattleAreaId:t="3_area2"
  battle_area_polygon_point__id:t="point1"
  battle_area_polygon_point__nextId:t="point2"
}

entity{
  _template:t="battle_area_polygon_point"
  transform:m=[[1.0, 0.0, 0.0] [0.0, 1.0, 0.0] [0.0, 0.0, 1.0] [-340.925, 0.538459, 747.629]]
  battle_area_polygon_point__forBattleAreaId:t="3_area2"
  battle_area_polygon_point__id:t="point2"
  battle_area_polygon_point__nextId:t="point3"
}

entity{
  _template:t="battle_area_polygon_point"
  transform:m=[[1.0, 0.0, 0.0] [0.0, 1.0, 0.0] [0.0, 0.0, 1.0] [-453.468, 3.29999, 741.02]]
  battle_area_polygon_point__forBattleAreaId:t="3_area2"
  battle_area_polygon_point__id:t="point3"
  battle_area_polygon_point__nextId:t="point4"
}

entity{
  _template:t="battle_area_polygon_point"
  transform:m=[[1.0, 0.0, 0.0] [0.0, 1.0, 0.0] [0.0, 0.0, 1.0] [-564.751, 3.3, 703.556]]
  battle_area_polygon_point__forBattleAreaId:t="3_area2"
  battle_area_polygon_point__id:t="point4"
  battle_area_polygon_point__nextId:t="point5"
}

entity{
  _template:t="battle_area_polygon_point"
  transform:m=[[1.0, 0.0, 0.0] [0.0, 1.0, 0.0] [0.0, 0.0, 1.0] [-615.181, 3.42937, 548.001]]
  battle_area_polygon_point__forBattleAreaId:t="3_area2"
  battle_area_polygon_point__id:t="point5"
  battle_area_polygon_point__nextId:t="point6"
}

entity{
  _template:t="battle_area_polygon_point"
  transform:m=[[0.822687, 0.0, 0.568495] [0.0, 1.0, 0.0] [-0.568495, 0.0, 0.822687] [-530.391, -1.3098, 417.767]]
  battle_area_polygon_point__forBattleAreaId:t="3_area2"
  battle_area_polygon_point__id:t="point6"
  battle_area_polygon_point__nextId:t="point7"
}

entity{
  _template:t="battle_area_polygon_point"
  transform:m=[[1.0, 0.0, 0.0] [0.0, 1.0, 0.0] [0.0, 0.0, 1.0] [-430.808, -1.09986, 507.631]]
  battle_area_polygon_point__forBattleAreaId:t="3_area2"
  battle_area_polygon_point__id:t="point7"
  battle_area_polygon_point__nextId:t="point8"
}

entity{
  _template:t="battle_area_polygon_point"
  transform:m=[[1.0, 0.0, 0.0] [0.0, 1.0, 0.0] [0.0, 0.0, 1.0] [-348.862, -1.09986, 626.988]]
  battle_area_polygon_point__forBattleAreaId:t="3_area2"
  battle_area_polygon_point__id:t="point8"
  battle_area_polygon_point__nextId:t="point1"
}

entity{
  _template:t="respawnChooser+respMotorcycle"
  active:b=no
  transform:m=[[-0.017264, 0.0, -0.999851] [0.0, 1.0, 0.0] [0.999851, 0.0, -0.017264] [-270.378, 4.24103, 1006.61]]
  team:i=1
  groupName:t="sector_1"
}

entity{
  _template:t="respawnChooser+respMotorcycle"
  active:b=no
  transform:m=[[0.486085, 0.0, 0.873913] [0.0, 1.0, 0.0] [-0.873913, 0.0, 0.486085] [-395.997, 4.3436, 682.044]]
  team:i=2
  groupName:t="sector_1"
}

entity{
  _template:t="respawnChooser+respMotorcycle"
  active:b=no
  transform:m=[[0.999998, 0.0, 0.00213642] [0.0, 1.0, 0.0] [-0.00213642, 0.0, 0.999998] [-554.954, 5.01929, 632.571]]
  team:i=2
  groupName:t="sector_2"
}

entity{
  _template:t="respawnChooser+respMotorcycle"
  active:b=no
  transform:m=[[0.902019, 0.0, -0.431697] [0.0, 1.0, 0.0] [0.431697, 0.0, 0.902019] [-357.345, 4.03344, 991.225]]
  team:i=1
  groupName:t="sector_2"
}

entity{
  _template:t="respawnChooser+respMotorcycle"
  active:b=no
  transform:m=[[-0.247178, 0.0, -0.96897] [0.0, 1.0, 0.0] [0.96897, 0.0, -0.247178] [-326.995, 4.16542, 895.926]]
  team:i=1
  groupName:t="sector_3"
}

entity{
  _template:t="respawnChooser+respMotorcycle"
  active:b=no
  transform:m=[[0.674053, 0.0, 0.738685] [0.0, 1.0, 0.0] [-0.738685, 0.0, 0.674053] [-552.447, 4.14391, 512.899]]
  team:i=2
  groupName:t="sector_3"
}

entity{
  _template:t="respawnChooser+respVehicle"
  transform:m=[[0.915901, 0.0, -0.401405] [0.0, 1.0, 0.0] [0.401405, 0.0, 0.915901] [-356.729, 3.85148, 991.793]]
  groupName:t="sector_2"
  team:i=1
  active:b=no
  maxVehicleOnSpawn:i=2
  respTime:i=150
}

entity{
  _template:t="respawnChooser+respVehicle"
  transform:m=[[1.0, 0.0, 0.0] [0.0, 1.0, 0.0] [0.0, 0.0, 1.0] [-554.782, 4.63076, 634.157]]
  groupName:t="sector_2"
  maxVehicleOnSpawn:i=2
  respTime:i=150
  team:i=2
  active:b=no
}

entity{
  _template:t="respawnChooser+respTeam2"
  transform:m=[[-0.0160029, 0.0, 0.999872] [0.0, 1.0, 0.0] [-0.999872, 0.0, -0.0160029] [-486.551, 3.50097, 666.206]]
  groupName:t="sector_2"
  active:b=no
}

entity{
  _template:t="respawnBaseWithGroupOnCapturePoint"
  transform:m=[[0.582656, 0.0, 0.812719] [0.0, 1.0, 0.0] [-0.812719, 0.0, 0.582656] [-385.187, 0.101859, 882.953]]
  groupName:t="sector_1"
  team:i=2
  respawnBaseGroup:i=4
  active:b=no
}

entity{
  _template:t="respawnBaseWithGroupOnCapturePoint"
  transform:m=[[-0.816628, 0.0, 0.577164] [0.0, 1.0, 0.0] [-0.577164, 0.0, -0.816628] [-366.719, 3.69692, 886.92]]
  groupName:t="sector_1"
  respawnBaseGroup:i=4
  team:i=2
  active:b=no
}

entity{
  _template:t="respawnBaseWithGroupOnCapturePoint"
  transform:m=[[0.17471, 0.0, 0.98462] [0.0, 1.0, 0.0] [-0.98462, 0.0, 0.17471] [-437.083, 3.69018, 854.935]]
  groupName:t="sector_1"
  respawnBaseGroup:i=4
  team:i=2
  active:b=no
}

entity{
  _template:t="respawnBaseWithGroupOnCapturePoint"
  transform:m=[[-0.442773, 0.0, 0.896634] [0.0, 1.0, 0.0] [-0.896634, 0.0, -0.442773] [-429.07, 3.60772, 847.108]]
  groupName:t="sector_1"
  respawnBaseGroup:i=4
  team:i=2
  active:b=no
}

entity{
  _template:t="respawnBaseWithGroupOnCapturePoint"
  transform:m=[[-0.350639, 0.0, 0.936511] [0.0, 1.0, 0.0] [-0.936511, 0.0, -0.350639] [-433.537, 3.45318, 757.052]]
  groupName:t="sector_2"
  team:i=2
  respawnBaseGroup:i=5
  active:b=no
}

entity{
  _template:t="respawnBaseWithGroupOnCapturePoint"
  transform:m=[[0.402882, 0.0, 0.915252] [0.0, 1.0, 0.0] [-0.915252, 0.0, 0.402882] [-442.059, 3.45318, 756.768]]
  groupName:t="sector_2"
  respawnBaseGroup:i=5
  team:i=2
  active:b=no
}

entity{
  _template:t="respawnBaseWithGroupOnCapturePoint"
  transform:m=[[-0.599907, 0.0, 0.800069] [0.0, 1.0, 0.0] [-0.800069, 0.0, -0.599907] [-350.401, 3.45318, 763.059]]
  groupName:t="sector_2"
  respawnBaseGroup:i=5
  team:i=2
  active:b=no
}

entity{
  _template:t="respawnBaseWithGroupOnCapturePoint"
  transform:m=[[0.441119, 0.0, 0.897449] [0.0, 1.0, 0.0] [-0.897449, 0.0, 0.441119] [-344.932, 3.45318, 761.644]]
  groupName:t="sector_2"
  respawnBaseGroup:i=5
  team:i=2
  active:b=no
}

entity{
  _template:t="respawnBaseWithGroupOnCapturePoint"
  transform:m=[[-0.872254, 0.0, -0.489053] [0.0, 1.0, 0.0] [0.489053, 0.0, -0.872254] [-396.126, 3.41814, 702.441]]
  groupName:t="sector_3"
  team:i=2
  respawnBaseGroup:i=6
  active:b=no
}

entity{
  _template:t="respawnBaseWithGroupOnCapturePoint"
  transform:m=[[1.0, 0.0, 0.0] [0.0, 1.0, 0.0] [0.0, 0.0, 1.0] [-441.261, 3.19951, 687.524]]
  groupName:t="sector_3"
  team:i=2
  respawnBaseGroup:i=6
  active:b=no
}

entity{
  _template:t="resupply_for_ground_vehicle_zone"
  transform:m=[[-0.017264, 0.0, -0.999851] [0.0, 1.0, 0.0] [0.999851, 0.0, -0.017264] [-270.378, 4.24103, 1006.61]]
  resupply_zone__team:i=1
  groupName:t="sector_1"
  active:b=no
}

entity{
  _template:t="resupply_for_ground_vehicle_zone"
  transform:m=[[0.486085, 0.0, 0.873913] [0.0, 1.0, 0.0] [-0.873913, 0.0, 0.486085] [-395.997, 4.3436, 682.044]]
  resupply_zone__team:i=2
  groupName:t="sector_1"
  active:b=no
}

entity{
  _template:t="resupply_for_ground_vehicle_zone"
  transform:m=[[-0.239708, 0.0, -0.970845] [0.0, 1.0, 0.0] [0.970845, 0.0, -0.239708] [-324.964, 3.73131, 894.726]]
  resupply_zone__team:i=1
  groupName:t="sector_3"
  active:b=no
}

entity{
  _template:t="resupply_for_ground_vehicle_zone"
  transform:m=[[0.813599, 0.0, 0.581426] [0.0, 1.0, 0.0] [-0.581426, 0.0, 0.813599] [-553.122, 3.88339, 513.632]]
  resupply_zone__team:i=2
  groupName:t="sector_3"
  active:b=no
}

entity{
  _template:t="resupply_for_ground_vehicle_zone"
  transform:m=[[0.915901, 0.0, -0.401405] [0.0, 1.0, 0.0] [0.401405, 0.0, 0.915901] [-356.729, 3.85148, 991.793]]
  resupply_zone__team:i=1
  groupName:t="sector_2"
  active:b=no
}

entity{
  _template:t="resupply_for_ground_vehicle_zone"
  transform:m=[[1.0, 0.0, 0.0] [0.0, 1.0, 0.0] [0.0, 0.0, 1.0] [-554.782, 4.63076, 634.157]]
  resupply_zone__team:i=2
  groupName:t="sector_2"
  active:b=no
}