import{
  scene:t="content/enlisted/gamedata/scenes/_berlin_city_battle_sounds.blk"
}

entity{
  _template:t="berlin_level"
  level__blk:t="content/enlisted/levels/battle_of_berlin_opera.blk"
}

entity{
  _template:t="clouds_hole_target"
  transform:m=[[1.0, 0.0, 0.0] [0.0, 1.0, 0.0] [0.0, 0.0, 1.0] [0.0, 0.0, 0.0]]
}

entity{
  _template:t="shaderVars"

  "shader_vars__vars:object"{
    hmap_displacement_up:r=0.3
    ocean1:c=142, 137, 71, 0
    ocean0:c=76, 63, 5, 0
    ocean_density:r=0.1
    puddle_hardness:r=12.0
    puddle_flat_noise_normal_effect:r=0.015
    puddle_flat_normal_hardness:r=25.0
    layered_fog_density:r=0.005
    land_selfillum_worldscale:r=1.0
    river1:c=64, 64, 29, 0
    river0:c=49, 47, 41, 0
    hmap_displacement_down:r=-0.15
    puddle_flat_hmap_reduce:r=-0.2
    leaves_ss_profile:p4=1.0, 1.0, 1.0, 0.0
    autodetect_land_selfillum_color:p4=0.176, 0.051, 0.0, 0.094
    paint_details_tex:t="berlin_wall_color_tex_palette*"
    layered_fog_height:r=20.0
    puddle_increase:r=0.0
    land_selfillum_strength:r=50.0
    water_color_noise_size:r=71.0
    puddle_flat_noise_height_reduce:r=0.09
    water_depth_hardness:r=0.41
    river_density:r=10.0
  }
}

entity{
  _template:t="postfx_roundctrl"

  "post_fx:object"{
  }
}

entity{
  _template:t="postfx_color_grading_tonemap_death_alive_enlisted"
}

entity{
  _template:t="water"
  water__strength:r=0.3
  water__level:r=-2.0
}

entity{
  _template:t="wind"
  wind__strength:r=1.3
  wind__dir:r=190.0
}

entity{
  _template:t="minimap_berlin_opera"
}

entity{
  _template:t="door_mult_ent_generator"
  ri_extra_gen__blk:t="content/e_berlin/gamedata/berlin_doors.blk"
}

entity{
  _template:t="session_finalizer"
  session_finalizer__timer:r=10.0
}

entity{
  _template:t="ri_gpu_object"
  ri_gpu_object__name:t="decal_broken_glass_a"
  ri_gpu_object__biom_indexes:p4=33.0, -1.0, -1.0, -1.0
  ri_gpu_object__grid_size:i=8
  ri_gpu_object__grid_tiling:i=1
  ri_gpu_object__cell_size:r=8.0
  ri_gpu_object__incline_delta:r=0.0
  ri_gpu_object__scale_range:p2=1.0, 1.75
  ri_gpu_object__rotate_range:p2=180.0, 360.0
  ri_gpu_object__seed:i=3
  ri_gpu_object__is_using_normal:b=yes
  ri_gpu_object__up_vector:p3=0.0, 1.0, 0.0
  ri_gpu_object__decal:b=yes
  ri_gpu_object__transparent:b=yes
}

entity{
  _template:t="ri_gpu_object"
  ri_gpu_object__name:t="decal_broken_glass_a"
  ri_gpu_object__biom_indexes:p4=51.0, -1.0, -1.0, -1.0
  ri_gpu_object__grid_size:i=8
  ri_gpu_object__grid_tiling:i=1
  ri_gpu_object__cell_size:r=16.0
  ri_gpu_object__incline_delta:r=0.0
  ri_gpu_object__scale_range:p2=1.0, 1.25
  ri_gpu_object__rotate_range:p2=180.0, 360.0
  ri_gpu_object__seed:i=3
  ri_gpu_object__is_using_normal:b=no
  ri_gpu_object__up_vector:p3=0.0, 1.0, 0.0
  ri_gpu_object__decal:b=yes
  ri_gpu_object__transparent:b=yes

  "ri_gpu_object__multiple_objects:array"{

    "ri_gpu_object__multiple_objects:object"{
      name:t="decal_broken_glass_a"
      weight:r=0.3
    }

    "ri_gpu_object__multiple_objects:object"{
      name:t="decal_paper_trash_b"
      weight:r=1.0
    }
  }
}

entity{
  _template:t="ri_gpu_object"
  ri_gpu_object__name:t="debris_bricks_a"
  ri_gpu_object__biom_indexes:p4=33.0, 51.0, 50.0, -1.0
  ri_gpu_object__grid_size:i=8
  ri_gpu_object__grid_tiling:i=5
  ri_gpu_object__cell_size:r=16.0
  ri_gpu_object__incline_delta:r=10.0
  ri_gpu_object__scale_range:p2=0.9, 1.05
  ri_gpu_object__rotate_range:p2=0.0, 960.0
  ri_gpu_object__seed:i=812
  ri_gpu_object__is_using_normal:b=yes

  "ri_gpu_object__multiple_objects:array"{

    "ri_gpu_object__multiple_objects:object"{
      name:t="debris_bricks_a"
      weight:r=1.0
    }

    "ri_gpu_object__multiple_objects:object"{
      name:t="debris_bricks_b"
      weight:r=1.0
    }

    "ri_gpu_object__multiple_objects:object"{
      name:t="debris_bricks_c"
      weight:r=0.5
    }

    "ri_gpu_object__multiple_objects:object"{
      name:t="debris_bricks_d"
      weight:r=1.0
    }

    "ri_gpu_object__multiple_objects:object"{
      name:t="debris_trash_concrete_small_part_c3"
      weight:r=1.0
    }

    "ri_gpu_object__multiple_objects:object"{
      name:t="debris_trash_concrete_small_part_c2"
      weight:r=1.0
    }

    "ri_gpu_object__multiple_objects:object"{
      name:t="debris_trash_concrete_small_part_b3"
      weight:r=0.5
    }

    "ri_gpu_object__multiple_objects:object"{
      name:t="debris_trash_concrete_small_part_b1"
      weight:r=0.5
    }
  }
}

entity{
  _template:t="ri_gpu_object"
  ri_gpu_object__name:t="debris_bricks_a"
  ri_gpu_object__biom_indexes:p4=33.0, 50.0, -1.0, -1.0
  ri_gpu_object__grid_size:i=8
  ri_gpu_object__grid_tiling:i=5
  ri_gpu_object__cell_size:r=16.0
  ri_gpu_object__incline_delta:r=0.0
  ri_gpu_object__scale_range:p2=0.9, 1.05
  ri_gpu_object__rotate_range:p2=0.0, 960.0
  ri_gpu_object__seed:i=112
  ri_gpu_object__is_using_normal:b=yes

  "ri_gpu_object__multiple_objects:array"{

    "ri_gpu_object__multiple_objects:object"{
      name:t="debris_wooden_plank_a"
      weight:r=1.0
    }

    "ri_gpu_object__multiple_objects:object"{
      name:t="debris_wooden_plank_c"
      weight:r=0.5
    }

    "ri_gpu_object__multiple_objects:object"{
      name:t="wooden_beam_g"
      weight:r=1.0
    }

    "ri_gpu_object__multiple_objects:object"{
      name:t="wooden_beam_k"
      weight:r=0.5
    }

    "ri_gpu_object__multiple_objects:object"{
      name:t="wooden_beam_l"
      weight:r=0.5
    }

    "ri_gpu_object__multiple_objects:object"{
      name:t="debris_trash_pile_small_a"
      weight:r=1.0
    }

    "ri_gpu_object__multiple_objects:object"{
      name:t="debris_trash_pile_small_g"
      weight:r=0.5
    }

    "ri_gpu_object__multiple_objects:object"{
      name:t="debris_trash_pile_small_j"
      weight:r=0.5
    }

    "ri_gpu_object__multiple_objects:object"{
      name:t="debris_trash_pile_small_f"
      weight:r=0.5
    }
  }
}

entity{
  _template:t="ri_gpu_object"
  ri_gpu_object__name:t="tree_burnt_branches_small_a"
  ri_gpu_object__biom_indexes:p4=56.0, 12.0, -1.0, -1.0
  ri_gpu_object__grid_size:i=8
  ri_gpu_object__grid_tiling:i=1
  ri_gpu_object__cell_size:r=16.0
  ri_gpu_object__incline_delta:r=0.0
  ri_gpu_object__scale_range:p2=0.9, 1.5
  ri_gpu_object__rotate_range:p2=0.0, 960.0
  ri_gpu_object__seed:i=112
  ri_gpu_object__is_using_normal:b=yes

  "ri_gpu_object__multiple_objects:array"{

    "ri_gpu_object__multiple_objects:object"{
      name:t="tree_burnt_branches_small_a"
      weight:r=0.5
    }

    "ri_gpu_object__multiple_objects:object"{
      name:t="tree_burnt_branches_small_b"
      weight:r=1.0
    }

    "ri_gpu_object__multiple_objects:object"{
      name:t="tree_burnt_branches_small_c"
      weight:r=1.0
    }

    "ri_gpu_object__multiple_objects:object"{
      name:t="tree_burnt_branches_small_d"
      weight:r=1.0
    }
  }
}

entity{
  _template:t="ground_effect"
  ground_effect__fx_name:t="chimney_exhaust"
  ground_effect__biome_group_name:t="burnt_field"
  ground_effect__rot_z:p2=75.0, 10.0
  ground_effect__offset_x:p2=0.0, 5.0
  ground_effect__offset_y:p2=-0.2, 0.2
  ground_effect__offset_z:p2=0.0, 5.0
  ground_effect__grid_cell_size:r=8.0
  ground_effect__grid_world_origin:p2=0.0, 0.0
  ground_effect__vis_radius:r=50.0
  ground_effect__random_offset_scale:r=0.0
  ground_effect__biome_weight_for_active_thr:r=0.25
  ground_effect__fx_radius:r=-1.0
}

entity{
  _template:t="ground_effect"
  ground_effect__fx_name:t="ground_sparkles_10m"
  ground_effect__biome_group_name:t="burnt_field"
  ground_effect__rot_z:p2=75.0, 10.0
  ground_effect__offset_x:p2=0.0, 5.0
  ground_effect__offset_y:p2=-0.2, 0.2
  ground_effect__offset_z:p2=0.0, 5.0
  ground_effect__grid_cell_size:r=16.0
  ground_effect__grid_world_origin:p2=0.0, 0.0
  ground_effect__vis_radius:r=25.0
  ground_effect__random_offset_scale:r=0.0
  ground_effect__biome_weight_for_active_thr:r=0.25
  ground_effect__fx_radius:r=-1.0
}

entity{
  _template:t="ground_effect"
  ground_effect__fx_name:t="ground_ashes_10m"
  ground_effect__biome_group_name:t="burnt_field"
  ground_effect__rot_z:p2=75.0, 10.0
  ground_effect__offset_x:p2=0.0, 5.0
  ground_effect__offset_y:p2=-0.2, 0.2
  ground_effect__offset_z:p2=0.0, 5.0
  ground_effect__grid_cell_size:r=16.0
  ground_effect__grid_world_origin:p2=0.0, 0.0
  ground_effect__vis_radius:r=25.0
  ground_effect__random_offset_scale:r=0.0
  ground_effect__biome_weight_for_active_thr:r=0.25
  ground_effect__fx_radius:r=-1.0
}

entity{
  _template:t="ground_effect"
  ground_effect__fx_name:t="ground_papers_10m"
  ground_effect__biome_group_name:t="asphalt"
  ground_effect__grid_cell_size:r=16.0
  ground_effect__grid_world_origin:p2=0.0, 0.0
  ground_effect__vis_radius:r=50.0
  ground_effect__random_offset_scale:r=0.0
  ground_effect__biome_weight_for_active_thr:r=0.25
  ground_effect__fx_radius:r=-1.0
}

entity{
  _template:t="ground_effect"
  ground_effect__fx_name:t="land_haze"
  ground_effect__biome_group_name:t="burnt_field"
  ground_effect__grid_cell_size:r=16.0
  ground_effect__grid_world_origin:p2=0.0, 0.0
  ground_effect__vis_radius:r=35.0
  ground_effect__random_offset_scale:r=0.0
  ground_effect__biome_weight_for_active_thr:r=0.25
  ground_effect__fx_radius:r=-1.0
}

entity{
  _template:t="effect_area_box"
  effect_area__frequency:r=0.5
  effect_area__pauseChance:r=0.4
  effect_area__pauseLengthMax:r=2.0
  effect_area__effectName:t="background_flash_8s_fx"
  effect_area__isPaused:b=no
  transform:m=[[1.0, 0.0, 0.0] [0.0, 1.0, 0.0] [0.0, 0.0, 1.0] [-941.109, 3.255, -280.225]]
  box_zone__scale:p3=600.0, 400.0, 600.0
}

entity{
  _template:t="bonfire_effect_background_flash_8s_fx"
  transform:m=[[1.0, 0.0, 0.0] [0.0, 1.0, 0.0] [0.0, 0.0, 1.0] [907.905, 4.67061, -823.634]]
}

entity{
  _template:t="bonfire_effect_background_flash_11s_fx"
  transform:m=[[1.0, 0.0, 0.0] [0.0, 1.0, 0.0] [0.0, 0.0, 1.0] [539.044, 4.67061, -1057.43]]
}

entity{
  _template:t="bonfire_effect_background_flash_11s_fx"
  transform:m=[[1.0, 0.0, 0.0] [0.0, 1.0, 0.0] [0.0, 0.0, 1.0] [71.9746, 4.67061, -998.369]]
}

entity{
  _template:t="bonfire_effect_background_flash_8s_fx"
  transform:m=[[1.0, 0.0, 0.0] [0.0, 1.0, 0.0] [0.0, 0.0, 1.0] [-315.671, 4.67061, -832.595]]
}

entity{
  _template:t="bonfire_effect_background_flash_11s_fx"
  transform:m=[[1.0, 0.0, 0.0] [0.0, 1.0, 0.0] [0.0, 0.0, 1.0] [930.453, 4.67061, -62.9545]]
}

entity{
  _template:t="bonfire_effect_background_flash_8s_fx"
  transform:m=[[1.0, 0.0, 0.0] [0.0, 1.0, 0.0] [0.0, 0.0, 1.0] [444.537, 4.67061, 418.554]]
}

entity{
  _template:t="bonfire_effect_background_flash_11s_fx"
  transform:m=[[1.0, 0.0, 0.0] [0.0, 1.0, 0.0] [0.0, 0.0, 1.0] [1026.4, 4.67061, 62.4067]]
}

entity{
  _template:t="bonfire_effect_background_flash_8s_fx"
  transform:m=[[1.0, 0.0, 0.0] [0.0, 1.0, 0.0] [0.0, 0.0, 1.0] [245.047, 4.67061, 565.389]]
}

entity{
  _template:t="bonfire_effect_volcano_smoke"
  transform:m=[[0.651268, 0.0, 0.238336] [0.0, 0.693508, 0.0] [-0.238336, 0.0, 0.651268] [-1422.33, 3.31363, -2008.51]]
}

entity{
  _template:t="bonfire_effect_volcano_smoke"
  transform:m=[[1.04756, 0.0, 0.102767] [0.0, 1.05258, 0.0] [-0.102767, 0.0, 1.04756] [-2594.46, 3.31412, -2883.46]]
}

entity{
  _template:t="bonfire_effect_volcano_smoke"
  transform:m=[[0.459994, 0.0, 1.03735] [0.0, 1.13476, 0.0] [-1.03735, 0.0, 0.459994] [748.515, 3.41519, -1897.58]]
}

entity{
  _template:t="bonfire_effect_volcano_smoke"
  transform:m=[[1.05317, 0.0, 0.808127] [0.0, 1.32749, 0.0] [-0.808127, 0.0, 1.05317] [1275.77, 3.51234, -1447.33]]
}

entity{
  _template:t="bonfire_effect_volcano_smoke"
  transform:m=[[0.329894, 0.0, 0.924001] [0.0, 0.981123, 0.0] [-0.924001, 0.0, 0.329894] [2304.96, -4.98208, 1116.67]]
}

entity{
  _template:t="bonfire_effect_volcano_smoke"
  transform:m=[[0.5016, 0.0, 0.453116] [0.0, 0.675959, 0.0] [-0.453116, 0.0, 0.5016] [-553.462, -3.11774, 1632.67]]
}

entity{
  _template:t="bonfire_effect_volcano_smoke"
  transform:m=[[0.589822, 0.0, 0.532811] [0.0, 0.794848, 0.0] [-0.532811, 0.0, 0.589822] [56.6985, 3.17503, 2317.45]]
}

entity{
  _template:t="bonfire_effect_volcano_smoke"
  transform:m=[[0.589822, 0.0, 0.532811] [0.0, 0.794848, 0.0] [-0.532811, 0.0, 0.589822] [-2117.65, 3.28224, 2203.81]]
}

entity{
  _template:t="projectors_manager"
  projectors_manager__atmosphereDensity:r=1.0
  projectors_manager__atmosphereMoveDir:p3=1.0, 0.0, 0.0
  projectors_manager__atmosphereMoveSpeed:r=0.0
  projectors_manager__noiseScale:r=30.0
  projectors_manager__noiseStrength:r=1.0
}

entity{
  _template:t="projector"
  projector__color:p3=0.12, 0.12, 0.12
  projector__angle:r=2.5
  projector__sourceWidth:r=1.0
  projector__xAngleAmplitude:r=17.0
  projector__period:r=16.0
  transform:m=[[0.993579, -0.112724, 0.00966157] [0.113137, 0.98995, -0.0848528] [4.45968e-07, 0.085401, 0.996347] [608.5, 5.44677, -1069.0]]
}

entity{
  _template:t="projector"
  projector__color:p3=0.12, 0.12, 0.12
  projector__angle:r=3.0
  projector__sourceWidth:r=1.0
  projector__zAngleAmplitude:r=24.0
  projector__period:r=14.0
  transform:m=[[0.986453, 0.163682, -0.0109121] [-0.164045, 0.984268, -0.0656179] [-3.76747e-08, 0.066519, 0.997785] [901.874, 4.35867, -75.5519]]
}

entity{
  _template:t="projector"
  projector__color:p3=0.12, 0.12, 0.12
  projector__angle:r=6.0
  projector__sourceWidth:r=1.0
  projector__zAngleAmplitude:r=27.0
  projector__period:r=22.0
  transform:m=[[0.987471, 0.157601, 0.00788023] [-0.157798, 0.986239, 0.049312] [-1.60271e-07, -0.0499377, 0.998752] [696.0, 4.24725, -992.0]]
}

entity{
  _template:t="projector"
  projector__color:p3=0.12, 0.12, 0.12
  projector__angle:r=6.0
  projector__sourceWidth:r=1.0
  projector__zAngleAmplitude:r=17.0
  projector__period:r=18.0
  transform:m=[[0.989228, -0.145985, -0.0108311] [0.146386, 0.986516, 0.0731931] [-4.23149e-08, -0.0739902, 0.997259] [1266.4, 3.808, -405.7]]
}

entity{
  _template:t="projector"
  projector__color:p3=0.12, 0.12, 0.12
  projector__angle:r=5.0
  projector__sourceWidth:r=1.0
  projector__zAngleAmplitude:r=27.0
  projector__period:r=28.0
  transform:m=[[0.990793, -0.135226, 0.00660699] [0.135387, 0.989612, -0.0483524] [1.35537e-07, 0.0488017, 0.998809] [-115.1, 5.47998, -1233.9]]
}

entity{
  _template:t="projector"
  projector__color:p3=0.12, 0.12, 0.12
  projector__angle:r=2.0
  projector__sourceWidth:r=1.0
  projector__zAngleAmplitude:r=27.0
  projector__period:r=18.0
  transform:m=[[0.983821, 0.177945, -0.0207603] [-0.179152, 0.977194, -0.114006] [4.28705e-08, 0.115881, 0.993263] [724.3, 2.0141, 1047.0]]
}

entity{
  _template:t="projector"
  projector__color:p3=0.12, 0.12, 0.12
  projector__angle:r=5.0
  projector__sourceWidth:r=1.0
  projector__zAngleAmplitude:r=18.0
  projector__period:r=14.0
  transform:m=[[0.990771, -0.134661, 0.0154529] [0.135545, 0.984311, -0.112954] [3.96059e-08, 0.114006, 0.99348] [44.0491, 2.31177, 833.972]]
}

entity{
  _template:t="projector"
  projector__color:p3=0.12, 0.12, 0.12
  projector__angle:r=6.0
  projector__sourceWidth:r=1.0
  projector__zAngleAmplitude:r=27.0
  projector__period:r=20.0
  transform:m=[[0.991501, 0.129907, -0.00707856] [-0.1301, 0.990032, -0.0539441] [2.65279e-07, 0.0544066, 0.998519] [539.8, 3.13173, 555.1]]
}

entity{
  _template:t="projector"
  projector__color:p3=0.12, 0.12, 0.12
  projector__angle:r=5.0
  projector__sourceWidth:r=1.0
  projector__zAngleAmplitude:r=18.0
  projector__period:r=14.0
  transform:m=[[0.990771, -0.134661, 0.0154529] [0.135545, 0.984311, -0.112954] [3.96059e-08, 0.114006, 0.99348] [-851.28, 6.30873, 2404.12]]
}

entity{
  _template:t="projector"
  projector__color:p3=0.12, 0.12, 0.12
  projector__angle:r=5.0
  projector__sourceWidth:r=1.0
  projector__zAngleAmplitude:r=27.0
  projector__period:r=28.0
  transform:m=[[0.990771, -0.134661, 0.0154529] [0.135545, 0.984311, -0.112954] [3.96059e-08, 0.114006, 0.99348] [-2096.4, 2.31177, 686.95]]
}

entity{
  _template:t="tracer_launcher"
  transform:m=[[1.0, 0.0, 0.0] [0.0, 1.0, 0.0] [0.0, 0.0, 1.0] [423.804, 2.97412, -977.571]]
  tracer_launcher__shoot_direction:p2=120.0, 50.0
  tracer_launcher__bullet_speed:r=500.0
  tracer_launcher__time_to_fire:r=1.1282
  tracer_launcher__long_cooldown_min_max:p2=0.5, 2.0
  tracer_launcher__long_cooldown_probability:r=0.2
  tracer_launcher__short_cooldown:r=0.1
}

entity{
  _template:t="tracer_launcher"
  transform:m=[[1.0, 0.0, 0.0] [0.0, 1.0, 0.0] [0.0, 0.0, 1.0] [424.635, 2.97412, 634.056]]
  tracer_launcher__bullet_speed:r=500.0
  tracer_launcher__time_to_fire:r=1.1282
  tracer_launcher__long_cooldown_min_max:p2=0.5, 2.0
  tracer_launcher__long_cooldown_probability:r=0.2
  tracer_launcher__short_cooldown:r=0.1
}

entity{
  _template:t="tracer_launcher"
  transform:m=[[1.0, 0.0, 0.0] [0.0, 1.0, 0.0] [0.0, 0.0, 1.0] [298.508, 2.97412, 881.639]]
  tracer_launcher__shoot_direction:p2=45.0, 0.0
  tracer_launcher__rotate_range:p2=30.0, 60.0
  tracer_launcher__bullet_speed:r=500.0
  tracer_launcher__time_to_fire:r=1.1282
  tracer_launcher__long_cooldown_min_max:p2=0.5, 2.0
  tracer_launcher__long_cooldown_probability:r=0.2
  tracer_launcher__short_cooldown:r=0.1
}

entity{
  _template:t="tracer_launcher"
  transform:m=[[1.0, 0.0, 0.0] [0.0, 1.0, 0.0] [0.0, 0.0, 1.0] [103.453, 2.97412, 1101.59]]
  tracer_launcher__shoot_direction:p2=180.0, 5.0
  tracer_launcher__rotate_range:p2=50.0, 120.0
  tracer_launcher__bullet_speed:r=500.0
  tracer_launcher__time_to_fire:r=1.1282
  tracer_launcher__long_cooldown_min_max:p2=0.5, 2.0
  tracer_launcher__long_cooldown_probability:r=0.2
  tracer_launcher__short_cooldown:r=0.1
}

entity{
  _template:t="tracer_launcher"
  transform:m=[[1.0, 0.0, 0.0] [0.0, 1.0, 0.0] [0.0, 0.0, 1.0] [1564.22, 2.97412, -112.722]]
  tracer_launcher__bullet_speed:r=500.0
  tracer_launcher__time_to_fire:r=1.1282
  tracer_launcher__long_cooldown_min_max:p2=0.5, 2.0
  tracer_launcher__long_cooldown_probability:r=0.2
  tracer_launcher__short_cooldown:r=0.1
}

entity{
  _template:t="tracer_launcher"
  transform:m=[[1.0, 0.0, 0.0] [0.0, 1.0, 0.0] [0.0, 0.0, 1.0] [1697.8, 2.97412, -317.409]]
  tracer_launcher__bullet_speed:r=500.0
  tracer_launcher__time_to_fire:r=1.1282
  tracer_launcher__long_cooldown_min_max:p2=0.5, 2.0
  tracer_launcher__long_cooldown_probability:r=0.2
  tracer_launcher__short_cooldown:r=0.1
}

entity{
  _template:t="tracer_launcher"
  transform:m=[[1.0, 0.0, 0.0] [0.0, 1.0, 0.0] [0.0, 0.0, 1.0] [570.875, 2.97412, -1024.4]]
  tracer_launcher__bullet_speed:r=500.0
  tracer_launcher__time_to_fire:r=1.1282
  tracer_launcher__long_cooldown_min_max:p2=0.5, 2.0
  tracer_launcher__long_cooldown_probability:r=0.2
  tracer_launcher__short_cooldown:r=0.1
  tracer_launcher__rotate_range:p2=10.0, 50.0
}

entity{
  _template:t="enemy_attack_marker"
}

entity{
  _template:t="static_cam"
  camera__active:b=yes
  transform:m=[[-0.652336, 0.0, 0.75793] [0.00834575, 0.999939, 0.00718302] [-0.757884, 0.0110112, -0.652296] [-170.771, 12.2799, 214.643]]
}

entity{
  _template:t="group_activator"

  "activator__activateChoice:object"{
    sector_1:r=1.0
  }
}

entity{
  _template:t="team_ussr_berlin+team_narrator_assault_attack+respawn_creators_team"
  team__memberCount:r=0.0
  team__scoreCap:r=2000.0
  team__score:r=2000.0
  team__squadSpawnCost:i=250
  team__firstSpawnCostMul:r=0.0
  team__zeroScoreFailTimer:r=60.0
  team__id:i=1
  team__briefing:t="invasion/attackers_goals"
  team__winSubtitle:t="debriefing/won_invasion_subtitle"
  team__loseSubtitle:t="debriefing/lost_invasion_subtitle"
  team__winTitle:t="debriefing/ussr_won_invasion"
  team__spawnBotArmy:t="moscow_allies"
}

entity{
  _template:t="team_germany_berlin+team_narrator_assault_defence+respawn_creators_team"
  team__countAdd:r=0.5
  team__memberCount:r=0.5
  team__scoreCap:r=3000.0
  team__capturePenalty:r=1001.0
  team__score:r=3000.0
  team__id:i=2
  team__haveScores:b=no
  team__briefing:t="invasion/defenders_goals"
  team__winSubtitle:t="debriefing/won_defence_subtitle"
  team__loseSubtitle:t="debriefing/lost_defence_subtitle"
  team__winTitle:t="debriefing/ger_won_defence"
  team__spawnBotArmy:t="moscow_axis"
}

entity{
  _template:t="defend_zone_chained_sphere+defend_zone_respawnbase"
  capzone__capRewardPartCap:r=1.7
  capzone__mustBeCapturedByTeam:i=1
  capzone__curTeamCapturingZone:i=-1
  groupName:t="sector_1"
  capzone__capTime:r=10.0
  capzone__capTeam:i=2
  capzone__progress:r=1.0
  transform:m=[[1.07722, 0.0, -0.0555184] [0.0, 1.01556, 0.0] [0.0419645, 0.0, 0.814246] [-439.249, 5.96825, 194.206]]
  active:b=no
  capzone__decapTime:r=10.0
  capzone__autoDecap:b=no
  capzone__autoCap:b=no
  capzone__owningTeam:i=2
  ui_order:i=1
  capzone__capReward:r=250.0
  capzone__title:t="A"
  capzone__caption:t="capzone/opera"
  sphere_zone__radius:r=11.0
  capzone__checkAllZonesInGroup:b=yes
  decal__thickness:r=0.3
  decal__height:r=0.2
  capzone__deactivateAfterTimeout:r=0.0
  capzone__spawnAtZoneTimeout:r=25.0
  capzone__createRespawnBaseForTeam:i=2

  "capzone__activateChoice:object"{
    sector_2:r=1.0
  }
}

entity{
  _template:t="defend_zone_chained_sphere+defend_zone_respawnbase"
  capzone__capRewardPartCap:r=1.7
  capzone__mustBeCapturedByTeam:i=1
  capzone__curTeamCapturingZone:i=-1
  groupName:t="sector_1"
  capzone__capTime:r=10.0
  capzone__capTeam:i=2
  capzone__progress:r=1.0
  transform:m=[[2.09189, 0.0, 0.0] [0.0, 2.0098, 0.0] [0.0, 0.0, 2.23718] [-305.618, 3.29863, 186.569]]
  active:b=no
  capzone__decapTime:r=10.0
  capzone__autoDecap:b=no
  capzone__autoCap:b=no
  capzone__owningTeam:i=2
  ui_order:i=2
  capzone__capReward:r=250.0
  capzone__title:t="B"
  capzone__caption:t="capzone/monument"
  sphere_zone__radius:r=11.0
  capzone__checkAllZonesInGroup:b=yes
  decal__thickness:r=0.3
  decal__height:r=0.2
  capzone__deactivateAfterTimeout:r=0.0
  capzone__spawnAtZoneTimeout:r=25.0
  capzone__createRespawnBaseForTeam:i=2

  "capzone__activateChoice:object"{
    sector_2:r=1.0
  }
}

entity{
  _template:t="defend_zone_chained_sphere+defend_zone_respawnbase"
  capzone__capRewardPartCap:r=1.7
  capzone__mustBeCapturedByTeam:i=1
  capzone__curTeamCapturingZone:i=-1
  groupName:t="sector_2"
  capzone__capTime:r=10.0
  capzone__capTeam:i=2
  capzone__progress:r=1.0
  transform:m=[[3.11465, 0.0, -0.406726] [0.0, 2.67924, 0.0] [0.350504, 0.0, 2.6841] [-209.325, 3.29863, 297.252]]
  active:b=no
  capzone__decapTime:r=10.0
  capzone__autoDecap:b=no
  capzone__autoCap:b=no
  capzone__owningTeam:i=2
  ui_order:i=1
  capzone__capReward:r=250.0
  capzone__title:t="C"
  capzone__caption:t="capzone/construction"
  sphere_zone__radius:r=11.0
  capzone__checkAllZonesInGroup:b=yes
  decal__thickness:r=0.3
  decal__height:r=0.2
  capzone__deactivateAfterTimeout:r=0.0
  capzone__spawnAtZoneTimeout:r=25.0
  capzone__createRespawnBaseForTeam:i=2

  "capzone__activateChoice:object"{
    sector_3:r=1.0
  }
}

entity{
  _template:t="defend_zone_chained_sphere+defend_zone_respawnbase"
  capzone__capRewardPartCap:r=1.7
  capzone__mustBeCapturedByTeam:i=1
  capzone__curTeamCapturingZone:i=-1
  groupName:t="sector_2"
  capzone__capTime:r=10.0
  capzone__capTeam:i=2
  capzone__progress:r=1.0
  transform:m=[[3.14109, 0.0, 0.0] [0.0, 2.67924, 0.0] [0.0, 0.0, 2.9782] [-73.7158, 3.29863, 275.922]]
  active:b=no
  capzone__decapTime:r=10.0
  capzone__autoDecap:b=no
  capzone__autoCap:b=no
  capzone__owningTeam:i=2
  ui_order:i=2
  capzone__capReward:r=250.0
  capzone__title:t="D"
  capzone__caption:t="capzone/bunker"
  sphere_zone__radius:r=11.0
  capzone__checkAllZonesInGroup:b=yes
  decal__thickness:r=0.3
  decal__height:r=0.2
  capzone__deactivateAfterTimeout:r=0.0
  capzone__spawnAtZoneTimeout:r=25.0
  capzone__createRespawnBaseForTeam:i=2

  "capzone__activateChoice:object"{
    sector_3:r=1.0
  }
}

entity{
  _template:t="defend_zone_chained_box+defend_zone_respawnbase+capzone_projdecal"
  capzone__capRewardPartCap:r=1.7
  capzone__mustBeCapturedByTeam:i=1
  capzone__curTeamCapturingZone:i=-1
  groupName:t="sector_3"
  capzone__capTime:r=10.0
  capzone__capTeam:i=2
  capzone__progress:r=1.0
  transform:m=[[25.0732, 0.0, 0.0] [0.0, 9.59467, 0.0] [0.0, 0.0, 35.2942] [0.844471, 8.21819, 176.036]]
  active:b=no
  capzone__decapTime:r=10.0
  capzone__autoDecap:b=no
  capzone__autoCap:b=no
  capzone__owningTeam:i=2
  ui_order:i=1
  capzone__capReward:r=250.0
  capzone__title:t="E"
  capzone__caption:t="capzone/reichstag_square"
  capzone__checkAllZonesInGroup:b=yes
  decal__height:r=0.3
  decal__thickness:r=0.3
  capzone__deactivateAfterTimeout:r=0.0
  capzone__spawnAtZoneTimeout:r=25.0
  capzone__createRespawnBaseForTeam:i=2
}

entity{
  _template:t="respawnChooser+respTeam1"
  transform:m=[[0.611708, 0.0, -0.791083] [0.0, 1.0, 0.0] [0.791083, 0.0, 0.611708] [-314.62, 3.5795, 368.109]]
  groupName:t="sector_1"
  active:b=yes
  team:i=1
}

entity{
  _template:t="respawnChooser+respVehicle"
  transform:m=[[-0.103772, 0.0, -0.994601] [0.0, 1.0, 0.0] [0.994601, 0.0, -0.103772] [-369.526, 3.73191, 343.985]]
  groupName:t="sector_1"
  respawnBaseGroup:i=1
  team:i=1
  respTime:i=150
  maxVehicleOnSpawn:i=2
}

entity{
  _template:t="respawnChooser+respTeam1"
  transform:m=[[0.370123, 0.0, -0.928982] [0.0, 1.0, 0.0] [0.928982, 0.0, 0.370123] [-453.751, 4.49688, 342.092]]
  groupName:t="sector_1"
  respawnBaseGroup:i=2
}

entity{
  _template:t="respawnChooser+respTeam1"
  transform:m=[[-0.851371, 0.0, -0.524564] [0.0, 1.0, 0.0] [0.524564, 0.0, -0.851371] [-444.544, 4.32, 341.545]]
  groupName:t="sector_1"
  respawnBaseGroup:i=2
}

entity{
  _template:t="respawnChooser+respTeam1"
  transform:m=[[-0.640497, 0.0, -0.767962] [0.0, 1.0, 0.0] [0.767962, 0.0, -0.640497] [-308.994, 3.29961, 367.828]]
  groupName:t="sector_1"
}

entity{
  _template:t="respawnChooser+respTeam2"
  transform:m=[[-0.771893, 0.0, 0.635752] [0.0, 1.0, 0.0] [-0.635752, 0.0, -0.771893] [-459.053, 3.29863, 62.4182]]
  active:b=yes
  groupName:t="sector_1"
  respawnBaseGroup:i=1
}

entity{
  _template:t="respawnChooser+respTeam2"
  transform:m=[[0.980043, 0.0, 0.198787] [0.0, 1.0, 0.0] [-0.198787, 0.0, 0.980043] [-394.271, 3.29961, 67.6457]]
  groupName:t="sector_1"
}

entity{
  _template:t="respawnChooser+respTeam2"
  transform:m=[[0.501905, 0.0, -0.864922] [0.0, 1.0, 0.0] [0.864922, 0.0, 0.501905] [-509.191, 3.29864, 208.103]]
  groupName:t="sector_1"
  respawnBaseGroup:i=2
}

entity{
  _template:t="respawnChooser+respTeam2"
  transform:m=[[-0.181719, 0.0, 0.98335] [0.0, 1.0, 0.0] [-0.98335, 0.0, -0.181719] [-521.461, 5.47446, 190.371]]
  groupName:t="sector_1"
  respawnBaseGroup:i=2
}

entity{
  _template:t="respawnChooser+respVehicle"
  transform:m=[[-0.295977, 0.0, 0.955195] [0.0, 1.0, 0.0] [-0.955195, 0.0, -0.295977] [-359.001, 3.2996, 50.9061]]
  groupName:t="sector_1"
  respawnBaseGroup:i=1
  team:i=2
}

entity{
  _template:t="respawnChooser+respTeam1"
  transform:m=[[0.337117, 0.0, -0.941463] [0.0, 1.0, 0.0] [0.941463, 0.0, 0.337117] [-354.892, 3.13276, 213.741]]
  groupName:t="sector_2"
  active:b=no
}

entity{
  _template:t="respawnChooser+respTeam1"
  transform:m=[[0.0723118, 0.0, 0.997382] [0.0, 1.0, 0.0] [-0.997382, 0.0, 0.0723118] [-354.36, 3.07643, 226.426]]
  groupName:t="sector_2"
  active:b=no
}

entity{
  _template:t="respawnChooser+respTeam1"
  transform:m=[[0.388924, 0.0, -0.92127] [0.0, 1.0, 0.0] [0.92127, 0.0, 0.388924] [-358.638, 3.09205, 289.386]]
  active:b=no
  groupName:t="sector_2"
  respawnBaseGroup:i=2
}

entity{
  _template:t="respawnChooser+respTeam1"
  transform:m=[[0.17175, 0.0, 0.985141] [0.0, 1.0, 0.0] [-0.985141, 0.0, 0.17175] [-357.798, 4.19696, 306.138]]
  active:b=no
  groupName:t="sector_2"
  respawnBaseGroup:i=2
}

entity{
  _template:t="respawnChooser+respVehicle"
  transform:m=[[0.950795, 0.0, 0.30982] [0.0, 1.0, 0.0] [-0.30982, 0.0, 0.950795] [-316.514, 4.20163, 81.366]]
  team:i=1
  groupName:t="sector_2"
  active:b=no
}

entity{
  _template:t="respawnChooser+respVehicle"
  transform:m=[[-0.594146, 0.0, -0.804358] [0.0, 1.0, 0.0] [0.804358, 0.0, -0.594146] [-31.8035, 4.15371, 442.882]]
  active:b=no
  groupName:t="sector_2"
  team:i=2
}

entity{
  _template:t="respawnChooser+respTeam2"
  transform:m=[[0.302555, 0.0, -0.953132] [0.0, 1.0, 0.0] [0.953132, 0.0, 0.302555] [-271.465, 6.23872, 387.355]]
  active:b=no
  groupName:t="sector_2"
}

entity{
  _template:t="respawnChooser+respTeam2"
  transform:m=[[0.99884, 0.0, -0.0481649] [0.0, 1.0, 0.0] [0.0481649, 0.0, 0.99884] [-276.343, 3.42017, 373.487]]
  active:b=no
  groupName:t="sector_2"
  respawnBaseGroup:i=1
}

entity{
  _template:t="respawnChooser+respTeam2"
  transform:m=[[-0.253019, 0.0, -0.967461] [0.0, 1.0, 0.0] [0.967461, 0.0, -0.253019] [-36.0799, 3.29863, 355.386]]
  active:b=no
  groupName:t="sector_2"
  respawnBaseGroup:i=2
}

entity{
  _template:t="respawnChooser+respTeam2"
  transform:m=[[0.432187, 0.0, -0.901784] [0.0, 1.0, 0.0] [0.901784, 0.0, 0.432187] [-17.6652, 3.29864, 390.983]]
  active:b=no
  groupName:t="sector_2"
  respawnBaseGroup:i=2
}

entity{
  _template:t="respawnChooser+respTeam1"
  transform:m=[[-0.308096, 0.0, 0.951356] [0.0, 1.0, 0.0] [-0.951356, 0.0, -0.308096] [-230.51, 3.29961, 280.995]]
  groupName:t="sector_3"
  active:b=no
}

entity{
  _template:t="respawnChooser+respTeam1"
  transform:m=[[0.389913, 0.0, -0.920851] [0.0, 1.0, 0.0] [0.920851, 0.0, 0.389913] [-231.494, 3.97851, 298.905]]
  active:b=no
  groupName:t="sector_3"
}

entity{
  _template:t="respawnChooser+respTeam2"
  transform:m=[[-0.193007, 0.0, 0.981198] [0.0, 1.0, 0.0] [-0.981198, 0.0, -0.193007] [-165.296, 3.29918, 188.82]]
  active:b=no
  groupName:t="sector_3"
  team:i=1
  respawnBaseGroup:i=2
}

entity{
  _template:t="respawnChooser+respTeam2"
  transform:m=[[0.369741, 0.0, -0.929134] [0.0, 1.0, 0.0] [0.929134, 0.0, 0.369741] [-176.097, 3.2962, 192.931]]
  groupName:t="sector_3"
  active:b=no
  team:i=1
  respawnBaseGroup:i=2
}

entity{
  _template:t="respawnChooser+respVehicle"
  transform:m=[[0.995065, 0.0, 0.0992228] [0.0, 1.0, 0.0] [-0.0992228, 0.0, 0.995065] [-174.801, 3.29863, 278.107]]
  active:b=no
  groupName:t="sector_3"
  team:i=1
}

entity{
  _template:t="respawnChooser+respTeam2"
  transform:m=[[-0.655244, 0.0, -0.755417] [0.0, 1.0, 0.0] [0.755417, 0.0, -0.655244] [107.389, 3.29863, 110.215]]
  active:b=no
  groupName:t="sector_3"
}

entity{
  _template:t="respawnChooser+respTeam2"
  transform:m=[[-0.266084, 0.0, -0.96395] [0.0, 1.0, 0.0] [0.96395, 0.0, -0.266084] [77.4964, 2.80905, 139.618]]
  active:b=no
  groupName:t="sector_3"
}

entity{
  _template:t="respawnChooser+respTeam2"
  transform:m=[[-0.691699, 0.0, 0.722186] [0.0, 1.0, 0.0] [-0.722186, 0.0, -0.691699] [118.247, 3.29717, 266.273]]
  active:b=no
  groupName:t="sector_3"
  respawnBaseGroup:i=2
}

entity{
  _template:t="respawnChooser+respTeam2"
  transform:m=[[0.0918131, 0.0, -0.995776] [0.0, 1.0, 0.0] [0.995776, 0.0, 0.0918131] [76.567, 3.29024, 262.027]]
  groupName:t="sector_3"
  active:b=no
  respawnBaseGroup:i=2
}

entity{
  _template:t="respawnChooser+respVehicle"
  transform:m=[[-0.999866, 0.0, -0.016372] [0.0, 1.0, 0.0] [0.016372, 0.0, -0.999866] [158.912, 3.29863, 267.091]]
  active:b=no
  groupName:t="sector_3"
  team:i=1
}

entity{
  _template:t="aircraft_box_battle_area"
  transform:m=[[25814.7, 0.0, 112.793] [0.0, 8000.36, 0.0] [-111.84, 0.0, 25814.3] [-134.103, 240.916, 428.499]]
  battle_area__timeToDamage:r=30.0
  battle_area__damage:r=1.0
  battle_area__team:i=-1
}

entity{
  _template:t="respAircraftInAir"
  respawnbaseType:t="aircraft_fighter"
  transform:m=[[-0.677979, 0.0, -0.735082] [0.0, 1.0, 0.0] [0.735082, 0.0, -0.677979] [748.853, 1000.0, 1772.35]]
  team:i=1
  maxVehicleOnSpawn:i=1
  respTime:i=120
}

entity{
  _template:t="respAircraftInAir"
  respawnbaseType:t="aircraft_assault"
  transform:m=[[0.420099, 0.0, -0.907479] [0.0, 1.0, 0.0] [0.907479, 0.0, 0.420099] [-611.766, 800.0, 1492.41]]
  team:i=1
  maxVehicleOnSpawn:i=1
  respTime:i=120
}

entity{
  _template:t="respAircraftInAir"
  respawnbaseType:t="aircraft_fighter"
  transform:m=[[-0.677979, 0.0, -0.735082] [0.0, 1.0, 0.0] [0.735082, 0.0, -0.677979] [1203.08, 1000.0, 1561.28]]
  team:i=1
  maxVehicleOnSpawn:i=1
  respTime:i=120
}

entity{
  _template:t="respAircraftInAir"
  respawnbaseType:t="aircraft_assault"
  transform:m=[[-0.975077, 0.0, -0.221869] [0.0, 1.0, 0.0] [0.221869, 0.0, -0.975077] [1412.19, 800.0, 1180.22]]
  team:i=1
  maxVehicleOnSpawn:i=1
  respTime:i=120
}

entity{
  _template:t="respAircraftInAir"
  respawnbaseType:t="aircraft_fighter"
  transform:m=[[0.647616, 0.0, 0.761966] [0.0, 1.0, 0.0] [-0.761966, 0.0, 0.647616] [-1040.13, 1000.0, -562.901]]
  team:i=2
  maxVehicleOnSpawn:i=1
  respTime:i=120
}

entity{
  _template:t="respAircraftInAir"
  respawnbaseType:t="aircraft_assault"
  transform:m=[[0.292061, 0.0, 0.956399] [0.0, 1.0, 0.0] [-0.956399, 0.0, 0.292061] [-920.97, 800.0, -916.317]]
  team:i=2
  maxVehicleOnSpawn:i=1
  respTime:i=120
}

entity{
  _template:t="respAircraftInAir"
  respawnbaseType:t="aircraft_fighter"
  transform:m=[[-0.358086, 0.0, 0.933688] [0.0, 1.0, 0.0] [-0.933688, 0.0, -0.358086] [-122.435, 1000.0, -1045.46]]
  team:i=2
  maxVehicleOnSpawn:i=1
  respTime:i=120
}

entity{
  _template:t="respAircraftInAir"
  respawnbaseType:t="aircraft_assault"
  transform:m=[[0.628742, 0.0, 0.777613] [0.0, 1.0, 0.0] [-0.777613, 0.0, 0.628742] [-1379.51, 800.0, -603.821]]
  team:i=2
  maxVehicleOnSpawn:i=1
  respTime:i=120
}

entity{
  _template:t="poly_battle_area"
  transform:m=[[1.0, 0.0, 0.0] [0.0, 1.0, 0.0] [0.0, 0.0, 1.0] [-291.104, 3.29863, 276.27]]
  battleAreaId:t="1_area1"
  groupName:t="sector_1"
  battle_area__team:i=1
  battle_area__timeToDamage:r=5.0
  battle_area__damage:r=3.0
}

entity{
  _template:t="battle_area_polygon_point"
  transform:m=[[1.0, 0.0, 0.0] [0.0, 1.0, 0.0] [0.0, 0.0, 1.0] [-246.358, 3.30368, 126.31]]
  battle_area_polygon_point__forBattleAreaId:t="1_area1"
  battle_area_polygon_point__id:t="point1"
  battle_area_polygon_point__nextId:t="point2"
}

entity{
  _template:t="battle_area_polygon_point"
  transform:m=[[1.0, 0.0, 0.0] [0.0, 1.0, 0.0] [0.0, 0.0, 1.0] [-242.601, 3.30519, 384.581]]
  battle_area_polygon_point__forBattleAreaId:t="1_area1"
  battle_area_polygon_point__id:t="point2"
  battle_area_polygon_point__nextId:t="point3"
}

entity{
  _template:t="battle_area_polygon_point"
  transform:m=[[1.0, 0.0, 0.0] [0.0, 1.0, 0.0] [0.0, 0.0, 1.0] [-378.925, 3.29864, 389.811]]
  battle_area_polygon_point__forBattleAreaId:t="1_area1"
  battle_area_polygon_point__id:t="point3"
  battle_area_polygon_point__nextId:t="point4"
}

entity{
  _template:t="battle_area_polygon_point"
  transform:m=[[1.0, 0.0, 0.0] [0.0, 1.0, 0.0] [0.0, 0.0, 1.0] [-474.707, 3.29862, 351.022]]
  battle_area_polygon_point__forBattleAreaId:t="1_area1"
  battle_area_polygon_point__id:t="point4"
  battle_area_polygon_point__nextId:t="point5"
}

entity{
  _template:t="battle_area_polygon_point"
  transform:m=[[1.0, 0.0, 0.0] [0.0, 1.0, 0.0] [0.0, 0.0, 1.0] [-513.264, 3.29862, 110.702]]
  battle_area_polygon_point__forBattleAreaId:t="1_area1"
  battle_area_polygon_point__id:t="point5"
  battle_area_polygon_point__nextId:t="point1"
}

entity{
  _template:t="poly_battle_area"
  transform:m=[[1.0, 0.0, 0.0] [0.0, 1.0, 0.0] [0.0, 0.0, 1.0] [-366.073, 3.29864, 224.025]]
  battleAreaId:t="1_area2"
  battle_area__team:i=2
  groupName:t="sector_1"
  battle_area__timeToDamage:r=5.0
  battle_area__damage:r=3.0
}

entity{
  _template:t="battle_area_polygon_point"
  transform:m=[[1.0, 0.0, 0.0] [0.0, 1.0, 0.0] [0.0, 0.0, 1.0] [-582.586, 3.29913, -71.4088]]
  battle_area_polygon_point__forBattleAreaId:t="1_area2"
  battle_area_polygon_point__id:t="point1"
  battle_area_polygon_point__nextId:t="point2"
}

entity{
  _template:t="battle_area_polygon_point"
  transform:m=[[1.0, 0.0, 0.0] [0.0, 1.0, 0.0] [0.0, 0.0, 1.0] [-246.549, 3.29862, -69.9061]]
  battle_area_polygon_point__forBattleAreaId:t="1_area2"
  battle_area_polygon_point__id:t="point2"
  battle_area_polygon_point__nextId:t="point3"
}

entity{
  _template:t="battle_area_polygon_point"
  transform:m=[[1.0, 0.0, 0.0] [0.0, 1.0, 0.0] [0.0, 0.0, 1.0] [-243.008, 3.29862, 242.153]]
  battle_area_polygon_point__forBattleAreaId:t="1_area2"
  battle_area_polygon_point__id:t="point3"
  battle_area_polygon_point__nextId:t="point4"
}

entity{
  _template:t="battle_area_polygon_point"
  transform:m=[[1.0, 0.0, 0.0] [0.0, 1.0, 0.0] [0.0, 0.0, 1.0] [-521.521, 3.29865, 233.983]]
  battle_area_polygon_point__forBattleAreaId:t="1_area2"
  battle_area_polygon_point__id:t="point4"
  battle_area_polygon_point__nextId:t="point1"
}

entity{
  _template:t="box_battle_area"
  transform:m=[[425.986, 0.0, 0.0] [0.0, 86.7574, 0.0] [0.0, 0.0, 335.246] [-244.105, 3.46813, 168.774]]
  groupName:t="sector_2"
  active:b=no
  battle_area__team:i=1
  battle_area__timeToDamage:r=5.0
  battle_area__damage:r=3.0
}

entity{
  _template:t="box_battle_area"
  transform:m=[[285.308, 0.0, 0.0] [0.0, 55.0809, 0.0] [0.0, 0.0, 321.493] [-143.666, 3.29959, 327.437]]
  groupName:t="sector_2"
  active:b=no
  battle_area__team:i=2
  battle_area__timeToDamage:r=5.0
  battle_area__damage:r=3.0
}

entity{
  _template:t="box_battle_area"
  transform:m=[[280.76, 0.0, 0.0] [0.0, 84.128, 0.0] [0.0, 0.0, 262.414] [70.5561, 3.29863, 184.266]]
  active:b=no
  groupName:t="sector_3"
  battle_area__team:i=2
  battle_area__timeToDamage:r=5.0
  battle_area__damage:r=3.0
}

entity{
  _template:t="box_battle_area"
  transform:m=[[325.063, 0.0, 0.0] [0.0, 141.315, 0.0] [0.0, 0.0, 370.667] [-117.704, 3.2996, 176.226]]
  active:b=no
  battle_area__team:i=1
  groupName:t="sector_3"
  battle_area__timeToDamage:r=5.0
  battle_area__damage:r=3.0
}

entity{
  _template:t="resupply_in_air_zone"
  transform:m=[[-0.157002, 0.0, -0.987599] [0.0, 1.0, 0.0] [0.987599, 0.0, -0.157002] [-1903.01, 702.031, 1724.08]]
  resupply_zone__team:i=1
  sphere_zone__radius:r=500.0
}

entity{
  _template:t="resupply_in_air_zone"
  transform:m=[[-0.157002, 0.0, -0.987599] [0.0, 1.0, 0.0] [0.987599, 0.0, -0.157002] [1339.45, 708.018, -537.455]]
  resupply_zone__team:i=2
  sphere_zone__radius:r=500.0
}

entity{
  _template:t="resupply_for_ground_vehicle_zone"
  transform:m=[[1.0, 0.0, 0.0] [0.0, 1.0, 0.0] [0.0, 0.0, 1.0] [-355.575, 8.04599, -50.8392]]
  sphere_zone__radius:r=5.0
  resupply_zone__team:i=2
  zone__caption:t="1"
}

entity{
  _template:t="resupply_for_ground_vehicle_zone"
  transform:m=[[1.0, 0.0, 0.0] [0.0, 1.0, 0.0] [0.0, 0.0, 1.0] [-310.895, 3.83325, 372.884]]
  sphere_zone__radius:r=5.0
  resupply_zone__team:i=1
  zone__caption:t="1"
}

entity{
  _template:t="resupply_for_ground_vehicle_zone"
  transform:m=[[1.0, 0.0, 0.0] [0.0, 1.0, 0.0] [0.0, 0.0, 1.0] [-340.94, 4.32578, 182.593]]
  active:b=no
  resupply_zone__team:i=1
  sphere_zone__radius:r=5.0
  zone__caption:t="2"
}

entity{
  _template:t="resupply_for_ground_vehicle_zone"
  transform:m=[[1.0, 0.0, 0.0] [0.0, 1.0, 0.0] [0.0, 0.0, 1.0] [-151.072, 3.60681, 464.109]]
  sphere_zone__radius:r=5.0
  resupply_zone__team:i=2
  active:b=no
  zone__caption:t="2"
}

entity{
  _template:t="resupply_for_ground_vehicle_zone"
  transform:m=[[1.0, 0.0, 0.0] [0.0, 1.0, 0.0] [0.0, 0.0, 1.0] [-92.7521, 4.85476, 219.469]]
  active:b=no
  sphere_zone__radius:r=5.0
  zone__caption:t="3"
  resupply_zone__team:i=1
}

entity{
  _template:t="resupply_for_ground_vehicle_zone"
  transform:m=[[1.0, 0.0, 0.0] [0.0, 1.0, 0.0] [0.0, 0.0, 1.0] [65.679, 3.41286, 129.431]]
  active:b=no
  sphere_zone__radius:r=5.0
  resupply_zone__team:i=2
  zone__caption:t="3"
}

entity{
  _template:t="respawn_camera"
  respawnCameraForTeam:i=1
  moveCameraToHeight:r=500.0
  transform:m=[[1.0, 0.0, 0.0] [0.0, 1.0, 0.0] [0.0, 0.0, 1.0] [-411.332, 493.799, 401.353]]
}

entity{
  _template:t="respawn_camera"
  respawnCameraForTeam:i=2
  moveCameraToHeight:r=500.0
  transform:m=[[1.0, 0.0, 0.0] [0.0, 1.0, 0.0] [0.0, 0.0, 1.0] [226.637, 496.112, 220.429]]
}

entity{
  _template:t="respawnChooser+respMotorcycle"
