import{
  scene:t="content/enlisted/gamedata/scenes/_berlin_bridge_sounds.blk"
}

entity{
  _template:t="battle_area_polygon_point"
  transform:m=[[1.0, 0.0, 0.0] [0.0, 1.0, 0.0] [0.0, 0.0, 1.0] [769.778, 6.87518, 178.045]]
  battle_area_polygon_point__id:t="point1"
  battle_area_polygon_point__nextId:t="point2"
  battle_area_polygon_point__forBattleAreaId:t="area2_2"
}

entity{
  _template:t="battle_area_polygon_point"
  transform:m=[[1.0, 0.0, 0.0] [0.0, 1.0, 0.0] [0.0, 0.0, 1.0] [772.63, 6.87518, 461.583]]
  battle_area_polygon_point__id:t="point2"
  battle_area_polygon_point__nextId:t="point3"
  battle_area_polygon_point__forBattleAreaId:t="area2_2"
}

entity{
  _template:t="battle_area_polygon_point"
  transform:m=[[1.0, 0.0, 0.0] [0.0, 1.0, 0.0] [0.0, 0.0, 1.0] [503.117, 6.87509, 460.667]]
  battle_area_polygon_point__id:t="point3"
  battle_area_polygon_point__nextId:t="point4"
  battle_area_polygon_point__forBattleAreaId:t="area2_2"
}

entity{
  _template:t="battle_area_polygon_point"
  transform:m=[[1.0, 0.0, 0.0] [0.0, 1.0, 0.0] [0.0, 0.0, 1.0] [434.882, 6.87524, 389.894]]
  battle_area_polygon_point__id:t="point4"
  battle_area_polygon_point__nextId:t="point5"
  battle_area_polygon_point__forBattleAreaId:t="area2_2"
}

entity{
  _template:t="battle_area_polygon_point"
  transform:m=[[1.0, 0.0, 0.0] [0.0, 1.0, 0.0] [0.0, 0.0, 1.0] [435.196, 6.87512, 264.383]]
  battle_area_polygon_point__id:t="point5"
  battle_area_polygon_point__nextId:t="point6"
  battle_area_polygon_point__forBattleAreaId:t="area2_2"
}

entity{
  _template:t="battle_area_polygon_point"
  transform:m=[[1.0, 0.0, 0.0] [0.0, 1.0, 0.0] [0.0, 0.0, 1.0] [483.387, 6.87518, 179.193]]
  battle_area_polygon_point__id:t="point6"
  battle_area_polygon_point__nextId:t="point1"
  battle_area_polygon_point__forBattleAreaId:t="area2_2"
}

entity{
  _template:t="battle_area_polygon_point"
  transform:m=[[1.0, 0.0, 0.0] [0.0, 1.0, 0.0] [0.0, 0.0, 1.0] [252.875, 7.91827, 466.236]]
  battle_area_polygon_point__forBattleAreaId:t="area1_3"
  battle_area_polygon_point__id:t="point1"
  battle_area_polygon_point__nextId:t="point2"
}

entity{
  _template:t="battle_area_polygon_point"
  transform:m=[[1.0, 0.0, 0.0] [0.0, 1.0, 0.0] [0.0, 0.0, 1.0] [-122.981, 7.91827, 535.953]]
  battle_area_polygon_point__forBattleAreaId:t="area1_3"
  battle_area_polygon_point__id:t="point2"
  battle_area_polygon_point__nextId:t="point3"
}

entity{
  _template:t="battle_area_polygon_point"
  transform:m=[[1.0, 0.0, 0.0] [0.0, 1.0, 0.0] [0.0, 0.0, 1.0] [-122.981, 7.91827, 95.3499]]
  battle_area_polygon_point__forBattleAreaId:t="area1_3"
  battle_area_polygon_point__id:t="point3"
  battle_area_polygon_point__nextId:t="point4"
}

entity{
  _template:t="battle_area_polygon_point"
  transform:m=[[1.0, 0.0, 0.0] [0.0, 1.0, 0.0] [0.0, 0.0, 1.0] [246.983, 7.91827, 187.035]]
  battle_area_polygon_point__forBattleAreaId:t="area1_3"
  battle_area_polygon_point__id:t="point4"
  battle_area_polygon_point__nextId:t="point5"
}

entity{
  _template:t="battle_area_polygon_point"
  transform:m=[[1.0, 0.0, 0.0] [0.0, 1.0, 0.0] [0.0, 0.0, 1.0] [227.329, 6.18105, 360.44]]
  battle_area_polygon_point__forBattleAreaId:t="area2_3"
  battle_area_polygon_point__id:t="point1"
  battle_area_polygon_point__nextId:t="point2"
}

entity{
  _template:t="battle_area_polygon_point"
  transform:m=[[1.0, 0.0, 0.0] [0.0, 1.0, 0.0] [0.0, 0.0, 1.0] [228.858, 6.18105, 258.162]]
  battle_area_polygon_point__forBattleAreaId:t="area2_3"
  battle_area_polygon_point__id:t="point2"
  battle_area_polygon_point__nextId:t="point3"
}

entity{
  _template:t="battle_area_polygon_point"
  transform:m=[[1.0, 0.0, 0.0] [0.0, 1.0, 0.0] [0.0, 0.0, 1.0] [376.551, 6.18105, 167.625]]
  battle_area_polygon_point__forBattleAreaId:t="area2_3"
  battle_area_polygon_point__id:t="point3"
  battle_area_polygon_point__nextId:t="point4"
}

entity{
  _template:t="battle_area_polygon_point"
  transform:m=[[1.0, 0.0, 0.0] [0.0, 1.0, 0.0] [0.0, 0.0, 1.0] [617.646, 6.18105, 161.544]]
  battle_area_polygon_point__forBattleAreaId:t="area2_3"
  battle_area_polygon_point__id:t="point4"
  battle_area_polygon_point__nextId:t="point5"
}

entity{
  _template:t="battle_area_polygon_point"
  transform:m=[[1.0, 0.0, 0.0] [0.0, 1.0, 0.0] [0.0, 0.0, 1.0] [470.786, -3.96058, 180.303]]
  battle_area_polygon_point__forBattleAreaId:t="area1_3b"
  battle_area_polygon_point__id:t="point1"
  battle_area_polygon_point__nextId:t="point2"
}

entity{
  _template:t="battle_area_polygon_point"
  transform:m=[[1.0, 0.0, 0.0] [0.0, 1.0, 0.0] [0.0, 0.0, 1.0] [519.703, -2.38175, 377.934]]
  battle_area_polygon_point__forBattleAreaId:t="area1_2"
  battle_area_polygon_point__id:t="point1"
  battle_area_polygon_point__nextId:t="point2"
}

entity{
  _template:t="battle_area_polygon_point"
  transform:m=[[1.0, 0.0, 0.0] [0.0, 1.0, 0.0] [0.0, 0.0, 1.0] [445.952, -2.38175, 449.021]]
  battle_area_polygon_point__forBattleAreaId:t="area1_2"
  battle_area_polygon_point__id:t="point2"
  battle_area_polygon_point__nextId:t="point3"
}

entity{
  _template:t="battle_area_polygon_point"
  transform:m=[[1.0, 0.0, 0.0] [0.0, 1.0, 0.0] [0.0, 0.0, 1.0] [70.2453, -2.38175, 449.021]]
  battle_area_polygon_point__forBattleAreaId:t="area1_2"
  battle_area_polygon_point__id:t="point3"
  battle_area_polygon_point__nextId:t="point4"
}

entity{
  _template:t="battle_area_polygon_point"
  transform:m=[[1.0, 0.0, 0.0] [0.0, 1.0, 0.0] [0.0, 0.0, 1.0] [70.2453, -2.38175, 196.4]]
  battle_area_polygon_point__forBattleAreaId:t="area1_2"
  battle_area_polygon_point__id:t="point4"
  battle_area_polygon_point__nextId:t="point5"
}

entity{
  _template:t="battle_area_polygon_point"
  transform:m=[[1.0, 0.0, 0.0] [0.0, 1.0, 0.0] [0.0, 0.0, 1.0] [493.33, -3.96058, 254.337]]
  battle_area_polygon_point__forBattleAreaId:t="area1_3b"
  battle_area_polygon_point__id:t="point2"
  battle_area_polygon_point__nextId:t="point3"
}

entity{
  _template:t="battle_area_polygon_point"
  transform:m=[[1.0, 0.0, 0.0] [0.0, 1.0, 0.0] [0.0, 0.0, 1.0] [495.916, -3.96058, 287.813]]
  battle_area_polygon_point__forBattleAreaId:t="area1_3b"
  battle_area_polygon_point__id:t="point3"
  battle_area_polygon_point__nextId:t="point4"
}

entity{
  _template:t="battle_area_polygon_point"
  transform:m=[[1.0, 0.0, 0.0] [0.0, 1.0, 0.0] [0.0, 0.0, 1.0] [496.284, -3.96058, 350.296]]
  battle_area_polygon_point__forBattleAreaId:t="area1_3b"
  battle_area_polygon_point__id:t="point4"
  battle_area_polygon_point__nextId:t="point5"
}

entity{
  _template:t="battle_area_polygon_point"
  transform:m=[[1.0, 0.0, 0.0] [0.0, 1.0, 0.0] [0.0, 0.0, 1.0] [465.284, -3.96058, 463.931]]
  battle_area_polygon_point__forBattleAreaId:t="area1_3b"
  battle_area_polygon_point__id:t="point5"
  battle_area_polygon_point__nextId:t="point6"
}

entity{
  _template:t="battle_area_polygon_point"
  transform:m=[[1.0, 0.0, 0.0] [0.0, 1.0, 0.0] [0.0, 0.0, 1.0] [251.634, -3.96058, 463.564]]
  battle_area_polygon_point__forBattleAreaId:t="area1_3b"
  battle_area_polygon_point__id:t="point6"
  battle_area_polygon_point__nextId:t="point7"
}

entity{
  _template:t="battle_area_polygon_point"
  transform:m=[[1.0, 0.0, 0.0] [0.0, 1.0, 0.0] [0.0, 0.0, 1.0] [68.2988, -3.96058, 459.276]]
  battle_area_polygon_point__forBattleAreaId:t="area1_3b"
  battle_area_polygon_point__id:t="point7"
  battle_area_polygon_point__nextId:t="point8"
}

entity{
  _template:t="battle_area_polygon_point"
  transform:m=[[1.0, 0.0, 0.0] [0.0, 1.0, 0.0] [0.0, 0.0, 1.0] [62.4344, -3.96058, 126.803]]
  battle_area_polygon_point__forBattleAreaId:t="area1_3b"
  battle_area_polygon_point__id:t="point8"
  battle_area_polygon_point__nextId:t="point1"
}

entity{
  _template:t="battle_area_polygon_point"
  transform:m=[[1.0, 0.0, 0.0] [0.0, 1.0, 0.0] [0.0, 0.0, 1.0] [570.19, 2.86397, 182.807]]
  battle_area_polygon_point__forBattleAreaId:t="area1_1"
  battle_area_polygon_point__id:t="point1"
  battle_area_polygon_point__nextId:t="point2"
}

entity{
  _template:t="battle_area_polygon_point"
  transform:m=[[1.0, 0.0, 0.0] [0.0, 1.0, 0.0] [0.0, 0.0, 1.0] [631.934, 2.86397, 245.348]]
  battle_area_polygon_point__forBattleAreaId:t="area1_1"
  battle_area_polygon_point__id:t="point2"
  battle_area_polygon_point__nextId:t="point3"
}

entity{
  _template:t="battle_area_polygon_point"
  transform:m=[[1.0, 0.0, 0.0] [0.0, 1.0, 0.0] [0.0, 0.0, 1.0] [633.64, 2.86397, 310.978]]
  battle_area_polygon_point__forBattleAreaId:t="area1_1"
  battle_area_polygon_point__id:t="point3"
  battle_area_polygon_point__nextId:t="point4"
}

entity{
  _template:t="battle_area_polygon_point"
  transform:m=[[1.0, 0.0, 0.0] [0.0, 1.0, 0.0] [0.0, 0.0, 1.0] [635.669, 2.86397, 405.738]]
  battle_area_polygon_point__forBattleAreaId:t="area1_1"
  battle_area_polygon_point__id:t="point4"
  battle_area_polygon_point__nextId:t="point5"
}

entity{
  _template:t="battle_area_polygon_point"
  transform:m=[[1.0, 0.0, 0.0] [0.0, 1.0, 0.0] [0.0, 0.0, 1.0] [580.174, 2.86397, 453.815]]
  battle_area_polygon_point__forBattleAreaId:t="area1_1"
  battle_area_polygon_point__id:t="point5"
  battle_area_polygon_point__nextId:t="point6"
}

entity{
  _template:t="battle_area_polygon_point"
  transform:m=[[1.0, 0.0, 0.0] [0.0, 1.0, 0.0] [0.0, 0.0, 1.0] [170.985, 2.86397, 453.815]]
  battle_area_polygon_point__forBattleAreaId:t="area1_1"
  battle_area_polygon_point__id:t="point6"
  battle_area_polygon_point__nextId:t="point7"
}

entity{
  _template:t="battle_area_polygon_point"
  transform:m=[[1.0, 0.0, 0.0] [0.0, 1.0, 0.0] [0.0, 0.0, 1.0] [170.985, 2.86397, 193.845]]
  battle_area_polygon_point__forBattleAreaId:t="area1_1"
  battle_area_polygon_point__id:t="point7"
  battle_area_polygon_point__nextId:t="point1"
}

entity{
  _template:t="battle_area_polygon_point"
  transform:m=[[1.0, 0.0, 0.0] [0.0, 1.0, 0.0] [0.0, 0.0, 1.0] [588.347, 2.98334, 188.56]]
  battle_area_polygon_point__forBattleAreaId:t="area2_1"
  battle_area_polygon_point__id:t="point1"
  battle_area_polygon_point__nextId:t="point2"
}

entity{
  _template:t="battle_area_polygon_point"
  transform:m=[[1.0, 0.0, 0.0] [0.0, 1.0, 0.0] [0.0, 0.0, 1.0] [550.2, 2.98334, 319.297]]
  battle_area_polygon_point__forBattleAreaId:t="area2_1"
  battle_area_polygon_point__id:t="point6"
  battle_area_polygon_point__nextId:t="point7"
}

entity{
  _template:t="battle_area_polygon_point"
  transform:m=[[1.0, 0.0, 0.0] [0.0, 1.0, 0.0] [0.0, 0.0, 1.0] [550.94, 2.98334, 384.956]]
  battle_area_polygon_point__forBattleAreaId:t="area2_1"
  battle_area_polygon_point__id:t="point5"
  battle_area_polygon_point__nextId:t="point6"
}

entity{
  _template:t="battle_area_polygon_point"
  transform:m=[[1.0, 0.0, 0.0] [0.0, 1.0, 0.0] [0.0, 0.0, 1.0] [590.097, 2.98334, 452.418]]
  battle_area_polygon_point__forBattleAreaId:t="area2_1"
  battle_area_polygon_point__id:t="point4"
  battle_area_polygon_point__nextId:t="point5"
}

entity{
  _template:t="battle_area_polygon_point"
  transform:m=[[1.0, 0.0, 0.0] [0.0, 1.0, 0.0] [0.0, 0.0, 1.0] [859.48, 2.98334, 452.418]]
  battle_area_polygon_point__forBattleAreaId:t="area2_1"
  battle_area_polygon_point__id:t="point3"
  battle_area_polygon_point__nextId:t="point4"
}

entity{
  _template:t="battle_area_polygon_point"
  transform:m=[[1.0, 0.0, 0.0] [0.0, 1.0, 0.0] [0.0, 0.0, 1.0] [857.904, 2.98334, 67.7453]]
  battle_area_polygon_point__forBattleAreaId:t="area2_1"
  battle_area_polygon_point__id:t="point2"
  battle_area_polygon_point__nextId:t="point3"
}

entity{
  _template:t="battle_area_polygon_point"
  transform:m=[[1.0, 0.0, 0.0] [0.0, 1.0, 0.0] [0.0, 0.0, 1.0] [621.847, 6.18105, 471.759]]
  battle_area_polygon_point__forBattleAreaId:t="area2_3"
  battle_area_polygon_point__id:t="point5"
  battle_area_polygon_point__nextId:t="point6"
}

entity{
  _template:t="battle_area_polygon_point"
  transform:m=[[1.0, 0.0, 0.0] [0.0, 1.0, 0.0] [0.0, 0.0, 1.0] [409.913, 6.18105, 471.759]]
  battle_area_polygon_point__forBattleAreaId:t="area2_3"
  battle_area_polygon_point__id:t="point6"
  battle_area_polygon_point__nextId:t="point7"
}

entity{
  _template:t="battle_area_polygon_point"
  transform:m=[[1.0, 0.0, 0.0] [0.0, 1.0, 0.0] [0.0, 0.0, 1.0] [366.347, 7.91827, 225.553]]
  battle_area_polygon_point__forBattleAreaId:t="area1_3"
  battle_area_polygon_point__id:t="point5"
  battle_area_polygon_point__nextId:t="point6"
}

entity{
  _template:t="battle_area_polygon_point"
  transform:m=[[1.0, 0.0, 0.0] [0.0, 1.0, 0.0] [0.0, 0.0, 1.0] [368.183, 7.91827, 390.997]]
  battle_area_polygon_point__forBattleAreaId:t="area1_3"
  battle_area_polygon_point__id:t="point6"
  battle_area_polygon_point__nextId:t="point1"
}

entity{
  _template:t="battle_area_polygon_point"
  transform:m=[[1.0, 0.0, 0.0] [0.0, 1.0, 0.0] [0.0, 0.0, 1.0] [445.048, -2.38175, 185.098]]
  battle_area_polygon_point__forBattleAreaId:t="area1_2"
  battle_area_polygon_point__id:t="point5"
  battle_area_polygon_point__nextId:t="point6"
}

entity{
  _template:t="battle_area_polygon_point"
  transform:m=[[1.0, 0.0, 0.0] [0.0, 1.0, 0.0] [0.0, 0.0, 1.0] [519.209, -2.38175, 223.314]]
  battle_area_polygon_point__forBattleAreaId:t="area1_2"
  battle_area_polygon_point__id:t="point6"
  battle_area_polygon_point__nextId:t="point1"
}

entity{
  _template:t="battle_area_polygon_point"
  transform:m=[[1.0, 0.0, 0.0] [0.0, 1.0, 0.0] [0.0, 0.0, 1.0] [554.075, 2.98334, 288.401]]
  battle_area_polygon_point__forBattleAreaId:t="area2_1"
  battle_area_polygon_point__id:t="point7"
  battle_area_polygon_point__nextId:t="point1"
}

entity{
  _template:t="battle_area_polygon_point"
  transform:m=[[1.0, 0.0, 0.0] [0.0, 1.0, 0.0] [0.0, 0.0, 1.0] [210.808, 6.18105, 460.325]]
  battle_area_polygon_point__forBattleAreaId:t="area2_3"
  battle_area_polygon_point__id:t="point7"
  battle_area_polygon_point__nextId:t="point8"
}

entity{
  _template:t="battle_area_polygon_point"
  transform:m=[[1.0, 0.0, 0.0] [0.0, 1.0, 0.0] [0.0, 0.0, 1.0] [208.43, 6.18105, 406.43]]
  battle_area_polygon_point__forBattleAreaId:t="area2_3"
  battle_area_polygon_point__id:t="point8"
  battle_area_polygon_point__nextId:t="point1"
}

entity{
  _template:t="poly_battle_area"
  transform:m=[[1.0, 0.0, 0.0] [0.0, 1.0, 0.0] [0.0, 0.0, 1.0] [-291.104, 3.29863, 276.27]]
  battleAreaId:t="area2_2"
  groupName:t="sector_2"
  battle_area__team:i=1
  active:b=no
}

entity{
  _template:t="poly_battle_area"
  transform:m=[[1.0, 0.0, 0.0] [0.0, 1.0, 0.0] [0.0, 0.0, 1.0] [30.4295, 9.96598, 319.096]]
  battleAreaId:t="area1_3"
  battle_area__team:i=2
  groupName:t="sector_3"
  active:b=no
}

entity{
  _template:t="poly_battle_area"
  transform:m=[[1.0, 0.0, 0.0] [0.0, 1.0, 0.0] [0.0, 0.0, 1.0] [390.274, 8.57312, 319.369]]
  battleAreaId:t="area2_3"
  battle_area__team:i=1
  groupName:t="sector_3"
  active:b=no
}

entity{
  _template:t="poly_battle_area"
  transform:m=[[1.0, 0.0, 0.0] [0.0, 1.0, 0.0] [0.0, 0.0, 1.0] [415.637, 8.58301, 319.931]]
  battleAreaId:t="area1_2"
  battle_area__team:i=2
  groupName:t="sector_2"
  active:b=no
}

entity{
  _template:t="poly_battle_area"
  transform:m=[[1.0, 0.0, 0.0] [0.0, 1.0, 0.0] [0.0, 0.0, 1.0] [571.01, 8.69916, 319.327]]
  battleAreaId:t="area1_1"
  groupName:t="sector_1"
  battle_area__team:i=2
  active:b=no
}

entity{
  _template:t="poly_battle_area"
  transform:m=[[1.0, 0.0, 0.0] [0.0, 1.0, 0.0] [0.0, 0.0, 1.0] [657.202, 8.59395, 319.146]]
  battleAreaId:t="area2_1"
  battle_area__team:i=1
  groupName:t="sector_1"
  active:b=no
}

entity{
  _template:t="aircraft_box_battle_area"
  transform:m=[[11314.0, 0.0, 95.0636] [0.0, 8000.03, 0.0] [-95.5912, 0.0, 11313.9] [652.342, 240.916, 331.546]]
  battle_area__team:i=-1
}

entity{
  _template:t="shaderVars"

  "shader_vars__vars:object"{
    hmap_displacement_up:r=0.3
    ocean1:c=142, 137, 71, 0
    ocean0:c=76, 63, 5, 0
    ocean_density:r=0.1
    river1:c=64, 64, 29, 0
    river0:c=49, 47, 41, 0
    hmap_displacement_down:r=-0.15
    leaves_ss_profile:p4=1.0, 1.0, 1.0, 0.0
    paint_details_tex:t="germany_wall_color_tex_palette*"
    layered_fog_height:r=20.0
    water_color_noise_size:r=71.0
    water_depth_hardness:r=0.41
    river_density:r=0.5
  }
}

entity{
  _template:t="ri_gpu_object"
  ri_gpu_object__name:t="tree_fraxinus_bush_small_a"
  ri_gpu_object__biom_indexes:p4=22.0, -1.0, -1.0, -1.0
  ri_gpu_object__grid_size:i=16
  ri_gpu_object__grid_tiling:i=1
  ri_gpu_object__cell_size:r=8.0
  ri_gpu_object__incline_delta:r=0.0
  ri_gpu_object__scale_range:p2=0.9, 1.05
  ri_gpu_object__rotate_range:p2=0.0, 0.0
  ri_gpu_object__seed:i=1127
  ri_gpu_object__is_using_normal:b=no
  ri_gpu_object__sparse_weight:r=17.5

  "ri_gpu_object__multiple_objects:array"{

    "ri_gpu_object__multiple_objects:object"{
      name:t="tree_fraxinus_bush_small_a"
      weight:r=1.0
    }

    "ri_gpu_object__multiple_objects:object"{
      name:t="tree_fraxinus_bush_small_b"
      weight:r=1.0
    }

    "ri_gpu_object__multiple_objects:object"{
      name:t="tree_fraxinus_bush_small_c"
      weight:r=1.0
    }

    "ri_gpu_object__multiple_objects:object"{
      name:t="tree_fraxinus_bush_small_d"
      weight:r=1.0
    }

    "ri_gpu_object__multiple_objects:object"{
      name:t="tree_fraxinus_bush_small_e"
      weight:r=1.0
    }
  }
}

entity{
  _template:t="ri_gpu_object"
  ri_gpu_object__name:t="tree_dry_branches_a"
  ri_gpu_object__biom_indexes:p4=2.0, -1.0, -1.0, -1.0
  ri_gpu_object__grid_size:i=8
  ri_gpu_object__grid_tiling:i=2
  ri_gpu_object__cell_size:r=16.0
  ri_gpu_object__incline_delta:r=0.0
  ri_gpu_object__scale_range:p2=0.6, 1.05
  ri_gpu_object__rotate_range:p2=135.0, 960.0
  ri_gpu_object__seed:i=55112
  ri_gpu_object__is_using_normal:b=yes

  "ri_gpu_object__multiple_objects:array"{

    "ri_gpu_object__multiple_objects:object"{
      name:t="tree_dry_branches_a"
      weight:r=1.0
    }

    "ri_gpu_object__multiple_objects:object"{
      name:t="tree_dry_branches_b"
      weight:r=1.0
    }

    "ri_gpu_object__multiple_objects:object"{
      name:t="tree_dry_branches_c"
      weight:r=1.0
    }

    "ri_gpu_object__multiple_objects:object"{
      name:t="tree_branches_small_a"
      weight:r=0.33
    }

    "ri_gpu_object__multiple_objects:object"{
      name:t="tree_branches_small_b"
      weight:r=0.33
    }

    "ri_gpu_object__multiple_objects:object"{
      name:t="tree_branches_small_c"
      weight:r=0.33
    }

    "ri_gpu_object__multiple_objects:object"{
      name:t="tree_branches_small_d"
      weight:r=0.33
    }
  }
}

entity{
  _template:t="ri_gpu_object"
  ri_gpu_object__name:t="tree_dry_pine_branches_e"
  ri_gpu_object__biom_indexes:p4=22.0, 1.0, -1.0, -1.0
  ri_gpu_object__grid_size:i=8
  ri_gpu_object__grid_tiling:i=1
  ri_gpu_object__cell_size:r=8.0
  ri_gpu_object__incline_delta:r=0.0
  ri_gpu_object__scale_range:p2=0.5, 0.65
  ri_gpu_object__rotate_range:p2=135.0, 960.0
  ri_gpu_object__seed:i=5542
  ri_gpu_object__sparse_weight:r=5.0
  ri_gpu_object__is_using_normal:b=yes

  "ri_gpu_object__multiple_objects:array"{

    "ri_gpu_object__multiple_objects:object"{
      name:t="tree_dry_pine_branches_pile_a"
      weight:r=1.0
    }

    "ri_gpu_object__multiple_objects:object"{
      name:t="tree_dry_pine_branches_pile_b"
      weight:r=1.0
    }

    "ri_gpu_object__multiple_objects:object"{
      name:t="tree_dry_pine_branches_pile_c"
      weight:r=1.0
    }

    "ri_gpu_object__multiple_objects:object"{
      name:t="tree_dry_pine_branches_pile_d"
      weight:r=1.0
    }

    "ri_gpu_object__multiple_objects:object"{
      name:t="tree_dry_pine_branches_a"
      weight:r=1.0
    }

    "ri_gpu_object__multiple_objects:object"{
      name:t="tree_dry_pine_branches_b"
      weight:r=1.0
    }

    "ri_gpu_object__multiple_objects:object"{
      name:t="tree_dry_pine_branches_c"
      weight:r=1.0
    }

    "ri_gpu_object__multiple_objects:object"{
      name:t="tree_dry_pine_branches_d"
      weight:r=1.0
    }

    "ri_gpu_object__multiple_objects:object"{
      name:t="tree_dry_pine_branches_e"
      weight:r=1.0
    }
  }
}

entity{
  _template:t="ri_gpu_object"
  ri_gpu_object__name:t="generic_stone_small_a"
  ri_gpu_object__biom_indexes:p4=2.0, 3.0, 52.0, -1.0
  ri_gpu_object__grid_size:i=8
  ri_gpu_object__grid_tiling:i=8
  ri_gpu_object__cell_size:r=16.0
  ri_gpu_object__incline_delta:r=0.0
  ri_gpu_object__scale_range:p2=0.05, 1.4
  ri_gpu_object__rotate_range:p2=135.0, 960.0
  ri_gpu_object__seed:i=75112
  ri_gpu_object__sparse_weight:r=5.0
  ri_gpu_object__is_using_normal:b=yes

  "ri_gpu_object__multiple_objects:array"{

    "ri_gpu_object__multiple_objects:object"{
      name:t="generic_stone_small_a"
      weight:r=1.0
    }

    "ri_gpu_object__multiple_objects:object"{
      name:t="generic_stone_small_b"
      weight:r=1.0
    }

    "ri_gpu_object__multiple_objects:object"{
      name:t="generic_stone_small_c"
      weight:r=1.0
    }

    "ri_gpu_object__multiple_objects:object"{
      name:t="generic_stone_small_d"
      weight:r=1.0
    }

    "ri_gpu_object__multiple_objects:object"{
      name:t="generic_stone_small_e"
      weight:r=1.0
    }

    "ri_gpu_object__multiple_objects:object"{
      name:t="generic_stone_small_f"
      weight:r=1.0
    }
  }
}

entity{
  _template:t="ri_gpu_object"
  ri_gpu_object__name:t="clover_a"
  ri_gpu_object__biom_indexes:p4=22.0, -1.0, -1.0, -1.0
  ri_gpu_object__grid_size:i=8
  ri_gpu_object__grid_tiling:i=16
  ri_gpu_object__cell_size:r=8.0
  ri_gpu_object__incline_delta:r=15.0
  ri_gpu_object__scale_range:p2=0.5, 1.4
  ri_gpu_object__rotate_range:p2=180.0, 360.0
  ri_gpu_object__seed:i=2
  ri_gpu_object__is_using_normal:b=yes
  ri_gpu_object__sparse_weight:r=5.0
  ri_gpu_object__up_vector:p3=0.0, 1.0, 0.0
}

entity{
  _template:t="postfx_roundctrl"

  "post_fx:object"{
  }
}

entity{
  _template:t="postfx_color_grading_tonemap_death_alive_enlisted"
}

entity{
  _template:t="minimap_berlin_seelow_heights"
}

entity{
  _template:t="door_mult_ent_generator"
  ri_extra_gen__blk:t="content/enlisted/gamedata/berlin_doors.blk"
}

entity{
  _template:t="session_finalizer"
  session_finalizer__timer:r=10.0
}

entity{
  _template:t="briefing_invasion"
  mission_name:t="berlin_bridge_inv"

  "loading_images:list<t>"{
    item:t="ui/berlin_bridge_inv_01.avif"
    item:t="ui/berlin_bridge_inv_02.avif"
    item:t="ui/berlin_bridge_inv_03.avif"
  }
}

entity{
  _template:t="team_ussr_berlin+team_narrator_destruction_attack+respawn_creators_team"
  team__memberCount:r=0.0
  team__scoreCap:r=2000.0
  team__score:r=2000.0
  team__squadSpawnCost:i=250
  team__firstSpawnCostMul:r=0.0
  team__zeroScoreFailTimer:r=60.0
  team__id:i=1
  team__briefing:t="destruction/attackers_goals"
  team__winSubtitle:t="debriefing/won_invasion_destruction"
  team__loseSubtitle:t="debriefing/lost_invasion_destruction"
  team__winTitle:t="debriefing/ussr_won_destruction_attack_title"
  team__allowRebalance:b=no
  team__spawnBotArmy:t="moscow_allies"
}

entity{
  _template:t="team_germany_berlin+team_narrator_destruction_defence+respawn_creators_team"
  team__countAdd:r=0.5
  team__memberCount:r=0.5
  team__scoreCap:r=3000.0
  team__capturePenalty:r=1001.0
  team__score:r=3000.0
  team__id:i=2
  team__briefing:t="destruction/defenders_goals"
  team__winSubtitle:t="debriefing/won_defence_destruction"
  team__loseSubtitle:t="debriefing/lost_defence_destruction"
  team__winTitle:t="debriefing/germany_won_destruction_defence_title"
  team__allowRebalance:b=no
  team__spawnBotArmy:t="moscow_axis"
}

entity{
  _template:t="respawn_camera"
  respawnCameraForTeam:i=1
  transform:m=[[1.0, 0.0, 0.0] [0.0, 1.0, 0.0] [0.0, 0.0, 1.0] [-382.136, 311.277, 408.66]]
}

entity{
  _template:t="respawn_camera"
  respawnCameraForTeam:i=2
  transform:m=[[1.0, 0.0, 0.0] [0.0, 1.0, 0.0] [0.0, 0.0, 1.0] [474.008, 304.853, 365.465]]
}

entity{
  _template:t="group_activator"

  "activator__activateChoice:object"{
    sector_1:r=1.0
  }
}

entity{
  _template:t="enemy_attack_marker"
  transform:m=[[0.9987, 0.0, -0.0509815] [0.0, 1.0, 0.0] [0.0509815, 0.0, 0.9987] [-95.6773, 8.24561, 324.394]]
}

entity{
  _template:t="static_cam"
  camera__active:b=yes
  transform:m=[[0.518005, 0.0, 0.855378] [-0.074661, 0.996183, 0.0452139] [-0.852113, -0.087285, 0.516028] [762.358, 17.0959, 304.584]]
}

entity{
  _template:t="berlin_level"
  level__blk:t="content/enlisted/levels/battle_of_berlin_seelow_heights.blk"
}

entity{
  _template:t="water"
  water__strength:r=0.3
  water__level:r=0.0
}

entity{
  _template:t="wind"
  wind__strength:r=1.3
  wind__dir:r=190.0
}

entity{
  _template:t="clouds_hole_target"
  transform:m=[[1.0, 0.0, 0.0] [0.0, 1.0, 0.0] [0.0, 0.0, 1.0] [0.0, 0.0, 0.0]]
}

entity{
  _template:t="bomb_site_zone_chained_sphere+defend_zone_respawnbase"
  transform:m=[[1.0, 0.0, 0.0] [0.0, 1.0, 0.0] [0.0, 0.0, 1.0] [598.694, 9.17587, 276.116]]
  capzone__bombTemplate:t="bomb_site+bomb_site_radar_hardware_animchar_01_without_antenna"
  groupName:t="sector_1"
  capzone__capRewardPartCap:r=1.8
  capzone__mustBeCapturedByTeam:i=1
  capzone__caption:t="1a"
  active:b=no
  ui_order:i=1
  capzone__owningTeam:i=2
  capzone__capReward:r=500.0
  capzone__checkAllZonesInGroup:b=yes
  capzone__deactivateAfterTimeout:r=0.0
  capzone__spawnAtZoneTimeout:r=20.0
  capzone__createRespawnBaseForTeam:i=2
  capzone__createdRespawnBaseGroup:i=5
  capzone__createRespawnBase:t="respawnBaseGroupActivator"
  capzone__plantingTeam:i=1
  capzone__iconOffsetY:r=1.0
  capzone__bombTransformLocalPos:m=[[1.0, 0.0, 0.0] [0.0, 1.0, 0.0] [0.0, 0.0, 1.0] [0.0, -0.0132351, 0.0]]

  "capzone__activateChoice:object"{
    sector_2:r=1.0
  }
}

entity{
  _template:t="bomb_site_zone_chained_sphere+defend_zone_respawnbase"
  transform:m=[[1.0, 0.0, 0.0] [0.0, 1.0, 0.0] [0.0, 0.0, 1.0] [588.918, 10.0298, 344.272]]
  capzone__caption:t="1b"
  capzone__bombTemplate:t="bomb_site+bomb_site_radar_hardware_animchar_02_without_antenna"
  groupName:t="sector_1"
  capzone__capRewardPartCap:r=1.8
  capzone__mustBeCapturedByTeam:i=1
  active:b=no
  ui_order:i=2
  capzone__owningTeam:i=2
  capzone__capReward:r=500.0
  capzone__checkAllZonesInGroup:b=yes
  capzone__deactivateAfterTimeout:r=0.0
  capzone__spawnAtZoneTimeout:r=20.0
  capzone__createRespawnBaseForTeam:i=2
  capzone__createdRespawnBaseGroup:i=6
  capzone__createRespawnBase:t="respawnBaseGroupActivator"
  capzone__plantingTeam:i=1
  capzone__iconOffsetY:r=1.0
  capzone__bombTransformLocalPos:m=[[1.0, 0.0, 0.0] [0.0, 1.0, 0.0] [0.0, 0.0, 1.0] [0.0, -0.0142088, 0.0]]

  "capzone__activateChoice:object"{
    sector_2:r=1.0
  }
}

entity{
  _template:t="bomb_site_zone_chained_sphere+defend_zone_respawnbase"
  transform:m=[[-0.806284, 0.0, 0.591528] [0.0, 1.0, 0.0] [-0.591528, 0.0, -0.806284] [486.015, 8.4609, 294.761]]
  capzone__caption:t="2a"
  capzone__caption:t="capzone/2a"
  capzone__bombTemplate:t="bomb_site+bomb_site_radar_hardware_animchar_03_without_antenna"
  groupName:t="sector_2"
  capzone__capRewardPartCap:r=1.8
  capzone__mustBeCapturedByTeam:i=1
  active:b=no
  ui_order:i=3
  capzone__owningTeam:i=2
  capzone__capReward:r=500.0
  capzone__checkAllZonesInGroup:b=yes
  capzone__deactivateAfterTimeout:r=0.0
  capzone__spawnAtZoneTimeout:r=20.0
  capzone__createRespawnBaseForTeam:i=2
  capzone__createdRespawnBaseGroup:i=7
  capzone__createRespawnBase:t="respawnBaseGroupActivator"
  capzone__plantingTeam:i=1
  capzone__iconOffsetY:r=1.0
  capzone__bombTransformLocalPos:m=[[-0.806284, 0.0, 0.591528] [0.0, 1.0, 0.0] [-0.591528, 0.0, -0.806284] [0.0, -0.0600185, 0.0]]

  "capzone__activateChoice:object"{
    sector_3:r=1.0
  }
}

entity{
  _template:t="bomb_site_zone_chained_sphere+defend_zone_respawnbase"
  transform:m=[[-0.343279, 0.0, -0.939234] [0.0, 1.0, 0.0] [0.939234, 0.0, -0.343279] [462.535, 9.5665, 336.598]]
  capzone__caption:t="2b"
  capzone__caption:t="capzone/2b"
  capzone__bombTemplate:t="bomb_site+bomb_site_radar_hardware_animchar_04"
  groupName:t="sector_2"
  capzone__capRewardPartCap:r=1.8
  capzone__mustBeCapturedByTeam:i=1
  active:b=no
  ui_order:i=4
  capzone__owningTeam:i=2
  capzone__capReward:r=500.0
  capzone__checkAllZonesInGroup:b=yes
  capzone__deactivateAfterTimeout:r=0.0
  capzone__spawnAtZoneTimeout:r=20.0
  capzone__createRespawnBaseForTeam:i=2
  capzone__createdRespawnBaseGroup:i=8
  capzone__createRespawnBase:t="respawnBaseGroupActivator"
  capzone__plantingTeam:i=1
  capzone__iconOffsetY:r=1.0
  capzone__bombTransformLocalPos:m=[[-0.343279, 0.0, -0.939234] [0.0, 1.0, 0.0] [0.939234, 0.0, -0.343279] [0.0, -0.0474033, 0.0]]

  "capzone__activateChoice:object"{
    sector_3:r=1.0
  }
}

entity{
  _template:t="bomb_site_zone_chained_sphere+defend_zone_respawnbase"
  transform:m=[[-0.969411, 0.0, -0.245442] [0.0, 1.0, 0.0] [0.245442, 0.0, -0.969411] [326.913, 8.58684, 314.782]]
  capzone__caption:t="3"
  capzone__bombTemplate:t="bomb_site+bomb_site_radar_hardware_animchar_05_without_antenna"
  groupName:t="sector_3"
  capzone__capRewardPartCap:r=1.8
  capzone__mustBeCapturedByTeam:i=1
  active:b=no
  ui_order:i=5
  capzone__capReward:r=500.0
  capzone__checkAllZonesInGroup:b=yes
  capzone__deactivateAfterTimeout:r=0.0
  capzone__spawnAtZoneTimeout:r=20.0
  capzone__createRespawnBaseForTeam:i=2
  capzone__createdRespawnBaseGroup:i=9
  capzone__createRespawnBase:t="respawnBaseGroupActivator"
  capzone__plantingTeam:i=1
  capzone__bombTransformLocalPos:m=[[-0.969411, 0.0, -0.245442] [0.0, 1.0, 0.0] [0.245442, 0.0, -0.969411] [0.0, 0.0, 0.0]]
}

entity{
  _template:t="respawnChooser+respTeam2"
  transform:m=[[0.999123, 0.0, 0.0418565] [0.0, 1.0, -0.0] [-0.0418565, 0.0, 0.999123] [169.608, 7.88028, 300.863]]
  groupName:t="sector_3"
  respawnBaseGroup:i=1
  active:b=no
}

entity{
  _template:t="respawnChooser+respTeam2"
  transform:m=[[0.962768, 0.0, -0.270328] [0.0, 1.0, 0.0] [0.270328, -0.0, 0.962768] [167.504, 7.92835, 293.534]]
  groupName:t="sector_3"
  respawnBaseGroup:i=1
  active:b=no
}

entity{
  _template:t="respawnChooser+respTeam2"
  transform:m=[[0.944094, 0.0, -0.329676] [0.0, 1.0, 0.0] [0.329676, -0.0, 0.944094] [156.728, 8.50715, 294.447]]
  groupName:t="sector_3"
  respawnBaseGroup:i=1
  active:b=no
}

entity{
  _template:t="respawnChooser+respTeam1"
  transform:m=[[-0.876292, 0.0, -0.481779] [0.0, 1.0, 0.0] [0.481779, 0.0, -0.876292] [454.91, 9.68927, 340.08]]
  groupName:t="sector_3"
  active:b=no
}

entity{
  _template:t="respawnChooser+respTeam1"
  transform:m=[[-0.948367, 0.0, -0.317171] [0.0, 1.0, 0.0] [0.317171, 0.0, -0.948367] [462.608, 7.5337, 300.723]]
  groupName:t="sector_3"
  active:b=no
}

entity{
  _template:t="respawnChooser+respTeam1"
  transform:m=[[-0.805892, 0.0, -0.592061] [0.0, 1.0, 0.0] [0.592061, 0.0, -0.805892] [463.006, 9.86528, 337.103]]
  groupName:t="sector_3"
  active:b=no
}

entity{
  _template:t="respawnChooser+respTeam2"
  transform:m=[[0.982483, 0.0, 0.18635] [0.0, 1.0, -0.0] [-0.18635, 0.0, 0.982483] [392.553, 8.54103, 331.893]]
  groupName:t="sector_2"
  respawnBaseGroup:i=1
  active:b=no
}

entity{
  _template:t="respawnChooser+respTeam2"
  transform:m=[[0.778031, 0.0, -0.628225] [0.0, 1.0, 0.0] [0.628225, -0.0, 0.778031] [388.233, 8.7303, 306.508]]
  groupName:t="sector_2"
  respawnBaseGroup:i=1
  active:b=no
}

entity{
  _template:t="respawnChooser+respTeam2"
  transform:m=[[0.999615, 0.0, -0.0277495] [0.0, 1.0, 0.0] [0.0277495, -0.0, 0.999615] [475.016, 8.60849, 293.242]]
  groupName:t="sector_1"
  respawnBaseGroup:i=1
  active:b=no
}

entity{
  _template:t="respawnChooser+respTeam2"
  transform:m=[[0.607952, 0.0, 0.793973] [0.0, 1.0, -0.0] [-0.793973, 0.0, 0.607952] [471.457, 9.46279, 341.435]]
  groupName:t="sector_1"
  respawnBaseGroup:i=1
  active:b=no
}

entity{
  _template:t="respawnChooser+respTeam2"
  transform:m=[[0.996983, 0.0, 0.0776179] [0.0, 1.0, -0.0] [-0.0776179, 0.0, 0.996983] [476.88, 9.88326, 335.387]]
  groupName:t="sector_1"
  respawnBaseGroup:i=1
  active:b=no
}

entity{
  _template:t="respawnChooser+respTeam1"
  transform:m=[[-0.999992, 0.0, 0.00371423] [0.0, 1.0, 0.0] [-0.00371423, 0.0, -0.999992] [601.555, 9.56108, 281.54]]
  groupName:t="sector_2"
  active:b=no
}

entity{
  _template:t="respawnChooser+respTeam1"
  transform:m=[[-0.999992, 0.0, 0.00371423] [0.0, 1.0, 0.0] [-0.00371423, 0.0, -0.999992] [601.395, 9.75585, 291.131]]
  groupName:t="sector_2"
  active:b=no
}

entity{
  _template:t="respawnChooser+respTeam1"
  transform:m=[[-0.654998, 0.0, -0.755629] [0.0, 1.0, 0.0] [0.755629, 0.0, -0.654998] [590.086, 10.5216, 343.699]]
  groupName:t="sector_2"
  active:b=no
}

entity{
  _template:t="respawnChooser+respTeam1"
  transform:m=[[-0.995164, 0.0, 0.0982146] [0.0, 1.0, 0.0] [-0.0982146, 0.0, -0.995164] [734.374, 10.5216, 351.724]]
  groupName:t="sector_1"
  active:b=no
}

entity{
  _template:t="respawnChooser+respTeam1"
  transform:m=[[-0.971909, 0.0, -0.235351] [0.0, 1.0, 0.0] [0.235351, 0.0, -0.971909] [733.867, 10.5216, 343.659]]
  groupName:t="sector_1"
  active:b=no
}

entity{
  _template:t="respawnChooser+respTeam1"
  transform:m=[[-0.202029, 0.0, -0.979378] [0.0, 1.0, 0.0] [0.979378, 0.0, -0.202029] [728.415, 9.21752, 371.401]]
  groupName:t="sector_1"
  active:b=no
}

entity{
  _template:t="respawnChooser+respTeam1"
  transform:m=[[-0.899178, 0.0, -0.437581] [0.0, 1.0, 0.0] [0.437581, 0.0, -0.899178] [720.991, 10.0334, 285.6]]
  groupName:t="sector_1"
  active:b=no
  respawnBaseGroup:i=2
}

entity{
  _template:t="respawnChooser+respTeam1"
  transform:m=[[-0.99842, 0.0, -0.0561732] [0.0, 1.0, 0.0] [0.0561732, 0.0, -0.99842] [726.024, 9.29098, 292.1]]
  groupName:t="sector_1"
  active:b=no
  respawnBaseGroup:i=2
}

entity{
  _template:t="respawnChooser+respTeam1"
  transform:m=[[-0.990887, 0.0, -0.134683] [0.0, 1.0, 0.0] [0.134683, 0.0, -0.990887] [727.622, 10.0334, 280.961]]
  groupName:t="sector_1"
  active:b=no
  respawnBaseGroup:i=2
}

entity{
  _template:t="respawnChooser+respVehicle"
  transform:m=[[0.649546, 0.0, -0.760321] [0.0, 1.0, 0.0] [0.760321, -0.0, 0.649546] [121.461, 3.79828, 365.929]]
  groupName:t="sector_3"
  maxVehicleOnSpawn:i=2
  respTime:i=120
  team:i=2
  active:b=no
}

entity{
  _template:t="respawnChooser+respVehicle"
  transform:m=[[-0.999777, 0.0, -0.0211411] [0.0, 1.0, 0.0] [0.0211411, 0.0, -0.999777] [574.995, 8.92052, 295.113]]
  groupName:t="sector_4"
  maxVehicleOnSpawn:i=2
  respTime:i=120
  team:i=1
  active:b=no
}

entity{
  _template:t="respawnChooser+respVehicle"
  transform:m=[[-0.999372, 0.0, 0.03543] [0.0, 1.0, 0.0] [-0.03543, 0.0, -0.999372] [754.151, 7.40042, 264.858]]
  groupName:t="sector_2"
  maxVehicleOnSpawn:i=2
  respTime:i=120
  team:i=1
  active:b=no
}

entity{
  _template:t="respawnChooser+respVehicle"
  transform:m=[[0.829573, 0.0, -0.558396] [0.0, 1.0, 0.0] [0.558396, -0.0, 0.829573] [226.732, 4.62022, 343.787]]
  groupName:t="sector_2"
  maxVehicleOnSpawn:i=2
  respTime:i=120
  team:i=2
  active:b=no
}

entity{
  _template:t="respawnChooser+respVehicle"
  transform:m=[[-0.573844, 0.0, 0.818965] [0.0, 1.0, 0.0] [-0.818965, 0.0, -0.573844] [804.405, 6.30572, 189.386]]
  groupName:t="sector_1"
  maxVehicleOnSpawn:i=2
  respTime:i=120
  team:i=1
  active:b=no
}

entity{
  _template:t="respawnChooser+respVehicle"
  transform:m=[[0.948563, 0.0, 0.316585] [0.0, 1.0, 0.0] [-0.316585, 0.0, 0.948563] [370.612, 5.97616, 346.763]]
  groupName:t="sector_1"
  maxVehicleOnSpawn:i=2
  respTime:i=120
  team:i=2
  active:b=no
}

entity{
  _template:t="respawnBaseWithGroupOnCapturePoint"
  transform:m=[[0.889369, 0.0, -0.457191] [0.0, 1.0, 0.0] [0.457191, -0.0, 0.889369] [271.314, 3.06719, 316.765]]
  groupName:t="sector_3"
  team:i=2
  respawnBaseGroup:i=9
  active:b=no
}

entity{
  _template:t="respawnBaseWithGroupOnCapturePoint"
  transform:m=[[0.835866, 0.0, 0.548933] [0.0, 1.0, -0.0] [-0.548933, 0.0, 0.835866] [271.403, 2.55938, 319.32]]
  groupName:t="sector_3"
  team:i=2
  respawnBaseGroup:i=9
  active:b=no
}

entity{
  _template:t="respawnBaseWithGroupOnCapturePoint"
  transform:m=[[0.958771, 0.0, 0.28418] [0.0, 1.0, -0.0] [-0.28418, 0.0, 0.958771] [476.611, 7.90215, 302.147]]
  groupName:t="sector_2"
  team:i=2
  respawnBaseGroup:i=7
  active:b=no
}

entity{
  _template:t="respawnBaseWithGroupOnCapturePoint"
  transform:m=[[0.999977, 0.0, -0.0067839] [0.0, 1.0, 0.0] [0.0067839, -0.0, 0.999977] [478.484, 8.78734, 294.296]]
  groupName:t="sector_2"
  team:i=2
  respawnBaseGroup:i=7
  active:b=no
}

entity{
  _template:t="respawnBaseWithGroupOnCapturePoint"
  transform:m=[[0.942477, 0.0, -0.334272] [0.0, 1.0, 0.0] [0.334272, -0.0, 0.942477] [589.232, 10.3046, 346.541]]
  groupName:t="sector_1"
  team:i=2
  respawnBaseGroup:i=6
  active:b=no
}

entity{
  _template:t="respawnBaseWithGroupOnCapturePoint"
  transform:m=[[0.885695, 0.0, -0.464268] [0.0, 1.0, 0.0] [0.464268, -0.0, 0.885695] [586.978, 10.2019, 342.002]]
  groupName:t="sector_1"
  team:i=2
  respawnBaseGroup:i=6
  active:b=no
}

entity{
  _template:t="resupply_in_air_zone"
  transform:m=[[-0.999999, 0.0, -0.000445871] [0.0, 1.0, 0.0] [0.000445871, 0.0, -0.999999] [3275.76, 1000.0, 400.756]]
  resupply_zone__team:i=1
}

entity{
  _template:t="respAircraftInAir"
  respawnbaseType:t="aircraft_fighter"
  transform:m=[[-0.745969, 0.0, -0.665981] [0.0, 1.0, 0.0] [0.665981, 0.0, -0.745969] [2977.22, 988.137, 2865.66]]
  team:i=1
  maxVehicleOnSpawn:i=1
  respTime:i=120
}

entity{
  _template:t="respAircraftInAir"
  respawnbaseType:t="aircraft_assault"
  transform:m=[[-0.745969, 0.0, -0.665981] [0.0, 1.0, 0.0] [0.665981, 0.0, -0.745969] [2977.22, 788.137, 2865.66]]
  team:i=1
  maxVehicleOnSpawn:i=1
  respTime:i=120
}

entity{
  _template:t="respAircraftInAir"
  respawnbaseType:t="aircraft_fighter"
  transform:m=[[-0.745969, 0.0, -0.665981] [0.0, 1.0, 0.0] [0.665981, 0.0, -0.745969] [3097.17, 988.137, 2774.63]]
  team:i=1
  maxVehicleOnSpawn:i=1
  respTime:i=120
}

entity{
  _template:t="respAircraftInAir"
  respawnbaseType:t="aircraft_assault"
  transform:m=[[-0.745969, 0.0, -0.665981] [0.0, 1.0, 0.0] [0.665981, 0.0, -0.745969] [3093.98, 788.137, 2730.07]]
  team:i=1
  maxVehicleOnSpawn:i=1
  respTime:i=120
}

entity{
  _template:t="resupply_in_air_zone"
  transform:m=[[0.327869, 0.0, -0.944724] [0.0, 1.0, 0.0] [0.944724, 0.0, 0.327869] [-2376.76, 1023.92, 319.498]]
  resupply_zone__team:i=2
}

entity{
  _template:t="respAircraftInAir"
  respawnbaseType:t="aircraft_fighter"
  transform:m=[[0.756776, 0.0, 0.653675] [0.0, 1.0, -0.0] [-0.653675, 0.0, 0.756776] [-2159.93, 1023.92, -2104.26]]
  team:i=2
  maxVehicleOnSpawn:i=1
  respTime:i=120
}

entity{
  _template:t="respAircraftInAir"
  respawnbaseType:t="aircraft_assault"
  transform:m=[[0.689393, 0.0, 0.724387] [0.0, 1.0, -0.0] [-0.724387, 0.0, 0.689393] [-2279.84, 823.92, -1973.75]]
  team:i=2
  maxVehicleOnSpawn:i=1
  respTime:i=120
}

entity{
  _template:t="respAircraftInAir"
  respawnbaseType:t="aircraft_fighter"
  transform:m=[[0.727743, 0.0, 0.685851] [0.0, 1.0, -0.0] [-0.685851, 0.0, 0.727743] [-2260.24, 1023.92, -1983.96]]
  team:i=2
  maxVehicleOnSpawn:i=1
  respTime:i=120
}

entity{
  _template:t="respAircraftInAir"
  respawnbaseType:t="aircraft_assault"
  transform:m=[[0.734549, 0.0, 0.678555] [0.0, 1.0, -0.0] [-0.678555, 0.0, 0.734549] [-2159.93, 823.92, -2104.26]]
  team:i=2
  maxVehicleOnSpawn:i=1
  respTime:i=120
}

entity{
  _template:t="resupply_for_ground_vehicle_zone"
  transform:m=[[0.631303, 0.0, -0.775536] [0.0, 1.0, 0.0] [0.775536, -0.0, 0.631303] [120.8, 3.84318, 366.892]]
  groupName:t="sector_3"
  active:b=no
  resupply_zone__team:i=2
}

entity{
  _template:t="respawnChooser+respMotorcycle"
  transform:m=[[0.631303, 0.0, -0.775536] [0.0, 1.0, 0.0] [0.775536, -0.0, 0.631303] [121.787, 3.80653, 366.298]]
  groupName:t="sector_3"
  team:i=2
  active:b=no
}

entity{
  _template:t="respawnChooser+respMotorcycle"
  transform:m=[[-0.999099, 0.0, -0.0424238] [0.0, 1.0, 0.0] [0.0424238, 0.0, -0.999099] [574.979, 8.91779, 295.381]]
  groupName:t="sector_4"
  team:i=1
  active:b=no
}

entity{
