import{
  scene:t="content/enlisted/gamedata/scenes/_berlin_city_battle_sounds.blk"
}

entity{
  _template:t="shaderVars"

  "shader_vars__vars:object"{
    hmap_displacement_up:r=0.3
    ocean1:c=142, 137, 71, 0
    ocean0:c=76, 63, 5, 0
    ocean_density:r=0.1
    puddle_hardness:r=12.0
    puddle_flat_noise_normal_effect:r=0.015
    puddle_flat_normal_hardness:r=25.0
    layered_fog_density:r=0.005
    land_selfillum_worldscale:r=1.0
    river1:c=64, 64, 29, 0
    river0:c=49, 47, 41, 0
    hmap_displacement_down:r=-0.15
    puddle_flat_hmap_reduce:r=-0.2
    leaves_ss_profile:p4=1.0, 1.0, 1.0, 0.0
    autodetect_land_selfillum_color:p4=0.176, 0.051, 0.0, 0.094
    paint_details_tex:t="berlin_wall_color_tex_palette*"
    layered_fog_height:r=20.0
    puddle_increase:r=0.0
    land_selfillum_strength:r=50.0
    water_color_noise_size:r=71.0
    puddle_flat_noise_height_reduce:r=0.09
    water_depth_hardness:r=0.41
    river_density:r=10.0
  }
}

entity{
  _template:t="postfx_roundctrl"

  "post_fx:object"{
  }
}

entity{
  _template:t="postfx_color_grading_tonemap_death_alive_enlisted"
}

entity{
  _template:t="wind"
  wind__strength:r=1.3
  wind__dir:r=190.0
}

entity{
  _template:t="minimap_berlin_opera"
}

entity{
  _template:t="door_mult_ent_generator"
  ri_extra_gen__blk:t="content/e_berlin/gamedata/berlin_doors.blk"
}

entity{
  _template:t="session_finalizer"
  session_finalizer__timer:r=10.0
}

entity{
  _template:t="snow"
  snow__alpha_fade_speed_end:r=10.0
  snow__alpha_fade_speed_begin:r=2.0
  snow__speed:r=0.001
  snow__width:r=0.0225
  snow__wind:r=12.0
  snow__alpha:r=6.75
  snow__density:r=0.005
  snow__length:r=0.0
}

entity{
  _template:t="rain"
  far_rain__density:r=3.0
  far_rain__wind:r=5.0
  far_rain__alpha:r=0.02
  far_rain__length:r=0.15
  far_rain__speed:r=10.0
  drop_splashes__iterationTime:r=2.0
  drop_splashes__spriteSplashScale:r=5.25
  drop_splashes__volumetricSplashScale:r=0.5
  rain_ripples__size:r=0.04
  wetness__strength:r=0.0
  puddles__growthLimit:r=0.02
}

entity{
  _template:t="ri_gpu_object"
  ri_gpu_object__name:t="decal_broken_glass_a"
  ri_gpu_object__biom_indexes:p4=33.0, -1.0, -1.0, -1.0
  ri_gpu_object__grid_size:i=8
  ri_gpu_object__grid_tiling:i=1
  ri_gpu_object__cell_size:r=8.0
  ri_gpu_object__incline_delta:r=0.0
  ri_gpu_object__scale_range:p2=1.0, 1.75
  ri_gpu_object__rotate_range:p2=180.0, 360.0
  ri_gpu_object__seed:i=3
  ri_gpu_object__is_using_normal:b=no
  ri_gpu_object__up_vector:p3=0.0, 1.0, 0.0
  ri_gpu_object__decal:b=yes
  ri_gpu_object__transparent:b=yes
}

entity{
  _template:t="ri_gpu_object"
  ri_gpu_object__name:t="decal_broken_glass_a"
  ri_gpu_object__biom_indexes:p4=51.0, -1.0, -1.0, -1.0
  ri_gpu_object__grid_size:i=8
  ri_gpu_object__grid_tiling:i=1
  ri_gpu_object__cell_size:r=16.0
  ri_gpu_object__incline_delta:r=0.0
  ri_gpu_object__scale_range:p2=1.0, 1.25
  ri_gpu_object__rotate_range:p2=180.0, 360.0
  ri_gpu_object__seed:i=3
  ri_gpu_object__is_using_normal:b=no
  ri_gpu_object__up_vector:p3=0.0, 1.0, 0.0
  ri_gpu_object__decal:b=yes
  ri_gpu_object__transparent:b=yes

  "ri_gpu_object__multiple_objects:array"{

    "ri_gpu_object__multiple_objects:object"{
      name:t="decal_broken_glass_a"
      weight:r=0.3
    }

    "ri_gpu_object__multiple_objects:object"{
      name:t="decal_paper_trash_b"
      weight:r=1.0
    }
  }
}

entity{
  _template:t="ri_gpu_object"
  ri_gpu_object__name:t="debris_bricks_a"
  ri_gpu_object__biom_indexes:p4=33.0, 51.0, 50.0, -1.0
  ri_gpu_object__grid_size:i=8
  ri_gpu_object__grid_tiling:i=5
  ri_gpu_object__cell_size:r=16.0
  ri_gpu_object__incline_delta:r=10.0
  ri_gpu_object__scale_range:p2=0.9, 1.05
  ri_gpu_object__rotate_range:p2=0.0, 960.0
  ri_gpu_object__seed:i=812
  ri_gpu_object__is_using_normal:b=yes

  "ri_gpu_object__multiple_objects:array"{

    "ri_gpu_object__multiple_objects:object"{
      name:t="debris_bricks_a"
      weight:r=1.0
    }

    "ri_gpu_object__multiple_objects:object"{
      name:t="debris_bricks_b"
      weight:r=1.0
    }

    "ri_gpu_object__multiple_objects:object"{
      name:t="debris_bricks_c"
      weight:r=0.5
    }

    "ri_gpu_object__multiple_objects:object"{
      name:t="debris_bricks_d"
      weight:r=1.0
    }

    "ri_gpu_object__multiple_objects:object"{
      name:t="debris_trash_concrete_small_part_c3"
      weight:r=1.0
    }

    "ri_gpu_object__multiple_objects:object"{
      name:t="debris_trash_concrete_small_part_c2"
      weight:r=1.0
    }

    "ri_gpu_object__multiple_objects:object"{
      name:t="debris_trash_concrete_small_part_b3"
      weight:r=0.5
    }

    "ri_gpu_object__multiple_objects:object"{
      name:t="debris_trash_concrete_small_part_b1"
      weight:r=0.5
    }
  }
}

entity{
  _template:t="ri_gpu_object"
  ri_gpu_object__name:t="debris_bricks_a"
  ri_gpu_object__biom_indexes:p4=33.0, 50.0, -1.0, -1.0
  ri_gpu_object__grid_size:i=8
  ri_gpu_object__grid_tiling:i=5
  ri_gpu_object__cell_size:r=16.0
  ri_gpu_object__incline_delta:r=0.0
  ri_gpu_object__scale_range:p2=0.9, 1.05
  ri_gpu_object__rotate_range:p2=0.0, 960.0
  ri_gpu_object__seed:i=112
  ri_gpu_object__is_using_normal:b=yes

  "ri_gpu_object__multiple_objects:array"{

    "ri_gpu_object__multiple_objects:object"{
      name:t="debris_wooden_plank_a"
      weight:r=1.0
    }

    "ri_gpu_object__multiple_objects:object"{
      name:t="debris_wooden_plank_c"
      weight:r=0.5
    }

    "ri_gpu_object__multiple_objects:object"{
      name:t="wooden_beam_g"
      weight:r=1.0
    }

    "ri_gpu_object__multiple_objects:object"{
      name:t="wooden_beam_k"
      weight:r=0.5
    }

    "ri_gpu_object__multiple_objects:object"{
      name:t="wooden_beam_l"
      weight:r=0.5
    }

    "ri_gpu_object__multiple_objects:object"{
      name:t="debris_trash_pile_small_a"
      weight:r=1.0
    }

    "ri_gpu_object__multiple_objects:object"{
      name:t="debris_trash_pile_small_g"
      weight:r=0.5
    }

    "ri_gpu_object__multiple_objects:object"{
      name:t="debris_trash_pile_small_j"
      weight:r=0.5
    }

    "ri_gpu_object__multiple_objects:object"{
      name:t="debris_trash_pile_small_f"
      weight:r=0.5
    }
  }
}

entity{
  _template:t="ri_gpu_object"
  ri_gpu_object__name:t="tree_burnt_branches_small_a"
  ri_gpu_object__biom_indexes:p4=56.0, 12.0, -1.0, -1.0
  ri_gpu_object__grid_size:i=8
  ri_gpu_object__grid_tiling:i=1
  ri_gpu_object__cell_size:r=16.0
  ri_gpu_object__incline_delta:r=0.0
  ri_gpu_object__scale_range:p2=0.9, 1.5
  ri_gpu_object__rotate_range:p2=0.0, 960.0
  ri_gpu_object__seed:i=112
  ri_gpu_object__is_using_normal:b=yes

  "ri_gpu_object__multiple_objects:array"{

    "ri_gpu_object__multiple_objects:object"{
      name:t="tree_burnt_branches_small_a"
      weight:r=0.5
    }

    "ri_gpu_object__multiple_objects:object"{
      name:t="tree_burnt_branches_small_b"
      weight:r=1.0
    }

    "ri_gpu_object__multiple_objects:object"{
      name:t="tree_burnt_branches_small_c"
      weight:r=1.0
    }

    "ri_gpu_object__multiple_objects:object"{
      name:t="tree_burnt_branches_small_d"
      weight:r=1.0
    }
  }
}

entity{
  _template:t="ground_effect"
  ground_effect__fx_name:t="chimney_exhaust"
  ground_effect__biome_group_name:t="burnt_field"
  ground_effect__rot_z:p2=75.0, 10.0
  ground_effect__offset_x:p2=0.0, 5.0
  ground_effect__offset_y:p2=-0.2, 0.2
  ground_effect__offset_z:p2=0.0, 5.0
  ground_effect__grid_cell_size:r=8.0
  ground_effect__grid_world_origin:p2=0.0, 0.0
  ground_effect__vis_radius:r=50.0
  ground_effect__random_offset_scale:r=0.0
  ground_effect__biome_weight_for_active_thr:r=0.25
  ground_effect__fx_radius:r=-1.0
}

entity{
  _template:t="ground_effect"
  ground_effect__fx_name:t="ground_sparkles_10m"
  ground_effect__biome_group_name:t="burnt_field"
  ground_effect__rot_z:p2=75.0, 10.0
  ground_effect__offset_x:p2=0.0, 5.0
  ground_effect__offset_y:p2=-0.2, 0.2
  ground_effect__offset_z:p2=0.0, 5.0
  ground_effect__grid_cell_size:r=16.0
  ground_effect__grid_world_origin:p2=0.0, 0.0
  ground_effect__vis_radius:r=25.0
  ground_effect__random_offset_scale:r=0.0
  ground_effect__biome_weight_for_active_thr:r=0.25
  ground_effect__fx_radius:r=-1.0
}

entity{
  _template:t="ground_effect"
  ground_effect__fx_name:t="ground_ashes_10m"
  ground_effect__biome_group_name:t="burnt_field"
  ground_effect__rot_z:p2=75.0, 10.0
  ground_effect__offset_x:p2=0.0, 5.0
  ground_effect__offset_y:p2=-0.2, 0.2
  ground_effect__offset_z:p2=0.0, 5.0
  ground_effect__grid_cell_size:r=16.0
  ground_effect__grid_world_origin:p2=0.0, 0.0
  ground_effect__vis_radius:r=25.0
  ground_effect__random_offset_scale:r=0.0
  ground_effect__biome_weight_for_active_thr:r=0.25
  ground_effect__fx_radius:r=-1.0
}

entity{
  _template:t="ground_effect"
  ground_effect__fx_name:t="ground_papers_10m"
  ground_effect__biome_group_name:t="asphalt"
  ground_effect__grid_cell_size:r=16.0
  ground_effect__grid_world_origin:p2=0.0, 0.0
  ground_effect__vis_radius:r=50.0
  ground_effect__random_offset_scale:r=0.0
  ground_effect__biome_weight_for_active_thr:r=0.25
  ground_effect__fx_radius:r=-1.0
}

entity{
  _template:t="effect_area_box"
  effect_area__frequency:r=0.5
  effect_area__pauseChance:r=0.4
  effect_area__pauseLengthMax:r=2.0
  effect_area__effectName:t="background_flash_8s_fx"
  effect_area__isPaused:b=no
  transform:m=[[1.0, 0.0, 0.0] [0.0, 1.0, 0.0] [0.0, 0.0, 1.0] [-941.109, 3.255, -280.225]]
  box_zone__scale:p3=600.0, 400.0, 600.0
}

entity{
  _template:t="bonfire_effect_background_flash_8s_fx"
  transform:m=[[1.0, 0.0, 0.0] [0.0, 1.0, 0.0] [0.0, 0.0, 1.0] [907.905, 4.67061, -823.634]]
}

entity{
  _template:t="bonfire_effect_background_flash_11s_fx"
  transform:m=[[1.0, 0.0, 0.0] [0.0, 1.0, 0.0] [0.0, 0.0, 1.0] [539.044, 4.67061, -1057.43]]
}

entity{
  _template:t="bonfire_effect_background_flash_11s_fx"
  transform:m=[[1.0, 0.0, 0.0] [0.0, 1.0, 0.0] [0.0, 0.0, 1.0] [71.9746, 4.67061, -998.369]]
}

entity{
  _template:t="bonfire_effect_background_flash_8s_fx"
  transform:m=[[1.0, 0.0, 0.0] [0.0, 1.0, 0.0] [0.0, 0.0, 1.0] [-315.671, 4.67061, -832.595]]
}

entity{
  _template:t="bonfire_effect_background_flash_11s_fx"
  transform:m=[[1.0, 0.0, 0.0] [0.0, 1.0, 0.0] [0.0, 0.0, 1.0] [930.453, 4.67061, -62.9545]]
}

entity{
  _template:t="bonfire_effect_background_flash_8s_fx"
  transform:m=[[1.0, 0.0, 0.0] [0.0, 1.0, 0.0] [0.0, 0.0, 1.0] [444.537, 4.67061, 418.554]]
}

entity{
  _template:t="bonfire_effect_background_flash_11s_fx"
  transform:m=[[1.0, 0.0, 0.0] [0.0, 1.0, 0.0] [0.0, 0.0, 1.0] [1026.4, 4.67061, 62.4067]]
}

entity{
  _template:t="bonfire_effect_background_flash_8s_fx"
  transform:m=[[1.0, 0.0, 0.0] [0.0, 1.0, 0.0] [0.0, 0.0, 1.0] [245.047, 4.67061, 565.389]]
}

entity{
  _template:t="bonfire_effect_background_flash_8s_fx"
  transform:m=[[1.0, 0.0, 0.0] [0.0, 1.0, 0.0] [0.0, 0.0, 1.0] [-310.852, 4.67061, 406.778]]
}

entity{
  _template:t="bonfire_effect_volcano_smoke"
  transform:m=[[0.651268, 0.0, 0.238336] [0.0, 0.693508, 0.0] [-0.238336, 0.0, 0.651268] [-1422.33, 3.31363, -2008.51]]
}

entity{
  _template:t="bonfire_effect_volcano_smoke"
  transform:m=[[1.04756, 0.0, 0.102767] [0.0, 1.05258, 0.0] [-0.102767, 0.0, 1.04756] [-2594.46, 3.31412, -2883.46]]
}

entity{
  _template:t="bonfire_effect_volcano_smoke"
  transform:m=[[0.459994, 0.0, 1.03735] [0.0, 1.13476, 0.0] [-1.03735, 0.0, 0.459994] [748.515, 3.41519, -1897.58]]
}

entity{
  _template:t="bonfire_effect_volcano_smoke"
  transform:m=[[1.05317, 0.0, 0.808127] [0.0, 1.32749, 0.0] [-0.808127, 0.0, 1.05317] [1275.77, 3.51234, -1447.33]]
}

entity{
  _template:t="bonfire_effect_volcano_smoke"
  transform:m=[[0.329894, 0.0, 0.924001] [0.0, 0.981123, 0.0] [-0.924001, 0.0, 0.329894] [2304.96, -4.98208, 1116.67]]
}

entity{
  _template:t="bonfire_effect_volcano_smoke"
  transform:m=[[0.5016, 0.0, 0.453116] [0.0, 0.675959, 0.0] [-0.453116, 0.0, 0.5016] [-553.462, -3.11774, 1632.67]]
}

entity{
  _template:t="bonfire_effect_volcano_smoke"
  transform:m=[[0.589822, 0.0, 0.532811] [0.0, 0.794848, 0.0] [-0.532811, 0.0, 0.589822] [56.6985, 3.17503, 2317.45]]
}

entity{
  _template:t="bonfire_effect_volcano_smoke"
  transform:m=[[0.589822, 0.0, 0.532811] [0.0, 0.794848, 0.0] [-0.532811, 0.0, 0.589822] [-2117.65, 3.28224, 2203.81]]
}

entity{
  _template:t="projectors_manager"
  projectors_manager__atmosphereDensity:r=1.0
  projectors_manager__atmosphereMoveDir:p3=1.0, 0.0, 0.0
  projectors_manager__atmosphereMoveSpeed:r=0.0
  projectors_manager__noiseScale:r=30.0
  projectors_manager__noiseStrength:r=1.0
}

entity{
  _template:t="projector"
  projector__color:p3=0.12, 0.12, 0.12
  projector__angle:r=2.5
  projector__sourceWidth:r=1.0
  projector__xAngleAmplitude:r=17.0
  projector__period:r=16.0
  transform:m=[[0.993579, -0.112724, 0.00965903] [0.113137, 0.98995, -0.0848528] [2.98044e-06, 0.0854007, 0.996347] [608.5, 10.0, -1069.0]]
}

entity{
  _template:t="projector"
  projector__color:p3=0.12, 0.12, 0.12
  projector__angle:r=2.0
  projector__sourceWidth:r=1.0
  projector__zAngleAmplitude:r=27.0
  projector__period:r=24.0
  transform:m=[[0.947085, -0.319961, 0.0255969] [-0.320983, -0.944069, 0.0755255] [2.5088e-08, -0.0797452, -0.996815] [449.2, 10.0, 489.2]]
}

entity{
  _template:t="projector"
  projector__color:p3=0.12, 0.12, 0.12
  projector__angle:r=3.0
  projector__sourceWidth:r=1.0
  projector__zAngleAmplitude:r=24.0
  projector__period:r=14.0
  transform:m=[[0.986453, 0.163682, -0.0109121] [-0.164045, 0.984268, -0.0656179] [-3.76747e-08, 0.066519, 0.997785] [915.7, 10.0, -93.4]]
}

entity{
  _template:t="projector"
  projector__color:p3=0.12, 0.12, 0.12
  projector__angle:r=5.0
  projector__sourceWidth:r=1.0
  projector__zAngleAmplitude:r=18.0
  projector__period:r=20.0
  transform:m=[[0.990443, 0.13658, 0.0192066] [0.137924, -0.980793, -0.137924] [3.83442e-08, 0.139255, -0.990257] [452.5, 10.0, -868.0]]
}

entity{
  _template:t="projector"
  projector__color:p3=0.12, 0.12, 0.12
  projector__angle:r=6.0
  projector__sourceWidth:r=1.0
  projector__zAngleAmplitude:r=27.0
  projector__period:r=22.0
  transform:m=[[0.987471, 0.157601, 0.00788168] [-0.157798, 0.986239, 0.049312] [-1.59039e-06, -0.0499379, 0.998752] [696.0, 10.0, -992.0]]
}

entity{
  _template:t="projector"
  projector__color:p3=0.12, 0.12, 0.12
  projector__angle:r=7.0
  projector__sourceWidth:r=1.0
  projector__zAngleAmplitude:r=22.0
  projector__period:r=24.0
  transform:m=[[0.979645, -0.19962, -0.0211718] [-0.20074, -0.974181, -0.103322] [-2.91538e-08, 0.105469, -0.994423] [1536.9, 10.0, -900.9]]
}

entity{
  _template:t="projector"
  projector__color:p3=0.12, 0.12, 0.12
  projector__angle:r=6.0
  projector__sourceWidth:r=1.0
  projector__zAngleAmplitude:r=17.0
  projector__period:r=18.0
  transform:m=[[0.989228, -0.145985, -0.0108311] [0.146386, 0.986516, 0.0731931] [-4.23149e-08, -0.0739902, 0.997259] [1266.4, 10.0, -405.7]]
}

entity{
  _template:t="projector"
  projector__color:p3=0.12, 0.12, 0.12
  projector__angle:r=3.0
  projector__sourceWidth:r=1.0
  projector__zAngleAmplitude:r=26.0
  projector__period:r=14.0
  transform:m=[[0.989783, -0.141161, -0.0201034] [-0.142585, -0.979895, -0.139552] [7.71265e-08, 0.140993, -0.990011] [466.7, 10.0, -1565.0]]
}

entity{
  _template:t="projector"
  projector__color:p3=0.12, 0.12, 0.12
  projector__angle:r=5.0
  projector__sourceWidth:r=1.0
  projector__zAngleAmplitude:r=27.0
  projector__period:r=28.0
  transform:m=[[0.990793, -0.135226, 0.00660554] [0.135387, 0.989612, -0.0483524] [1.57008e-06, 0.0488015, 0.998809] [-115.1, 10.0, -1233.9]]
}

entity{
  _template:t="projector"
  projector__color:p3=0.12, 0.12, 0.12
  projector__angle:r=4.0
  projector__sourceWidth:r=1.0
  projector__zAngleAmplitude:r=16.0
  projector__period:r=24.0
  transform:m=[[0.983735, -0.178902, 0.0161012] [-0.179625, -0.979775, 0.0881798] [1.14989e-08, -0.0896377, -0.995974] [1035.2, 10.0, -349.8]]
}

entity{
  _template:t="projector"
  projector__color:p3=0.12, 0.12, 0.12
  projector__angle:r=2.0
  projector__sourceWidth:r=1.0
  projector__zAngleAmplitude:r=27.0
  projector__period:r=18.0
  transform:m=[[0.983821, 0.177945, -0.0207603] [-0.179152, 0.977194, -0.114006] [4.28705e-08, 0.115881, 0.993263] [724.3, 10.0, 1047.0]]
}

entity{
  _template:t="projector"
  projector__color:p3=0.12, 0.12, 0.12
  projector__angle:r=5.0
  projector__sourceWidth:r=1.0
  projector__zAngleAmplitude:r=18.0
  projector__period:r=14.0
  transform:m=[[0.990771, -0.134661, 0.0154529] [0.135545, 0.984311, -0.112954] [3.96059e-08, 0.114006, 0.99348] [10.4, 10.0, 741.8]]
}

entity{
  _template:t="projector"
  projector__color:p3=0.12, 0.12, 0.12
  projector__angle:r=4.0
  projector__sourceWidth:r=1.0
  projector__zAngleAmplitude:r=25.0
  projector__period:r=24.0
  transform:m=[[0.990532, -0.135297, 0.0232541] [-0.137281, -0.976218, 0.167787] [-7.00381e-09, -0.169391, -0.985549] [303.2, 10.0, 885.3]]
}

entity{
  _template:t="projector"
  projector__color:p3=0.12, 0.12, 0.12
  projector__angle:r=6.0
  projector__sourceWidth:r=1.0
  projector__zAngleAmplitude:r=27.0
  projector__period:r=20.0
  transform:m=[[0.991501, 0.129907, -0.00708057] [-0.1301, 0.990032, -0.0539441] [2.26518e-06, 0.0544068, 0.998519] [539.8, 10.0, 555.1]]
}

entity{
  _template:t="projector"
  projector__color:p3=0.12, 0.12, 0.12
  projector__angle:r=7.0
  projector__sourceWidth:r=1.0
  projector__zAngleAmplitude:r=22.0
  projector__period:r=16.0
  transform:m=[[0.978409, 0.205454, 0.0224715] [0.206679, -0.972608, -0.106379] [-3.17192e-08, 0.108727, -0.994072] [717.9, 10.0, 163.3]]
}

entity{
  _template:t="tracer_launcher"
  transform:m=[[1.0, 0.0, 0.0] [0.0, 1.0, 0.0] [0.0, 0.0, 1.0] [423.804, 2.97412, -977.571]]
  tracer_launcher__shoot_direction:p2=120.0, 50.0
  tracer_launcher__bullet_speed:r=500.0
  tracer_launcher__time_to_fire:r=1.1282
  tracer_launcher__long_cooldown_min_max:p2=0.5, 2.0
  tracer_launcher__long_cooldown_probability:r=0.2
  tracer_launcher__short_cooldown:r=0.1
}

entity{
  _template:t="tracer_launcher"
  transform:m=[[1.0, 0.0, 0.0] [0.0, 1.0, 0.0] [0.0, 0.0, 1.0] [424.635, 2.97412, 634.056]]
  tracer_launcher__bullet_speed:r=500.0
  tracer_launcher__time_to_fire:r=1.1282
  tracer_launcher__long_cooldown_min_max:p2=0.5, 2.0
  tracer_launcher__long_cooldown_probability:r=0.2
  tracer_launcher__short_cooldown:r=0.1
}

entity{
  _template:t="tracer_launcher"
  transform:m=[[1.0, 0.0, 0.0] [0.0, 1.0, 0.0] [0.0, 0.0, 1.0] [298.508, 2.97412, 881.639]]
  tracer_launcher__shoot_direction:p2=45.0, 0.0
  tracer_launcher__rotate_range:p2=30.0, 60.0
  tracer_launcher__bullet_speed:r=500.0
  tracer_launcher__time_to_fire:r=1.1282
  tracer_launcher__long_cooldown_min_max:p2=0.5, 2.0
  tracer_launcher__long_cooldown_probability:r=0.2
  tracer_launcher__short_cooldown:r=0.1
}

entity{
  _template:t="tracer_launcher"
  transform:m=[[1.0, 0.0, 0.0] [0.0, 1.0, 0.0] [0.0, 0.0, 1.0] [103.453, 2.97412, 1101.59]]
  tracer_launcher__shoot_direction:p2=180.0, 5.0
  tracer_launcher__rotate_range:p2=50.0, 120.0
  tracer_launcher__bullet_speed:r=500.0
  tracer_launcher__time_to_fire:r=1.1282
  tracer_launcher__long_cooldown_min_max:p2=0.5, 2.0
  tracer_launcher__long_cooldown_probability:r=0.2
  tracer_launcher__short_cooldown:r=0.1
}

entity{
  _template:t="tracer_launcher"
  transform:m=[[1.0, 0.0, 0.0] [0.0, 1.0, 0.0] [0.0, 0.0, 1.0] [1564.22, 2.97412, -112.722]]
  tracer_launcher__bullet_speed:r=500.0
  tracer_launcher__time_to_fire:r=1.1282
  tracer_launcher__long_cooldown_min_max:p2=0.5, 2.0
  tracer_launcher__long_cooldown_probability:r=0.2
  tracer_launcher__short_cooldown:r=0.1
}

entity{
  _template:t="tracer_launcher"
  transform:m=[[1.0, 0.0, 0.0] [0.0, 1.0, 0.0] [0.0, 0.0, 1.0] [1697.8, 2.97412, -317.409]]
  tracer_launcher__bullet_speed:r=500.0
  tracer_launcher__time_to_fire:r=1.1282
  tracer_launcher__long_cooldown_min_max:p2=0.5, 2.0
  tracer_launcher__long_cooldown_probability:r=0.2
  tracer_launcher__short_cooldown:r=0.1
}

entity{
  _template:t="tracer_launcher"
  transform:m=[[1.0, 0.0, 0.0] [0.0, 1.0, 0.0] [0.0, 0.0, 1.0] [570.875, 2.97412, -1024.4]]
  tracer_launcher__bullet_speed:r=500.0
  tracer_launcher__time_to_fire:r=1.1282
  tracer_launcher__long_cooldown_min_max:p2=0.5, 2.0
  tracer_launcher__long_cooldown_probability:r=0.2
  tracer_launcher__short_cooldown:r=0.1
  tracer_launcher__rotate_range:p2=10.0, 50.0
}

entity{
  _template:t="water"
  water__strength:r=0.3
  water__level:r=-2.0
}

entity{
  _template:t="group_activator"
  activator__initialLength:i=5

  "activator__activateChoice:object"{
    sector_1:r=1.0
  }
}

entity{
  _template:t="enemy_attack_marker"
}

entity{
  _template:t="static_cam"
  camera__active:b=yes
  transform:m=[[0.376803, -0.0109575, -0.926228] [0.030461, 0.999535, 0.000567174] [0.925793, -0.0284276, 0.376961] [-557.312, 11.926, 63.7869]]
}

entity{
  _template:t="team_ussr_berlin+team_narrator_invasion_attack+respawn_creators_team"
  team__memberCount:r=0.0
  team__scoreCap:r=1750.0
  team__score:r=1750.0
  team__squadSpawnCost:i=250
  team__firstSpawnCostMul:r=0.0
  team__zeroScoreFailTimer:r=120.0
  team__id:i=1
  team__haveScores:b=no
  team__briefing:t="invasion/attackers_goals"
  team__winSubtitle:t="debriefing/won_invasion_subtitle"
  team__loseSubtitle:t="debriefing/lost_invasion_subtitle"
  team__winTitle:t="debriefing/ussr_won_invasion"
  team__spawnBotArmy:t="moscow_allies"
}

entity{
  _template:t="team_germany_berlin+team_narrator_invasion_defence+respawn_creators_team"
  team__countAdd:r=0.5
  team__memberCount:r=0.5
  team__scoreCap:r=5000.0
  team__capturePenalty:r=1001.0
  team__score:r=5000.0
  team__id:i=2
  team__briefing:t="invasion/defenders_goals"
  team__winSubtitle:t="debriefing/won_defence_subtitle"
  team__loseSubtitle:t="debriefing/lost_defence_subtitle"
  team__winTitle:t="debriefing/ger_won_defence"
  team__spawnBotArmy:t="moscow_axis"
}

entity{
  _template:t="defend_zone_chained_sphere+defend_zone_respawnbase"
  transform:m=[[2.73417, 0.0, 0.0] [0.0, 2.25981, 0.0] [0.0, 0.0, 2.04384] [-453.973, 6.14622, 140.341]]
  capzone__capRewardPartCap:r=1.1
  capzone__onlyTeamCanCapture:i=1
  capzone__curTeamCapturingZone:i=-1
  groupName:t="sector_1"
  capzone__capTime:r=30.0
  capzone__capTeam:i=-1
  active:b=yes
  capzone__decapTime:r=600.0
  ui_order:i=4
  capzone__capReward:r=250.0
  capzone__icon:t="AAA"
  capzone__caption:t="capzone/restaurant"
  capzone__deactivateAfterTimeout:r=25.0
  capzone__spawnAtZoneTimeout:r=25.0
  capzone__createRespawnBaseForTeam:i=2
  decal__thickness:r=0.4
  decal__height:r=0.5
  capzone__checkAllZonesInGroup:b=no
  capzone__activateAfterCap:t="sector_2"
  capzone__alwaysShow:b=yes

  "capzone__activateChoice:object"{
    sector_2:r=1.0
  }
}

entity{
  _template:t="defend_zone_chained_box+defend_zone_respawnbase"
  transform:m=[[27.3445, 0.0, -0.649246] [0.0, 5.03619, 0.0] [-0.481246, 0.0, 30.2286] [-393.44, 8.50937, 192.906]]
  capzone__capRewardPartCap:r=1.2
  capzone__onlyTeamCanCapture:i=1
  capzone__curTeamCapturingZone:i=-1
  groupName:t="sector_2"
  capzone__capTime:r=30.0
  capzone__capTeam:i=-1
  active:b=no
  capzone__decapTime:r=600.0
  ui_order:i=3
  capzone__capReward:r=250.0
  capzone__icon:t="AAA"
  capzone__caption:t="capzone/main_hall"
  capzone__deactivateAfterTimeout:r=25.0
  capzone__spawnAtZoneTimeout:r=25.0
  capzone__createRespawnBaseForTeam:i=2
  decal__thickness:r=0.4
  decal__height:r=2.5
  capzone__activateAfterCap:t="sector_3"
  capzone__alwaysShow:b=yes

  "capzone__activateChoice:object"{
    sector_3:r=1.0
  }
}

entity{
  _template:t="defend_zone_chained_sphere+defend_zone_respawnbase+capzone_projdecal"
  transform:m=[[2.73728, 0.0, 0.0] [0.0, 2.67924, 0.0] [0.0, 0.0, 3.27051] [-305.0, 3.29863, 186.569]]
  capzone__capRewardPartCap:r=1.3
  capzone__onlyTeamCanCapture:i=1
  capzone__curTeamCapturingZone:i=-1
  groupName:t="sector_3"
  capzone__capTime:r=30.0
  capzone__capTeam:i=-1
  active:b=no
  capzone__decapTime:r=600.0
  ui_order:i=2
  capzone__capReward:r=250.0
  capzone__icon:t="AAA"
  capzone__caption:t="capzone/monument"
  capzone__deactivateAfterTimeout:r=25.0
  capzone__spawnAtZoneTimeout:r=25.0
  capzone__createRespawnBaseForTeam:i=2
  decal__thickness:r=0.3
  decal__height:r=0.3
  capzone__activateAfterCap:t="sector_4"
  capzone__alwaysShow:b=yes

  "capzone__activateChoice:object"{
    sector_4:r=1.0
  }
}

entity{
  _template:t="defend_zone_chained_sphere+defend_zone_respawnbase"
  transform:m=[[3.14109, 0.0, 0.0] [0.0, 2.67924, 0.0] [0.0, 0.0, 4.03654] [-148.805, 5.70108, 176.816]]
  capzone__capRewardPartCap:r=1.4
  capzone__onlyTeamCanCapture:i=1
  capzone__curTeamCapturingZone:i=-1
  groupName:t="sector_4"
  capzone__capTime:r=30.0
  capzone__capTeam:i=-1
  active:b=no
  capzone__decapTime:r=600.0
  ui_order:i=2
  capzone__capReward:r=250.0
  capzone__icon:t="AAA"
  capzone__caption:t="capzone/moat"
  capzone__deactivateAfterTimeout:r=25.0
  capzone__spawnAtZoneTimeout:r=25.0
  capzone__createRespawnBaseForTeam:i=2
  decal__thickness:r=0.3
  decal__height:r=7.0
  capzone__activateAfterCap:t="sector_5"
  capzone__alwaysShow:b=yes

  "capzone__activateChoice:object"{
    sector_5:r=1.0
  }
}

entity{
  _template:t="defend_zone_chained_box+defend_zone_respawnbase"
  transform:m=[[25.0686, 0.0, 0.478989] [0.0, 9.59467, 0.0] [-0.674246, 0.0, 35.2878] [-0.525845, 8.21819, 176.104]]
  capzone__capRewardPartCap:r=1.5
  capzone__onlyTeamCanCapture:i=1
  capzone__curTeamCapturingZone:i=-1
  groupName:t="sector_5"
  capzone__capTime:r=30.0
  capzone__capTeam:i=-1
  active:b=no
  capzone__decapTime:r=600.0
  ui_order:i=3
  capzone__capReward:r=250.0
  capzone__icon:t="AAA"
  capzone__caption:t="capzone/reichstag_square"
  capzone__deactivateAfterTimeout:r=25.0
  capzone__spawnAtZoneTimeout:r=25.0
  capzone__createRespawnBaseForTeam:i=2
  decal__thickness:r=0.4
  decal__height:r=2.5
  capzone__checkAllZonesInGroup:b=no
  capzone__activateAfterCap:t=""
  capzone__alwaysShow:b=yes
}

entity{
  _template:t="respawnChooser+respTeam1"
  transform:m=[[-0.968332, 0.0, -0.249666] [0.0, 1.0, 0.0] [0.249666, 0.0, -0.968332] [-399.065, 3.5795, 68.4995]]
  groupName:t="sector_1"
  active:b=no
  team:i=1
}

entity{
  _template:t="respawnChooser+respTeam1"
  transform:m=[[0.901623, 0.0, -0.432523] [0.0, 1.0, 0.0] [0.432523, 0.0, 0.901623] [-423.983, 4.04802, 67.6333]]
  groupName:t="sector_1"
  active:b=no
  team:i=1
}

entity{
  _template:t="respawnChooser+respTeam1"
  transform:m=[[-0.889715, 0.0, 0.456515] [0.0, 1.0, 0.0] [-0.456515, 0.0, -0.889715] [-482.48, 4.23921, 71.0105]]
  groupName:t="sector_1"
  active:b=no
  respawnBaseGroup:i=2
  team:i=1
}

entity{
  _template:t="respawnChooser+respTeam1"
  transform:m=[[-0.0374958, 0.0, 0.999297] [0.0, 1.0, 0.0] [-0.999297, 0.0, -0.0374958] [-487.658, 3.80126, 68.2995]]
  groupName:t="sector_1"
  active:b=no
  respawnBaseGroup:i=2
  team:i=1
}

entity{
  _template:t="respawnChooser+respVehicle"
  respTime:i=150
  groupName:t="sector_1"
  team:i=1
  maxVehicleOnSpawn:i=2
  transform:m=[[0.999884, 0.0, -0.0152427] [0.0, 1.0, 0.0] [0.0152427, 0.0, 0.999884] [-551.81, 3.68691, 49.5381]]
  active:b=no
  respawnBaseGroup:i=1
}

entity{
  _template:t="respawnChooser+respTeam1"
  transform:m=[[-0.942773, 0.0, 0.333439] [0.0, 1.0, 0.0] [-0.333439, 0.0, -0.942773] [-412.359, 6.54286, 120.903]]
  active:b=no
  groupName:t="sector_2"
}

entity{
  _template:t="respawnChooser+respTeam1"
  transform:m=[[0.983297, 0.0, 0.182004] [0.0, 1.0, 0.0] [-0.182004, 0.0, 0.983297] [-404.807, 4.01926, 120.438]]
  groupName:t="sector_2"
  active:b=no
}

entity{
  _template:t="respawnChooser+respTeam2"
  transform:m=[[0.670615, 0.0, 0.741805] [0.0, 1.0, 0.0] [-0.741805, 0.0, 0.670615] [-467.273, 10.4247, 152.77]]
  groupName:t="sector_2"
  active:b=no
  respawnBaseGroup:i=2
  team:i=1
}

entity{
  _template:t="respawnChooser+respTeam2"
  transform:m=[[0.999998, 0.0, -0.00187758] [0.0, 1.0, 0.0] [0.00187758, 0.0, 0.999998] [-467.926, 6.59113, 152.752]]
  groupName:t="sector_2"
  respawnBaseGroup:i=2
  active:b=no
  team:i=1
}

entity{
  _template:t="respawnChooser+respTeam2"
  transform:m=[[-0.96824, 0.0, -0.25002] [0.0, 1.0, 0.0] [0.25002, 0.0, -0.96824] [-337.101, 3.57577, 198.628]]
  groupName:t="sector_2"
  active:b=no
}

entity{
  _template:t="respawnChooser+respTeam2"
  transform:m=[[-0.600452, 0.0, -0.79966] [0.0, 1.0, 0.0] [0.79966, 0.0, -0.600452] [-346.238, 3.73557, 215.759]]
  groupName:t="sector_2"
  active:b=no
}

entity{
  _template:t="respawnChooser+respTeam2"
  transform:m=[[0.792877, 0.0, -0.609381] [0.0, 1.0, 0.0] [0.609381, 0.0, 0.792877] [-395.292, 3.72697, 252.098]]
  groupName:t="sector_2"
  respawnBaseGroup:i=2
  active:b=no
}

entity{
  _template:t="respawnChooser+respTeam2"
  transform:m=[[-0.106076, 0.0, -0.994357] [0.0, 1.0, 0.0] [0.994357, 0.0, -0.106076] [-403.12, 3.46235, 245.857]]
  groupName:t="sector_2"
  respawnBaseGroup:i=2
  active:b=no
}

entity{
  _template:t="respawnChooser+respVehicle"
  transform:m=[[-0.858338, 0.0, -0.513084] [0.0, 1.0, 0.0] [0.513084, 0.0, -0.858338] [-323.023, 3.29863, 283.739]]
  groupName:t="sector_2"
  active:b=no
  team:i=2
}

entity{
  _template:t="respawnChooser+respVehicle"
  transform:m=[[0.328338, 0.0, 0.94456] [0.0, 1.0, 0.0] [-0.94456, 0.0, 0.328338] [-514.948, 3.29912, 86.2513]]
  active:b=no
  groupName:t="sector_2"
  team:i=1
}

entity{
  _template:t="respawnChooser+respTeam1"
  transform:m=[[0.96331, 0.0, -0.268394] [0.0, 1.0, 0.0] [0.268394, 0.0, 0.96331] [-397.203, 4.45532, 228.394]]
  active:b=no
  groupName:t="sector_3"
}

entity{
  _template:t="respawnChooser+respTeam1"
  transform:m=[[0.962652, 0.0, 0.270742] [0.0, 1.0, 0.0] [-0.270742, 0.0, 0.962652] [-395.661, 3.48578, 234.635]]
  active:b=no
  groupName:t="sector_3"
}

entity{
  _template:t="respawnChooser+respTeam1"
  transform:m=[[0.63306, 0.0, 0.774102] [0.0, 1.0, 0.0] [-0.774102, 0.0, 0.63306] [-399.422, 6.20896, 172.862]]
  active:b=no
  groupName:t="sector_3"
  respawnBaseGroup:i=2
}

entity{
  _template:t="respawnChooser+respTeam1"
  transform:m=[[0.941291, 0.0, 0.337595] [0.0, 1.0, 0.0] [-0.337595, 0.0, 0.941291] [-405.104, 6.58119, 180.235]]
  active:b=no
  groupName:t="sector_3"
  respawnBaseGroup:i=2
}

entity{
  _template:t="respawnChooser+respVehicle"
  transform:m=[[0.796991, 0.0, 0.603992] [0.0, 1.0, 0.0] [-0.603992, 0.0, 0.796991] [-435.238, 3.8312, 273.367]]
  groupName:t="sector_3"
  team:i=1
  active:b=no
}

entity{
  _template:t="respawnChooser+respTeam2"
  transform:m=[[0.338656, 0.0, 0.940911] [0.0, 1.0, 0.0] [-0.940911, 0.0, 0.338656] [-223.853, 3.32308, 208.551]]
  groupName:t="sector_3"
  active:b=no
}

entity{
  _template:t="respawnChooser+respTeam2"
  transform:m=[[0.196552, 0.0, -0.980494] [0.0, 1.0, 0.0] [0.980494, 0.0, 0.196552] [-225.036, 3.18568, 147.624]]
  active:b=no
  groupName:t="sector_3"
  respawnBaseGroup:i=2
}

entity{
  _template:t="respawnChooser+respVehicle"
  transform:m=[[-0.37438, 0.0, -0.927275] [0.0, 1.0, 0.0] [0.927275, 0.0, -0.37438] [-170.336, 3.29961, 301.098]]
  team:i=2
  groupName:t="sector_3"
  active:b=no
}

entity{
  _template:t="respawnChooser+respTeam1"
  transform:m=[[0.842882, 0.0, 0.538099] [0.0, 1.0, 0.0] [-0.538099, 0.0, 0.842882] [-293.884, 3.88129, 234.983]]
  active:b=no
  groupName:t="sector_4"
}

entity{
  _template:t="respawnChooser+respTeam1"
  transform:m=[[0.506197, 0.0, -0.862418] [0.0, 1.0, 0.0] [0.862418, 0.0, 0.506197] [-318.119, 3.71833, 171.865]]
  groupName:t="sector_4"
  active:b=no
  respawnBaseGroup:i=2
}

entity{
  _template:t="respawnChooser+respVehicle"
  transform:m=[[0.0307201, 0.0, -0.999528] [0.0, 1.0, 0.0] [0.999528, 0.0, 0.0307201] [-363.237, 3.29863, 184.444]]
  active:b=no
  groupName:t="sector_4"
  team:i=1
}

entity{
  _template:t="respawnChooser+respVehicle"
  transform:m=[[-0.997097, 0.0, 0.076141] [0.0, 1.0, 0.0] [-0.076141, 0.0, -0.997097] [3.90513, 3.6847, 97.1495]]
  groupName:t="sector_4"
  active:b=no
  team:i=2
}

entity{
  _template:t="respawnChooser+respTeam2"
  transform:m=[[0.175845, 0.0, -0.984418] [0.0, 1.0, 0.0] [0.984418, 0.0, 0.175845] [-59.7181, 3.7039, 258.083]]
  active:b=no
  groupName:t="sector_4"
}

entity{
  _template:t="respawnChooser+respTeam2"
  transform:m=[[-0.122328, 0.0, 0.992491] [0.0, 1.0, 0.0] [-0.992491, 0.0, -0.122328] [-57.3186, 4.61343, 266.08]]
  active:b=no
  groupName:t="sector_4"
}

entity{
  _template:t="respawnChooser+respTeam2"
  transform:m=[[-0.106303, 0.0, -0.994334] [0.0, 1.0, 0.0] [0.994334, 0.0, -0.106303] [-33.9983, 2.71644, 143.805]]
  groupName:t="sector_4"
  active:b=no
  respawnBaseGroup:i=2
}

entity{
  _template:t="respawnChooser+respTeam2"
  transform:m=[[-0.388299, 0.0, 0.921534] [0.0, 1.0, 0.0] [-0.921534, 0.0, -0.388299] [-32.1846, 2.97594, 132.375]]
  active:b=no
  groupName:t="sector_4"
  respawnBaseGroup:i=2
}

entity{
  _template:t="respawnChooser+respTeam2"
  transform:m=[[-0.242304, 0.0, 0.970201] [0.0, 1.0, 0.0] [-0.970201, 0.0, -0.242304] [107.526, 4.40973, 61.0338]]
  groupName:t="sector_5"
  active:b=no
}

entity{
  _template:t="respawnChooser+respTeam2"
  transform:m=[[-0.970114, 0.0, -0.24265] [0.0, 1.0, 0.0] [0.24265, 0.0, -0.970114] [105.405, 4.01793, 59.1]]
  active:b=no
  groupName:t="sector_5"
}

entity{
  _template:t="respawnChooser+respTeam2"
  transform:m=[[-0.362191, 0.0, -0.932103] [0.0, 1.0, 0.0] [0.932103, 0.0, -0.362191] [129.776, 3.5237, 255.277]]
  active:b=no
  groupName:t="sector_5"
  respawnBaseGroup:i=2
}

entity{
  _template:t="respawnChooser+respTeam2"
  transform:m=[[-0.29247, 0.0, 0.956275] [0.0, 1.0, 0.0] [-0.956275, 0.0, -0.29247] [129.714, 3.63071, 258.472]]
  active:b=no
  groupName:t="sector_5"
  respawnBaseGroup:i=2
}

entity{
  _template:t="respawnChooser+respVehicle"
  transform:m=[[-0.399072, 0.0, 0.91692] [0.0, 1.0, 0.0] [-0.91692, 0.0, -0.399072] [174.477, 4.00264, 64.6448]]
  groupName:t="sector_5"
  team:i=2
  active:b=no
}

entity{
  _template:t="respawnChooser+respTeam1"
  transform:m=[[0.615548, 0.0, 0.7881] [0.0, 1.0, 0.0] [-0.7881, 0.0, 0.615548] [-189.638, 4.02493, 185.504]]
  active:b=no
  groupName:t="sector_5"
}

entity{
  _template:t="respawnChooser+respTeam1"
  transform:m=[[0.678839, 0.0, -0.734288] [0.0, 1.0, 0.0] [0.734288, 0.0, 0.678839] [-189.717, 3.92284, 182.527]]
  groupName:t="sector_5"
  active:b=no
  team:i=1
}

entity{
  _template:t="respawnChooser+respVehicle"
  transform:m=[[0.956817, 0.0, 0.290692] [0.0, 1.0, 0.0] [-0.290692, 0.0, 0.956817] [-215.299, 3.40727, 257.066]]
  active:b=no
  groupName:t="sector_5"
  team:i=1
}

entity{
  _template:t="poly_battle_area"
  transform:m=[[1.0, 0.0, 0.0] [0.0, 1.0, 0.0] [0.0, 0.0, 1.0] [-435.41, 3.29957, 61.7152]]
  battleAreaId:t="1_area1"
  battle_area__team:i=1
  groupName:t="sector_1"
  active:b=no
  battle_area__timeToDamage:r=5.0
  battle_area__damage:r=3.0
}

entity{
  _template:t="battle_area_polygon_point"
  transform:m=[[1.0, 0.0, 0.0] [0.0, 1.0, 0.0] [0.0, 0.0, 1.0] [-579.825, 3.29863, 29.8717]]
  battle_area_polygon_point__forBattleAreaId:t="1_area1"
  battle_area_polygon_point__id:t="point1"
  battle_area_polygon_point__nextId:t="point2"
}

entity{
  _template:t="battle_area_polygon_point"
  transform:m=[[1.0, 0.0, 0.0] [0.0, 1.0, 0.0] [0.0, 0.0, 1.0] [-552.878, 3.30271, 172.5]]
  battle_area_polygon_point__forBattleAreaId:t="1_area1"
  battle_area_polygon_point__id:t="point4"
  battle_area_polygon_point__nextId:t="point1"
}

entity{
  _template:t="battle_area_polygon_point"
  transform:m=[[1.0, 0.0, 0.0] [0.0, 1.0, 0.0] [0.0, 0.0, 1.0] [-352.851, 3.29864, 167.138]]
  battle_area_polygon_point__forBattleAreaId:t="1_area1"
  battle_area_polygon_point__id:t="point3"
  battle_area_polygon_point__nextId:t="point4"
}

entity{
  _template:t="battle_area_polygon_point"
  transform:m=[[1.0, 0.0, 0.0] [0.0, 1.0, 0.0] [0.0, 0.0, 1.0] [-350.524, 3.24504, 20.6896]]
  battle_area_polygon_point__forBattleAreaId:t="1_area1"
  battle_area_polygon_point__id:t="point2"
  battle_area_polygon_point__nextId:t="point3"
}

entity{
  _template:t="poly_battle_area"
  transform:m=[[1.0, 0.0, 0.0] [0.0, 1.0, 0.0] [0.0, 0.0, 1.0] [-362.86, 3.29863, 222.098]]
  battleAreaId:t="1_area2"
  battle_area__team:i=2
  groupName:t="sector_1"
  active:b=no
  battle_area__timeToDamage:r=5.0
  battle_area__damage:r=3.0
}

entity{
  _template:t="battle_area_polygon_point"
  transform:m=[[1.0, 0.0, 0.0] [0.0, 1.0, 0.0] [0.0, 0.0, 1.0] [-471.404, 3.29862, 270.446]]
  battle_area_polygon_point__forBattleAreaId:t="1_area2"
  battle_area_polygon_point__id:t="point1"
  battle_area_polygon_point__nextId:t="point2"
}

entity{
  _template:t="battle_area_polygon_point"
  transform:m=[[1.0, 0.0, 0.0] [0.0, 1.0, 0.0] [0.0, 0.0, 1.0] [-361.54, 3.29863, 324.833]]
  battle_area_polygon_point__forBattleAreaId:t="1_area2"
  battle_area_polygon_point__id:t="point4"
  battle_area_polygon_point__nextId:t="point1"
}

entity{
  _template:t="battle_area_polygon_point"
  transform:m=[[1.0, 0.0, 0.0] [0.0, 1.0, 0.0] [0.0, 0.0, 1.0] [-356.237, 3.29865, 112.466]]
  battle_area_polygon_point__forBattleAreaId:t="1_area2"
  battle_area_polygon_point__id:t="point3"
  battle_area_polygon_point__nextId:t="point4"
}

entity{
  _template:t="battle_area_polygon_point"
  transform:m=[[1.0, 0.0, 0.0] [0.0, 1.0, 0.0] [0.0, 0.0, 1.0] [-515.605, 3.29888, 114.278]]
  battle_area_polygon_point__forBattleAreaId:t="1_area2"
  battle_area_polygon_point__id:t="point2"
  battle_area_polygon_point__nextId:t="point3"
}

entity{
  _template:t="poly_battle_area"
  transform:m=[[1.0, 0.0, 0.0] [0.0, 1.0, 0.0] [0.0, 0.0, 1.0] [-368.082, 3.41027, 167.815]]
  active:b=no
  battleAreaId:t="2_area1"
  groupName:t="sector_2"
  battle_area__team:i=1
  battle_area__timeToDamage:r=5.0
  battle_area__damage:r=3.0
}

entity{
  _template:t="battle_area_polygon_point"
  transform:m=[[1.0, 0.0, 0.0] [0.0, 1.0, 0.0] [0.0, 0.0, 1.0] [-351.403, 3.29876, 26.7359]]
  battle_area_polygon_point__forBattleAreaId:t="2_area1"
  battle_area_polygon_point__id:t="point1"
  battle_area_polygon_point__nextId:t="point2"
}

entity{
  _template:t="battle_area_polygon_point"
  transform:m=[[1.0, 0.0, 0.0] [0.0, 1.0, 0.0] [0.0, 0.0, 1.0] [-538.748, 3.29, 42.1172]]
  battle_area_polygon_point__forBattleAreaId:t="2_area1"
  battle_area_polygon_point__id:t="point6"
  battle_area_polygon_point__nextId:t="point1"
}

entity{
  _template:t="battle_area_polygon_point"
  transform:m=[[1.0, 0.0, 0.0] [0.0, 1.0, 0.0] [0.0, 0.0, 1.0] [-472.278, 3.29863, 227.663]]
  battle_area_polygon_point__forBattleAreaId:t="2_area1"
  battle_area_polygon_point__id:t="point5"
  battle_area_polygon_point__nextId:t="point6"
}

entity{
  _template:t="battle_area_polygon_point"
  transform:m=[[1.0, 0.0, 0.0] [0.0, 1.0, 0.0] [0.0, 0.0, 1.0] [-366.86, 3.29863, 162.542]]
  battle_area_polygon_point__forBattleAreaId:t="2_area1"
  battle_area_polygon_point__id:t="point3"
  battle_area_polygon_point__nextId:t="point4"
}

entity{
  _template:t="poly_battle_area"
  transform:m=[[1.0, 0.0, 0.0] [0.0, 1.0, 0.0] [0.0, 0.0, 1.0] [-370.877, 3.29863, 226.168]]
  battleAreaId:t="2_area2"
  active:b=no
  battle_area__team:i=2
  groupName:t="sector_2"
  battle_area__timeToDamage:r=5.0
  battle_area__damage:r=3.0
}

entity{
  _template:t="battle_area_polygon_point"
  transform:m=[[1.0, 0.0, 0.0] [0.0, 1.0, 0.0] [0.0, 0.0, 1.0] [-423.018, 3.62511, 162.231]]
  battle_area_polygon_point__forBattleAreaId:t="2_area2"
  battle_area_polygon_point__id:t="point6"
  battle_area_polygon_point__nextId:t="point7"
}

entity{
  _template:t="battle_area_polygon_point"
  transform:m=[[1.0, 0.0, 0.0] [0.0, 1.0, 0.0] [0.0, 0.0, 1.0] [-263.674, 3.29863, 337.232]]
  battle_area_polygon_point__forBattleAreaId:t="2_area2"
  battle_area_polygon_point__id:t="point2"
  battle_area_polygon_point__nextId:t="point3"
}

entity{
  _template:t="battle_area_polygon_point"
  transform:m=[[1.0, 0.0, 0.0] [0.0, 1.0, 0.0] [0.0, 0.0, 1.0] [-414.087, 3.2996, 342.502]]
