import{
  scene:t="content/enlisted/gamedata/scenes/_berlin_city_battle_sounds.blk"
}

entity{
  _template:t="shaderVars"

  "shader_vars__vars:object"{
    hmap_displacement_up:r=0.3
    ocean1:c=142, 137, 71, 0
    ocean0:c=76, 63, 5, 0
    ocean_density:r=0.1
    river1:c=64, 64, 29, 0
    river0:c=49, 47, 41, 0
    hmap_displacement_down:r=-0.15
    leaves_ss_profile:p4=1.0, 1.0, 1.0, 0.0
    paint_details_tex:t="germany_wall_color_tex_palette*"
    layered_fog_height:r=20.0
    water_color_noise_size:r=71.0
    water_depth_hardness:r=0.41
    river_density:r=0.5
  }
}

entity{
  _template:t="ri_gpu_object"
  ri_gpu_object__name:t="tree_fraxinus_bush_small_a"
  ri_gpu_object__biom_indexes:p4=22.0, -1.0, -1.0, -1.0
  ri_gpu_object__grid_size:i=16
  ri_gpu_object__grid_tiling:i=1
  ri_gpu_object__cell_size:r=8.0
  ri_gpu_object__incline_delta:r=0.0
  ri_gpu_object__scale_range:p2=0.9, 1.05
  ri_gpu_object__rotate_range:p2=0.0, 0.0
  ri_gpu_object__seed:i=1127
  ri_gpu_object__is_using_normal:b=no
  ri_gpu_object__sparse_weight:r=17.5

  "ri_gpu_object__multiple_objects:array"{

    "ri_gpu_object__multiple_objects:object"{
      name:t="tree_fraxinus_bush_small_a"
      weight:r=1.0
    }

    "ri_gpu_object__multiple_objects:object"{
      name:t="tree_fraxinus_bush_small_b"
      weight:r=1.0
    }

    "ri_gpu_object__multiple_objects:object"{
      name:t="tree_fraxinus_bush_small_c"
      weight:r=1.0
    }

    "ri_gpu_object__multiple_objects:object"{
      name:t="tree_fraxinus_bush_small_d"
      weight:r=1.0
    }

    "ri_gpu_object__multiple_objects:object"{
      name:t="tree_fraxinus_bush_small_e"
      weight:r=1.0
    }
  }
}

entity{
  _template:t="ri_gpu_object"
  ri_gpu_object__name:t="tree_dry_branches_a"
  ri_gpu_object__biom_indexes:p4=2.0, -1.0, -1.0, -1.0
  ri_gpu_object__grid_size:i=8
  ri_gpu_object__grid_tiling:i=2
  ri_gpu_object__cell_size:r=16.0
  ri_gpu_object__incline_delta:r=0.0
  ri_gpu_object__scale_range:p2=0.6, 1.05
  ri_gpu_object__rotate_range:p2=135.0, 960.0
  ri_gpu_object__seed:i=55112
  ri_gpu_object__is_using_normal:b=yes

  "ri_gpu_object__multiple_objects:array"{

    "ri_gpu_object__multiple_objects:object"{
      name:t="tree_dry_branches_a"
      weight:r=1.0
    }

    "ri_gpu_object__multiple_objects:object"{
      name:t="tree_dry_branches_b"
      weight:r=1.0
    }

    "ri_gpu_object__multiple_objects:object"{
      name:t="tree_dry_branches_c"
      weight:r=1.0
    }

    "ri_gpu_object__multiple_objects:object"{
      name:t="tree_branches_small_a"
      weight:r=0.33
    }

    "ri_gpu_object__multiple_objects:object"{
      name:t="tree_branches_small_b"
      weight:r=0.33
    }

    "ri_gpu_object__multiple_objects:object"{
      name:t="tree_branches_small_c"
      weight:r=0.33
    }

    "ri_gpu_object__multiple_objects:object"{
      name:t="tree_branches_small_d"
      weight:r=0.33
    }
  }
}

entity{
  _template:t="ri_gpu_object"
  ri_gpu_object__name:t="tree_dry_pine_branches_e"
  ri_gpu_object__biom_indexes:p4=22.0, 1.0, -1.0, -1.0
  ri_gpu_object__grid_size:i=8
  ri_gpu_object__grid_tiling:i=1
  ri_gpu_object__cell_size:r=8.0
  ri_gpu_object__incline_delta:r=0.0
  ri_gpu_object__scale_range:p2=0.5, 0.65
  ri_gpu_object__rotate_range:p2=135.0, 960.0
  ri_gpu_object__seed:i=5542
  ri_gpu_object__sparse_weight:r=5.0
  ri_gpu_object__is_using_normal:b=yes

  "ri_gpu_object__multiple_objects:array"{

    "ri_gpu_object__multiple_objects:object"{
      name:t="tree_dry_pine_branches_pile_a"
      weight:r=1.0
    }

    "ri_gpu_object__multiple_objects:object"{
      name:t="tree_dry_pine_branches_pile_b"
      weight:r=1.0
    }

    "ri_gpu_object__multiple_objects:object"{
      name:t="tree_dry_pine_branches_pile_c"
      weight:r=1.0
    }

    "ri_gpu_object__multiple_objects:object"{
      name:t="tree_dry_pine_branches_pile_d"
      weight:r=1.0
    }

    "ri_gpu_object__multiple_objects:object"{
      name:t="tree_dry_pine_branches_a"
      weight:r=1.0
    }

    "ri_gpu_object__multiple_objects:object"{
      name:t="tree_dry_pine_branches_b"
      weight:r=1.0
    }

    "ri_gpu_object__multiple_objects:object"{
      name:t="tree_dry_pine_branches_c"
      weight:r=1.0
    }

    "ri_gpu_object__multiple_objects:object"{
      name:t="tree_dry_pine_branches_d"
      weight:r=1.0
    }

    "ri_gpu_object__multiple_objects:object"{
      name:t="tree_dry_pine_branches_e"
      weight:r=1.0
    }
  }
}

entity{
  _template:t="ri_gpu_object"
  ri_gpu_object__name:t="generic_stone_small_a"
  ri_gpu_object__biom_indexes:p4=2.0, 3.0, 52.0, -1.0
  ri_gpu_object__grid_size:i=8
  ri_gpu_object__grid_tiling:i=8
  ri_gpu_object__cell_size:r=16.0
  ri_gpu_object__incline_delta:r=0.0
  ri_gpu_object__scale_range:p2=0.05, 1.4
  ri_gpu_object__rotate_range:p2=135.0, 960.0
  ri_gpu_object__seed:i=75112
  ri_gpu_object__sparse_weight:r=5.0
  ri_gpu_object__is_using_normal:b=yes

  "ri_gpu_object__multiple_objects:array"{

    "ri_gpu_object__multiple_objects:object"{
      name:t="generic_stone_small_a"
      weight:r=1.0
    }

    "ri_gpu_object__multiple_objects:object"{
      name:t="generic_stone_small_b"
      weight:r=1.0
    }

    "ri_gpu_object__multiple_objects:object"{
      name:t="generic_stone_small_c"
      weight:r=1.0
    }

    "ri_gpu_object__multiple_objects:object"{
      name:t="generic_stone_small_d"
      weight:r=1.0
    }

    "ri_gpu_object__multiple_objects:object"{
      name:t="generic_stone_small_e"
      weight:r=1.0
    }

    "ri_gpu_object__multiple_objects:object"{
      name:t="generic_stone_small_f"
      weight:r=1.0
    }
  }
}

entity{
  _template:t="ri_gpu_object"
  ri_gpu_object__name:t="clover_a"
  ri_gpu_object__biom_indexes:p4=22.0, -1.0, -1.0, -1.0
  ri_gpu_object__grid_size:i=8
  ri_gpu_object__grid_tiling:i=16
  ri_gpu_object__cell_size:r=8.0
  ri_gpu_object__incline_delta:r=15.0
  ri_gpu_object__scale_range:p2=0.5, 1.4
  ri_gpu_object__rotate_range:p2=180.0, 360.0
  ri_gpu_object__seed:i=2
  ri_gpu_object__is_using_normal:b=yes
  ri_gpu_object__sparse_weight:r=5.0
  ri_gpu_object__up_vector:p3=0.0, 1.0, 0.0
}

entity{
  _template:t="postfx_roundctrl"

  "post_fx:object"{
  }
}

entity{
  _template:t="postfx_color_grading_tonemap_death_alive_enlisted"
}

entity{
  _template:t="minimap_berlin_seelow_heights"
}

entity{
  _template:t="door_mult_ent_generator"
  ri_extra_gen__blk:t="content/e_berlin/gamedata/berlin_doors.blk"
}

entity{
  _template:t="session_finalizer"
  session_finalizer__timer:r=10.0
}

entity{
  _template:t="briefing_invasion"
  mission_name:t="berlin_railway_inv"

  "loading_images:list<t>"{
    item:t="ui/berlin_railway_inv_01.jpg"
    item:t="ui/berlin_railway_inv_02.jpg"
    item:t="ui/berlin_railway_inv_03.jpg"
  }
}

entity{
  _template:t="team_ussr_berlin+team_narrator_invasion_attack+respawn_creators_team"
  team__memberCount:r=0.0
  team__scoreCap:r=3500.0
  team__score:r=3500.0
  team__squadSpawnCost:i=250
  team__firstSpawnCostMul:r=0.0
  team__zeroScoreFailTimer:r=60.0
  team__id:i=1
  team__briefing:t="invasion/attackers_goals"
  team__winSubtitle:t="debriefing/won_invasion_subtitle"
  team__loseSubtitle:t="debriefing/lost_invasion_subtitle"
  team__winTitle:t="debriefing/ussr_won_invasion"
  team__spawnBotArmy:t="moscow_allies"
}

entity{
  _template:t="team_germany_berlin+team_narrator_invasion_defence+respawn_creators_team"
  team__countAdd:r=0.5
  team__memberCount:r=0.5
  team__scoreCap:r=5000.0
  team__capturePenalty:r=1001.0
  team__score:r=5000.0
  team__id:i=2
  team__briefing:t="invasion/defenders_goals"
  team__winSubtitle:t="debriefing/won_defence_subtitle"
  team__loseSubtitle:t="debriefing/lost_defence_subtitle"
  team__winTitle:t="debriefing/ger_won_defence"
  team__spawnBotArmy:t="moscow_axis"
}

entity{
  _template:t="respawn_camera"
  respawnCameraForTeam:i=1
  transform:m=[[1.0, 0.0, 0.0] [0.0, 1.0, 0.0] [0.0, 0.0, 1.0] [1722.18, 307.08, 427.489]]
}

entity{
  _template:t="respawn_camera"
  respawnCameraForTeam:i=2
  transform:m=[[1.0, 0.0, 0.0] [0.0, 1.0, 0.0] [0.0, 0.0, 1.0] [770.349, 308.652, 188.943]]
}

entity{
  _template:t="group_activator"

  "activator__activateChoice:object"{
    sector_1:r=1.0
    sector_1_b:r=1.0
  }
}

entity{
  _template:t="defend_zone_chained_sphere+defend_zone_respawnbase"
  transform:m=[[2.13534, 0.0, 0.0] [0.0, 1.49707, 0.0] [0.0, 0.0, 1.42769] [1425.68, 8.7422, 340.631]]
  capzone__capRewardPartCap:r=1.125
  capzone__onlyTeamCanCapture:i=1
  capzone__curTeamCapturingZone:i=-1
  groupName:t="sector_1"
  capzone__capTime:r=30.0
  capzone__capTeam:i=-1
  active:b=no
  capzone__decapTime:r=6000.0
  ui_order:i=0
  capzone__capReward:r=250.0
  capzone__icon:t="AAA"
  capzone__caption:t="capzone/barn"
  capzone__deactivateAfterTimeout:r=25.0
  capzone__spawnAtZoneTimeout:r=25.0
  capzone__createRespawnBaseForTeam:i=2
  sphere_zone__radius:r=10.0
  capzone__createRespawnBase:t="respawnBaseGroupActivator"
  capzone__createdRespawnBaseGroup:i=3
  decal__height:r=2.0
  decal__thickness:r=0.4
  capzone__iconOffsetY:r=2.5

  "capzone__activateChoice:object"{
    sector_2_a:r=1.0
    sector_2_b:r=1.0
  }
}

entity{
  _template:t="defend_zone_chained_sphere+defend_zone_respawnbase"
  transform:m=[[1.4875, 0.0, 0.0] [0.0, 0.978176, 0.0] [0.0, 0.0, 0.895643] [1415.56, 9.24893, 290.429]]
  capzone__capRewardPartCap:r=1.125
  capzone__onlyTeamCanCapture:i=1
  capzone__curTeamCapturingZone:i=-1
  groupName:t="sector_1_b"
  capzone__capTime:r=30.0
  capzone__capTeam:i=-1
  active:b=no
  capzone__decapTime:r=6000.0
  ui_order:i=0
  capzone__capReward:r=250.0
  capzone__icon:t="AAA"
  capzone__caption:t="capzone/village_house"
  capzone__deactivateAfterTimeout:r=25.0
  capzone__spawnAtZoneTimeout:r=25.0
  capzone__createRespawnBaseForTeam:i=2
  sphere_zone__radius:r=10.0
  capzone__createRespawnBase:t="respawnBaseGroupActivator"
  capzone__createdRespawnBaseGroup:i=10
  decal__height:r=2.0
  decal__thickness:r=0.3
  capzone__iconOffsetY:r=1.5

  "capzone__activateChoice:object"{
    sector_2_a:r=1.0
    sector_2_b:r=1.0
  }
}

entity{
  _template:t="defend_zone_chained_sphere+defend_zone_respawnbase"
  transform:m=[[1.1132, 0.0, 0.0] [0.0, 1.10583, 0.0] [0.0, 0.0, 1.5075] [1303.98, 9.79922, 279.836]]
  capzone__capRewardPartCap:r=1.25
  capzone__onlyTeamCanCapture:i=1
  capzone__curTeamCapturingZone:i=-1
  groupName:t="sector_2_a"
  capzone__capTime:r=35.0
  capzone__capTeam:i=-1
  active:b=no
  capzone__decapTime:r=6000.0
  ui_order:i=1
  capzone__capReward:r=250.0
  capzone__icon:t="AAA"
  capzone__caption:t="capzone/village_house"
  capzone__deactivateAfterTimeout:r=25.0
  capzone__spawnAtZoneTimeout:r=25.0
  capzone__createRespawnBaseForTeam:i=2
  sphere_zone__radius:r=10.0
  decal__height:r=2.0
  decal__thickness:r=0.4
  capzone__createRespawnBase:t="respawnBaseGroupActivator"
  capzone__createdRespawnBaseGroup:i=4
  capzone__iconOffsetY:r=1.5

  "capzone__activateChoice:object"{
    sector_3:r=1.0
  }
}

entity{
  _template:t="defend_zone_chained_sphere+defend_zone_respawnbase"
  transform:m=[[1.2666, 0.0, 0.0] [0.0, 0.685243, 0.0] [0.0, 0.0, 0.932814] [1299.9, 9.38402, 341.355]]
  capzone__capRewardPartCap:r=1.25
  capzone__onlyTeamCanCapture:i=1
  capzone__curTeamCapturingZone:i=-1
  groupName:t="sector_2_b"
  capzone__capTime:r=35.0
  capzone__capTeam:i=-1
  active:b=no
  capzone__decapTime:r=6000.0
  ui_order:i=1
  capzone__capReward:r=250.0
  capzone__icon:t="AAA"
  capzone__caption:t="capzone/farm_house"
  capzone__deactivateAfterTimeout:r=25.0
  capzone__spawnAtZoneTimeout:r=25.0
  capzone__createRespawnBaseForTeam:i=2
  sphere_zone__radius:r=10.0
  decal__height:r=1.0
  decal__thickness:r=0.4
  capzone__createRespawnBase:t="respawnBaseGroupActivator"
  capzone__createdRespawnBaseGroup:i=5
  capzone__iconOffsetY:r=1.5

  "capzone__activateChoice:object"{
    sector_3:r=1.0
  }
}

entity{
  _template:t="defend_zone_chained_sphere+defend_zone_respawnbase"
  transform:m=[[1.26003, 0.0, 0.0] [0.0, 0.730635, 0.0] [0.0, 0.0, 1.01335] [1211.87, 8.48725, 297.639]]
  capzone__capRewardPartCap:r=1.375
  capzone__onlyTeamCanCapture:i=1
  capzone__curTeamCapturingZone:i=-1
  groupName:t="sector_3"
  capzone__capTime:r=35.0
  capzone__capTeam:i=-1
  active:b=no
  capzone__decapTime:r=6000.0
  ui_order:i=2
  capzone__capReward:r=250.0
  capzone__icon:t="AAA"
  capzone__caption:t="capzone/station"
  capzone__deactivateAfterTimeout:r=25.0
  capzone__spawnAtZoneTimeout:r=25.0
  capzone__createRespawnBaseForTeam:i=2
  sphere_zone__radius:r=23.0
  decal__thickness:r=0.4
  decal__height:r=1.5
  capzone__createRespawnBase:t="respawnBaseGroupActivator"
  capzone__createdRespawnBaseGroup:i=6
  capzone__iconOffsetY:r=1.5

  "capzone__activateChoice:object"{
    sector_4_b:r=1.0
    sector_4_a:r=1.0
  }
}

entity{
  _template:t="defend_zone_chained_box+defend_zone_respawnbase"
  transform:m=[[15.8838, 0.0, 0.0] [0.0, 6.747, 0.0] [0.0, 0.0, 22.8783] [1101.89, 10.2363, 258.64]]
  capzone__capRewardPartCap:r=1.5
  capzone__onlyTeamCanCapture:i=1
  capzone__curTeamCapturingZone:i=-1
  groupName:t="sector_4_a"
  capzone__capTime:r=35.0
  capzone__capTeam:i=-1
  active:b=no
  capzone__decapTime:r=6000.0
  ui_order:i=3
  capzone__capReward:r=250.0
  capzone__icon:t="AAA"
  capzone__caption:t="capzone/warehouse"
  capzone__deactivateAfterTimeout:r=25.0
  capzone__spawnAtZoneTimeout:r=25.0
  capzone__createRespawnBaseForTeam:i=2
  decal__thickness:r=0.3
  decal__height:r=2.6
  capzone__createRespawnBase:t="respawnBaseGroupActivator"
  capzone__createdRespawnBaseGroup:i=7

  "capzone__activateChoice:object"{
    sector_5:r=1.0
  }
}

entity{
  _template:t="defend_zone_chained_box+defend_zone_respawnbase"
  transform:m=[[22.8259, 0.0, 0.0] [0.0, 5.15387, 0.0] [0.0, 0.0, 16.0373] [1084.69, 9.6623, 353.85]]
  capzone__capRewardPartCap:r=1.5
  capzone__onlyTeamCanCapture:i=1
  capzone__curTeamCapturingZone:i=-1
  groupName:t="sector_4_b"
  capzone__capTime:r=35.0
  capzone__capTeam:i=-1
  active:b=no
  capzone__decapTime:r=6000.0
  ui_order:i=3
  capzone__capReward:r=250.0
  capzone__icon:t="AAA"
  capzone__caption:t="capzone/warehouse"
  capzone__deactivateAfterTimeout:r=25.0
  capzone__spawnAtZoneTimeout:r=25.0
  capzone__createRespawnBaseForTeam:i=2
  decal__thickness:r=0.3
  decal__height:r=2.6
  capzone__createRespawnBase:t="respawnBaseGroupActivator"
  capzone__createdRespawnBaseGroup:i=8
  capzone__iconOffsetY:r=1.0

  "capzone__activateChoice:object"{
    sector_5:r=1.0
  }
}

entity{
  _template:t="defend_zone_chained_box+defend_zone_respawnbase"
  transform:m=[[14.3159, 0.0, 0.0] [0.0, 8.09819, 0.0] [0.0, 0.0, 17.3366] [972.094, 10.871, 296.257]]
  capzone__onlyTeamCanCapture:i=1
  capzone__curTeamCapturingZone:i=-1
  groupName:t="sector_5"
  capzone__capTime:r=35.0
  capzone__capTeam:i=-1
  active:b=no
  capzone__decapTime:r=6000.0
  ui_order:i=4
  capzone__capReward:r=250.0
  capzone__icon:t="AAA"
  capzone__caption:t="capzone/guest_house"
  capzone__deactivateAfterTimeout:r=25.0
  capzone__spawnAtZoneTimeout:r=25.0
  capzone__createRespawnBaseForTeam:i=2
  capzone__createRespawnBase:t="respawnBaseGroupActivator"
  capzone__createdRespawnBaseGroup:i=9
  decal__height:r=2.5
}

entity{
  _template:t="respawnBaseWithGroupOnCapturePoint"
  transform:m=[[1.0, 0.0, 0.0] [0.0, 1.0, 0.0] [0.0, 0.0, 1.0] [1412.79, 10.198, 342.828]]
  groupName:t="sector_1"
  team:i=2
  respawnBaseGroup:i=3
  active:b=no
}

entity{
  _template:t="respawnBaseWithGroupOnCapturePoint"
  transform:m=[[0.323118, 0.0, -0.946359] [0.0, 1.0, 0.0] [0.946359, 0.0, 0.323118] [1417.91, 10.1984, 346.313]]
  groupName:t="sector_1"
  respawnBaseGroup:i=3
  team:i=2
  active:b=no
}

entity{
  _template:t="respawnBaseWithGroupOnCapturePoint"
  transform:m=[[0.874658, 0.0, 0.484741] [0.0, 1.0, 0.0] [-0.484741, 0.0, 0.874658] [1417.06, 9.89326, 292.439]]
  team:i=2
  groupName:t="sector_1_b"
  respawnBaseGroup:i=10
  active:b=no
}

entity{
  _template:t="respawnBaseWithGroupOnCapturePoint"
  transform:m=[[0.917609, 0.0, -0.397485] [0.0, 1.0, 0.0] [0.397485, 0.0, 0.917609] [1416.97, 9.84815, 290.207]]
  team:i=2
  groupName:t="sector_1_b"
  respawnBaseGroup:i=10
  active:b=no
}

entity{
  _template:t="respawnBaseWithGroupOnCapturePoint"
  transform:m=[[1.0, 0.0, 0.0] [0.0, 1.0, 0.0] [0.0, 0.0, 1.0] [1303.24, 10.2551, 284.666]]
  respawnBaseGroup:i=4
  team:i=2
  groupName:t="sector_2_a"
  active:b=no
}

entity{
  _template:t="respawnBaseWithGroupOnCapturePoint"
  transform:m=[[1.0, 0.0, 0.0] [0.0, 1.0, 0.0] [0.0, 0.0, 1.0] [1302.86, 9.7615, 278.553]]
  groupName:t="sector_2_a"
  team:i=2
  respawnBaseGroup:i=4
  active:b=no
}

entity{
  _template:t="respawnBaseWithGroupOnCapturePoint"
  transform:m=[[0.810394, 0.0, -0.585885] [0.0, 1.0, 0.0] [0.585885, 0.0, 0.810394] [1301.74, 9.94967, 341.344]]
  groupName:t="sector_2_b"
  respawnBaseGroup:i=5
  team:i=2
  active:b=no
}

entity{
  _template:t="respawnBaseWithGroupOnCapturePoint"
  transform:m=[[0.738606, 0.0, 0.674136] [0.0, 1.0, 0.0] [-0.674136, 0.0, 0.738606] [1295.29, 9.94978, 340.093]]
  groupName:t="sector_2_b"
  respawnBaseGroup:i=5
  team:i=2
  active:b=no
}

entity{
  _template:t="respawnBaseWithGroupOnCapturePoint"
  transform:m=[[0.909078, 0.0, -0.416626] [0.0, 1.0, 0.0] [0.416626, 0.0, 0.909078] [1193.7, 9.33472, 296.874]]
  groupName:t="sector_3"
  team:i=2
  respawnBaseGroup:i=6
  active:b=no
}

entity{
  _template:t="respawnBaseWithGroupOnCapturePoint"
  transform:m=[[0.877634, 0.0, -0.479332] [0.0, 1.0, 0.0] [0.479332, 0.0, 0.877634] [1193.86, 9.19992, 310.748]]
  groupName:t="sector_3"
  team:i=2
  respawnBaseGroup:i=6
  active:b=no
}

entity{
  _template:t="respawnBaseWithGroupOnCapturePoint"
  transform:m=[[0.987851, 0.0, 0.155402] [0.0, 1.0, 0.0] [-0.155402, 0.0, 0.987851] [1104.01, 9.00122, 264.11]]
  groupName:t="sector_4_a"
  respawnBaseGroup:i=7
  team:i=2
  active:b=no
}

entity{
  _template:t="respawnBaseWithGroupOnCapturePoint"
  transform:m=[[1.0, 0.0, 0.0] [0.0, 1.0, 0.0] [0.0, 0.0, 1.0] [1105.19, 8.88301, 249.779]]
  groupName:t="sector_4_a"
  respawnBaseGroup:i=7
  team:i=2
  active:b=no
}

entity{
  _template:t="respawnBaseWithGroupOnCapturePoint"
  transform:m=[[1.0, 0.0, 0.0] [0.0, 1.0, 0.0] [0.0, 0.0, 1.0] [1080.58, 9.5942, 349.798]]
  groupName:t="sector_4_b"
  team:i=2
  respawnBaseGroup:i=8
  active:b=no
}

entity{
  _template:t="respawnBaseWithGroupOnCapturePoint"
  transform:m=[[1.0, 0.0, 0.0] [0.0, 1.0, 0.0] [0.0, 0.0, 1.0] [1089.92, 9.18024, 359.501]]
  groupName:t="sector_4_b"
  respawnBaseGroup:i=8
  team:i=2
  active:b=no
}

entity{
  _template:t="respawnBaseWithGroupOnCapturePoint"
  transform:m=[[1.0, 0.0, 0.0] [0.0, 1.0, 0.0] [0.0, 0.0, 1.0] [973.859, 9.40321, 300.833]]
  groupName:t="sector_5"
  respawnBaseGroup:i=9
  team:i=2
  active:b=no
}

entity{
  _template:t="respawnBaseWithGroupOnCapturePoint"
  transform:m=[[0.868186, 0.0, 0.496239] [0.0, 1.0, 0.0] [-0.496239, 0.0, 0.868186] [975.631, 9.19389, 293.603]]
  groupName:t="sector_5"
  respawnBaseGroup:i=9
  team:i=2
  active:b=no
}

entity{
  _template:t="resupply_in_air_zone"
  transform:m=[[-0.765442, 0.0, -0.000341289] [0.0, 0.765443, 0.0] [0.000341289, 0.0, -0.765442] [4186.73, 891.677, 1202.37]]
  resupply_zone__team:i=1
}

entity{
  _template:t="respAircraftInAir"
  respawnbaseType:t="aircraft_fighter"
  transform:m=[[0.999733, 0.0, 0.0230906] [0.0, 1.0, 0.0] [-0.0230906, 0.0, 0.999733] [-1288.0, 1023.92, 219.787]]
  team:i=2
  maxVehicleOnSpawn:i=1
  respTime:i=120
}

entity{
  _template:t="respAircraftInAir"
  respawnbaseType:t="aircraft_assault"
  transform:m=[[0.998669, 0.0, -0.0515839] [0.0, 1.0, 0.0] [0.0515839, 0.0, 0.998669] [-1308.02, 823.92, 395.874]]
  team:i=2
  maxVehicleOnSpawn:i=1
  respTime:i=120
}

entity{
  _template:t="respAircraftInAir"
  respawnbaseType:t="aircraft_fighter"
  transform:m=[[0.999997, 0.0, -0.00272391] [0.0, 1.0, 0.0] [0.00272391, 0.0, 0.999997] [-1298.19, 1023.92, 376.084]]
  team:i=2
  maxVehicleOnSpawn:i=1
  respTime:i=120
}

entity{
  _template:t="respAircraftInAir"
  respawnbaseType:t="aircraft_assault"
  transform:m=[[0.999495, 0.0, 0.0317804] [0.0, 1.0, 0.0] [-0.0317804, 0.0, 0.999495] [-1288.0, 823.92, 219.787]]
  team:i=2
  maxVehicleOnSpawn:i=1
  respTime:i=120
}

entity{
  _template:t="resupply_in_air_zone"
  transform:m=[[0.236862, 0.0, -0.682495] [0.0, 0.722428, 0.0] [0.682495, 0.0, 0.236862] [-1542.87, 993.367, -685.592]]
  resupply_zone__team:i=2
}

entity{
  _template:t="respAircraftInAir"
  respawnbaseType:t="aircraft_fighter"
  transform:m=[[-0.999619, 0.0, 0.0276078] [0.0, 1.0, 0.0] [-0.0276078, 0.0, -0.999619] [4113.82, 1000.0, 290.287]]
  team:i=1
  maxVehicleOnSpawn:i=1
  respTime:i=120
}

entity{
  _template:t="respAircraftInAir"
  respawnbaseType:t="aircraft_assault"
  transform:m=[[-0.999663, 0.0, 0.02596] [0.0, 1.0, 0.0] [-0.02596, 0.0, -0.999663] [4113.82, 800.0, 290.287]]
  team:i=1
  maxVehicleOnSpawn:i=1
  respTime:i=120
}

entity{
  _template:t="respAircraftInAir"
  respawnbaseType:t="aircraft_fighter"
  transform:m=[[-0.999312, 0.0, 0.0370703] [0.0, 1.0, 0.0] [-0.0370703, 0.0, -0.999312] [4120.68, 1000.0, 139.855]]
  team:i=1
  maxVehicleOnSpawn:i=1
  respTime:i=120
}

entity{
  _template:t="respAircraftInAir"
  respawnbaseType:t="aircraft_assault"
  transform:m=[[-0.995545, 0.0, 0.0942874] [0.0, 1.0, 0.0] [-0.0942874, 0.0, -0.995545] [4084.4, 800.0, 113.79]]
  team:i=1
  maxVehicleOnSpawn:i=1
  respTime:i=120
}

entity{
  _template:t="aircraft_box_battle_area"
  transform:m=[[10917.9, 0.0, -2968.94] [0.0, 8000.03, 0.0] [2968.42, 0.0, 10918.0] [-430.604, 240.916, 194.232]]
  battle_area__team:i=-1
}

entity{
  _template:t="respawnChooser+respTeam2"
  transform:m=[[0.848286, 0.0, 0.529538] [0.0, 1.0, 0.0] [-0.529538, 0.0, 0.848286] [1301.08, 9.96207, 342.499]]
  groupName:t="sector_1"
  active:b=no
}

entity{
  _template:t="respawnChooser+respTeam2"
  transform:m=[[0.809303, 0.0, -0.587391] [0.0, 1.0, 0.0] [0.587391, 0.0, 0.809303] [1301.31, 10.1585, 340.418]]
  groupName:t="sector_1"
  active:b=no
}

entity{
  _template:t="respawnChooser+respTeam2"
  transform:m=[[1.0, 0.0, 0.0] [0.0, 1.0, 0.0] [0.0, 0.0, 1.0] [1302.9, 9.7615, 284.605]]
  groupName:t="sector_1"
  active:b=no
}

entity{
  _template:t="respawnChooser+respTeam2"
  transform:m=[[1.0, 0.0, 0.0] [0.0, 1.0, 0.0] [0.0, 0.0, 1.0] [1302.99, 9.7615, 277.838]]
  groupName:t="sector_1"
  active:b=no
}

entity{
  _template:t="respawnChooser+respVehicle"
  transform:m=[[0.996379, 0.0, -0.0850199] [0.0, 1.0, 0.0] [0.0850199, 0.0, 0.996379] [1213.66, 10.2995, 253.095]]
  groupName:t="sector_1"
  maxVehicleOnSpawn:i=2
  respTime:i=120
  team:i=2
  active:b=no
}

entity{
  _template:t="respawnChooser+respMotorcycle"
  active:b=no
  transform:m=[[0.996379, 0.0, -0.0850199] [0.0, 1.0, 0.0] [0.0850199, 0.0, 0.996379] [1213.66, 10.2995, 253.095]]
  team:i=2
  groupName:t="sector_1"
}

entity{
  _template:t="respawnChooser+respTeam1"
  transform:m=[[-0.999997, 0.0, 0.00226656] [0.0, 1.0, 0.0] [-0.00226656, 0.0, -0.999997] [1587.04, 9.82089, 298.64]]
  groupName:t="sector_1"
  active:b=no
}

entity{
  _template:t="respawnChooser+respTeam1"
  transform:m=[[-0.985373, 0.0, 0.17041] [0.0, 1.0, 0.0] [-0.17041, 0.0, -0.985373] [1586.53, 9.5, 291.889]]
  groupName:t="sector_1"
  active:b=no
}

entity{
  _template:t="respawnChooser+respVehicle"
  transform:m=[[-0.972049, 0.0, -0.234779] [0.0, 1.0, 0.0] [0.234779, 0.0, -0.972049] [1687.79, 7.74086, 407.489]]
  groupName:t="sector_1"
  maxVehicleOnSpawn:i=2
  respTime:i=120
  team:i=1
  active:b=no
}

entity{
  _template:t="respawnChooser+respMotorcycle"
  active:b=no
  transform:m=[[-0.972049, 0.0, -0.234779] [0.0, 1.0, 0.0] [0.234779, 0.0, -0.972049] [1687.79, 7.74086, 407.489]]
  team:i=1
  groupName:t="sector_1"
}

entity{
  _template:t="respawnChooser+respTeam1"
  transform:m=[[-0.963077, 0.0, -0.269226] [0.0, 1.0, 0.0] [0.269226, 0.0, -0.963077] [1571.95, 9.5, 305.017]]
  groupName:t="sector_1_b"
  active:b=no
}

entity{
  _template:t="respawnChooser+respTeam1"
  transform:m=[[-0.999798, 0.0, 0.0201025] [0.0, 1.0, 0.0] [-0.0201025, 0.0, -0.999798] [1565.29, 9.70119, 342.049]]
  groupName:t="sector_1_b"
  active:b=no
}

entity{
  _template:t="respawnChooser+respVehicle"
  transform:m=[[-0.961715, 0.0, -0.274053] [0.0, 1.0, 0.0] [0.274053, 0.0, -0.961715] [1687.81, 7.56655, 408.331]]
  groupName:t="sector_1_b"
  team:i=1
  maxVehicleOnSpawn:i=2
  respTime:i=120
  active:b=no
}

entity{
  _template:t="respawnChooser+respMotorcycle"
  transform:m=[[-0.962389, 0.0, -0.271676] [0.0, 1.0, 0.0] [0.271676, 0.0, -0.962389] [1687.79, 7.52499, 408.545]]
  groupName:t="sector_1_b"
  team:i=1
  active:b=no
}

entity{
  _template:t="respawnChooser+respTeam2"
  transform:m=[[1.0, 0.0, 0.0] [0.0, 1.0, 0.0] [0.0, 0.0, 1.0] [1302.75, 10.2412, 278.297]]
  groupName:t="sector_1_b"
  active:b=no
}

entity{
  _template:t="respawnChooser+respTeam2"
  transform:m=[[1.0, 0.0, 0.0] [0.0, 1.0, 0.0] [0.0, 0.0, 1.0] [1302.25, 10.062, 284.409]]
  groupName:t="sector_1_b"
  active:b=no
}

entity{
  _template:t="respawnChooser+respTeam2"
  transform:m=[[0.832288, 0.0, 0.554343] [0.0, 1.0, 0.0] [-0.554343, 0.0, 0.832288] [1301.0, 9.82952, 342.481]]
  groupName:t="sector_1_b"
  active:b=no
}

entity{
  _template:t="respawnChooser+respTeam2"
  transform:m=[[0.798097, 0.0, -0.602529] [0.0, 1.0, 0.0] [0.602529, 0.0, 0.798097] [1301.26, 9.8503, 340.371]]
  groupName:t="sector_1_b"
  active:b=no
}

entity{
  _template:t="respawnChooser+respVehicle"
  transform:m=[[1.0, 0.0, 0.0] [0.0, 1.0, 0.0] [0.0, 0.0, 1.0] [1213.63, 9.89142, 251.986]]
  groupName:t="sector_1_b"
  maxVehicleOnSpawn:i=2
  respTime:i=120
  team:i=2
  active:b=no
}

entity{
  _template:t="respawnChooser+respMotorcycle"
  transform:m=[[1.0, 0.0, 0.0] [0.0, 1.0, 0.0] [0.0, 0.0, 1.0] [1213.6, 9.88647, 251.579]]
  groupName:t="sector_1_b"
  team:i=2
  active:b=no
}

entity{
  _template:t="respawnChooser+respTeam1"
  transform:m=[[-0.797905, 0.0, -0.602784] [0.0, 1.0, 0.0] [0.602784, 0.0, -0.797905] [1432.06, 10.3518, 345.971]]
  groupName:t="sector_2_a"
  active:b=no
}

entity{
  _template:t="respawnChooser+respTeam1"
  transform:m=[[-0.63562, 0.0, -0.772002] [0.0, 1.0, 0.0] [0.772002, 0.0, -0.63562] [1438.88, 10.2727, 342.13]]
  groupName:t="sector_2_a"
  active:b=no
}

entity{
  _template:t="respawnChooser+respTeam1"
  transform:m=[[-0.325238, 0.0, -0.945633] [0.0, 1.0, 0.0] [0.945633, 0.0, -0.325238] [1419.13, 10.5675, 345.707]]
  groupName:t="sector_2_a"
  active:b=no
}

entity{
  _template:t="respawnChooser+respVehicle"
  transform:m=[[-0.979949, 0.0, -0.199246] [0.0, 1.0, 0.0] [0.199246, 0.0, -0.979949] [1591.63, 9.83753, 365.902]]
  groupName:t="sector_2_a"
  maxVehicleOnSpawn:i=2
  respTime:i=120
  team:i=1
  active:b=no
}

entity{
  _template:t="respawnChooser+respMotorcycle"
  active:b=no
  transform:m=[[-0.979949, 0.0, -0.199246] [0.0, 1.0, 0.0] [0.199246, 0.0, -0.979949] [1591.63, 9.83753, 365.902]]
  team:i=1
  groupName:t="sector_2_a"
}

entity{
  _template:t="respawnChooser+respTeam2"
  transform:m=[[0.999256, 0.0, 0.0385639] [0.0, 1.0, 0.0] [-0.0385639, 0.0, 0.999256] [1208.46, 9.48798, 240.396]]
  groupName:t="sector_2_a"
  respawnBaseGroup:i=2
  active:b=no
}

entity{
  _template:t="respawnChooser+respTeam2"
  transform:m=[[0.476279, 0.0, 0.879294] [0.0, 1.0, 0.0] [-0.879294, 0.0, 0.476279] [1198.2, 9.46382, 240.595]]
  groupName:t="sector_2_a"
  respawnBaseGroup:i=2
  active:b=no
}

entity{
  _template:t="respawnChooser+respTeam2"
  transform:m=[[1.0, 0.0, 0.0] [0.0, 1.0, 0.0] [0.0, 0.0, 1.0] [1214.96, 9.43649, 343.133]]
  groupName:t="sector_2_a"
  active:b=no
}

entity{
  _template:t="respawnChooser+respTeam2"
  transform:m=[[0.374614, 0.0, -0.927181] [0.0, 1.0, 0.0] [0.927181, 0.0, 0.374614] [1207.21, 9.6032, 343.557]]
  groupName:t="sector_2_a"
  active:b=no
}

entity{
  _template:t="respawnChooser+respVehicle"
  transform:m=[[0.987264, 0.0, -0.15909] [0.0, 1.0, 0.0] [0.15909, -0.0, 0.987264] [1046.26, 9.72473, 374.135]]
  groupName:t="sector_2_a"
  lastSpawnOnTime:r=-11.0
  maxVehicleOnSpawn:i=2
  respTime:i=120
  team:i=2
  active:b=no
}

entity{
  _template:t="respawnChooser+respMotorcycle"
  active:b=no
  transform:m=[[0.987264, 0.0, -0.15909] [0.0, 1.0, 0.0] [0.15909, -0.0, 0.987264] [1046.22, 9.72473, 373.902]]
  team:i=2
  groupName:t="sector_2_a"
}

entity{
  _template:t="respawnChooser+respTeam1"
  transform:m=[[-0.940347, 0.0, -0.340217] [0.0, 1.0, 0.0] [0.340217, 0.0, -0.940347] [1438.53, 10.3518, 342.375]]
  groupName:t="sector_2_b"
  active:b=no
}

entity{
  _template:t="respawnChooser+respTeam1"
  transform:m=[[-0.678139, 0.0, -0.734934] [0.0, 1.0, 0.0] [0.734934, 0.0, -0.678139] [1431.19, 10.1368, 346.025]]
  groupName:t="sector_2_b"
  active:b=no
}

entity{
  _template:t="respawnChooser+respTeam1"
  transform:m=[[-0.275034, 0.0, 0.961434] [0.0, 1.0, 0.0] [-0.961434, 0.0, -0.275034] [1418.49, 9.65937, 289.071]]
  groupName:t="sector_2_b"
  active:b=no
}

entity{
  _template:t="respawnChooser+respVehicle"
  transform:m=[[-0.984137, 0.0, 0.17741] [0.0, 1.0, 0.0] [-0.17741, 0.0, -0.984137] [1583.56, 9.83753, 360.502]]
  groupName:t="sector_2_b"
  maxVehicleOnSpawn:i=2
  respTime:i=120
  team:i=1
  active:b=no
}

entity{
  _template:t="respawnChooser+respMotorcycle"
  active:b=no
  transform:m=[[-0.984137, 0.0, 0.17741] [0.0, 1.0, 0.0] [-0.17741, 0.0, -0.984137] [1583.56, 9.83753, 360.502]]
  team:i=1
  groupName:t="sector_2_b"
}

entity{
  _template:t="respawnChooser+respTeam2"
  transform:m=[[0.930114, 0.0, 0.367273] [0.0, 1.0, 0.0] [-0.367273, 0.0, 0.930114] [1246.25, 9.44312, 249.861]]
  groupName:t="sector_2_b"
  respawnBaseGroup:i=2
  active:b=no
}

entity{
  _template:t="respawnChooser+respTeam2"
  transform:m=[[-0.0144434, 0.0, 0.999895] [0.0, 1.0, 0.0] [-0.999895, 0.0, -0.0144434] [1247.34, 9.46382, 258.191]]
  groupName:t="sector_2_b"
  respawnBaseGroup:i=2
  active:b=no
}

entity{
  _template:t="respawnChooser+respTeam2"
  transform:m=[[1.0, 0.0, 0.0] [0.0, 1.0, 0.0] [0.0, 0.0, 1.0] [1202.21, 9.43649, 343.145]]
  groupName:t="sector_2_b"
  active:b=no
}

entity{
  _template:t="respawnChooser+respTeam2"
  transform:m=[[0.998796, 0.0, 0.0490562] [0.0, 1.0, 0.0] [-0.0490562, 0.0, 0.998796] [1202.2, 10.0688, 357.242]]
  groupName:t="sector_2_b"
  active:b=no
}

entity{
  _template:t="respawnChooser+respVehicle"
  transform:m=[[0.987264, 0.0, -0.15909] [0.0, 1.0, 0.0] [0.15909, -0.0, 0.987264] [1046.26, 9.72473, 374.377]]
  groupName:t="sector_2_b"
  lastSpawnOnTime:r=-11.0
  maxVehicleOnSpawn:i=2
  respTime:i=120
  team:i=2
  active:b=no
}

entity{
  _template:t="respawnChooser+respMotorcycle"
  active:b=no
  transform:m=[[0.987264, 0.0, -0.15909] [0.0, 1.0, 0.0] [0.15909, -0.0, 0.987264] [1046.17, 9.72473, 373.607]]
  team:i=2
  groupName:t="sector_2_b"
}

entity{
  _template:t="respawnChooser+respTeam1"
  transform:m=[[-0.940612, 0.0, 0.339484] [0.0, 1.0, 0.0] [-0.339484, 0.0, -0.940612] [1373.67, 10.5823, 288.485]]
  groupName:t="sector_3"
  active:b=no
}

entity{
  _template:t="respawnChooser+respTeam1"
  transform:m=[[-0.999105, 0.0, -0.0422977] [0.0, 1.0, 0.0] [0.0422977, 0.0, -0.999105] [1354.49, 10.1883, 345.948]]
  groupName:t="sector_3"
  active:b=no
}

entity{
  _template:t="respawnChooser+respTeam1"
  transform:m=[[-0.386155, 0.0, -0.922434] [0.0, 1.0, 0.0] [0.922434, 0.0, -0.386155] [1343.19, 10.4649, 347.442]]
  groupName:t="sector_3"
  active:b=no
}

entity{
  _template:t="respawnChooser+respVehicle"
  transform:m=[[-0.983494, 0.0, 0.180943] [0.0, 1.0, 0.0] [-0.180943, 0.0, -0.983494] [1466.88, 10.4722, 343.025]]
  team:i=1
  maxVehicleOnSpawn:i=2
  respTime:i=120
  groupName:t="sector_3"
  active:b=no
}

entity{
  _template:t="respawnChooser+respMotorcycle"
  active:b=no
  transform:m=[[-0.983494, 0.0, 0.180943] [0.0, 1.0, 0.0] [-0.180943, 0.0, -0.983494] [1466.96, 10.4722, 343.383]]
  team:i=1
  groupName:t="sector_3"
}

entity{
  _template:t="respawnChooser+respTeam2"
  transform:m=[[0.863375, 0.0, -0.504562] [0.0, 1.0, 0.0] [0.504562, 0.0, 0.863375] [1105.61, 8.93334, 258.141]]
  groupName:t="sector_3"
  active:b=no
}

entity{
  _template:t="respawnChooser+respTeam2"
  transform:m=[[1.0, 0.0, 0.0] [0.0, 1.0, 0.0] [0.0, 0.0, 1.0] [1089.67, 9.24827, 359.414]]
  groupName:t="sector_3"
  respawnBaseGroup:i=2
  active:b=no
}

entity{
  _template:t="respawnChooser+respTeam2"
  transform:m=[[0.877445, 0.0, -0.479677] [0.0, 1.0, 0.0] [0.479677, 0.0, 0.877445] [1090.66, 9.32884, 352.32]]
  groupName:t="sector_3"
  respawnBaseGroup:i=2
  active:b=no
}

entity{
  _template:t="respawnChooser+respTeam2"
  transform:m=[[0.835879, 0.0, 0.548913] [0.0, 1.0, 0.0] [-0.548913, 0.0, 0.835879] [1105.04, 9.20379, 263.569]]
  groupName:t="sector_3"
  active:b=no
}

entity{
  _template:t="respawnChooser+respVehicle"
  transform:m=[[0.446316, 0.0, -0.894875] [0.0, 1.0, 0.0] [0.894875, 0.0, 0.446316] [961.821, 10.2233, 396.351]]
  groupName:t="sector_3"
  maxVehicleOnSpawn:i=2
  respTime:i=120
  team:i=2
  active:b=no
}

entity{
  _template:t="respawnChooser+respMotorcycle"
  active:b=no
  transform:m=[[0.446316, 0.0, -0.894875] [0.0, 1.0, 0.0] [0.894875, 0.0, 0.446316] [961.821, 10.2233, 396.351]]
  team:i=2
  groupName:t="sector_3"
}

entity{
  _template:t="respawnChooser+respTeam1"
  transform:m=[[-0.849002, 0.0, 0.528389] [0.0, 1.0, 0.0] [-0.528389, 0.0, -0.849002] [1247.36, 9.20543, 257.671]]
  groupName:t="sector_4_a"
  active:b=no
}

entity{
  _template:t="respawnChooser+respTeam1"
  transform:m=[[-0.997302, 0.0, 0.0734106] [0.0, 1.0, 0.0] [-0.0734106, 0.0, -0.997302] [1247.61, 9.34171, 247.098]]
  groupName:t="sector_4_a"
  active:b=no
}

entity{
  _template:t="respawnChooser+respTeam1"
  transform:m=[[-0.18883, 0.0, -0.982009] [0.0, 1.0, 0.0] [0.982009, 0.0, -0.18883] [1217.22, 10.0899, 359.255]]
  groupName:t="sector_4_a"
  respawnBaseGroup:i=2
  active:b=no
}

entity{
  _template:t="respawnChooser+respTeam1"
  transform:m=[[-0.974043, 0.0, -0.226361] [0.0, 1.0, 0.0] [0.226361, 0.0, -0.974043] [1212.23, 10.0082, 358.293]]
  groupName:t="sector_4_a"
  respawnBaseGroup:i=2
  active:b=no
}

entity{
  _template:t="respawnChooser+respVehicle"
  transform:m=[[-0.945312, 0.0, -0.326167] [0.0, 1.0, 0.0] [0.326167, 0.0, -0.945312] [1395.72, 10.8186, 354.394]]
  groupName:t="sector_4_a"
  team:i=1
  maxVehicleOnSpawn:i=2
  respTime:i=120
  active:b=no
}

entity{
  _template:t="respawnChooser+respMotorcycle"
  active:b=no
  transform:m=[[-0.945312, 0.0, -0.326167] [0.0, 1.0, 0.0] [0.326167, 0.0, -0.945312] [1395.72, 10.8186, 354.394]]
  team:i=1
  groupName:t="sector_4_a"
}

entity{
  _template:t="respawnChooser+respTeam2"
  transform:m=[[0.144506, 0.0, -0.989504] [0.0, 1.0, 0.0] [0.989504, 0.0, 0.144506] [1036.59, 9.2055, 350.738]]
  groupName:t="sector_4_a"
  active:b=no
}

entity{
  _template:t="respawnChooser+respTeam2"
  transform:m=[[0.959148, 0.0, -0.282906] [0.0, 1.0, 0.0] [0.282906, 0.0, 0.959148] [1040.35, 9.2055, 350.842]]
  groupName:t="sector_4_a"
  active:b=no
}

entity{
  _template:t="respawnChooser+respTeam2"
  transform:m=[[1.0, 0.0, 0.0] [0.0, 1.0, 0.0] [0.0, 0.0, 1.0] [998.301, 9.64511, 269.138]]
  groupName:t="sector_4_a"
  respawnBaseGroup:i=2
  active:b=no
}

entity{
  _template:t="respawnChooser+respTeam2"
  transform:m=[[0.682595, 0.0, -0.730797] [0.0, 1.0, 0.0] [0.730797, 0.0, 0.682595] [1006.78, 8.03191, 302.63]]
  groupName:t="sector_4_a"
  respawnBaseGroup:i=2
  active:b=no
}

entity{
  _template:t="respawnChooser+respVehicle"
  transform:m=[[0.791443, 0.0, -0.611244] [0.0, 1.0, 0.0] [0.611244, 0.0, 0.791443] [877.585, 9.47729, 413.902]]
  groupName:t="sector_4_a"
  maxVehicleOnSpawn:i=2
  respTime:i=120
  team:i=2
  active:b=no
}

entity{
  _template:t="respawnChooser+respMotorcycle"
  active:b=no
  transform:m=[[0.791443, 0.0, -0.611244] [0.0, 1.0, 0.0] [0.611244, 0.0, 0.791443] [877.585, 9.47729, 413.902]]
  team:i=2
  groupName:t="sector_4_a"
}

entity{
  _template:t="respawnChooser+respTeam1"
  transform:m=[[-0.99993, 0.0, 0.0118114] [0.0, 1.0, 0.0] [-0.0118114, 0.0, -0.99993] [1220.0, 10.121, 357.667]]
  groupName:t="sector_4_b"
  active:b=no
}

entity{
  _template:t="respawnChooser+respTeam1"
  transform:m=[[-0.999963, 0.0, -0.0085976] [0.0, 1.0, 0.0] [0.0085976, 0.0, -0.999963] [1220.31, 9.72139, 343.299]]
  groupName:t="sector_4_b"
  active:b=no
}

entity{
  _template:t="respawnChooser+respTeam2"
  transform:m=[[0.489748, 0.0, 0.871864] [0.0, 1.0, 0.0] [-0.871864, 0.0, 0.489748] [1006.66, 9.76241, 268.314]]
  groupName:t="sector_4_b"
  active:b=no
}

entity{
  _template:t="respawnChooser+respTeam1"
  transform:m=[[-0.996471, 0.0, 0.0839379] [0.0, 1.0, 0.0] [-0.0839379, 0.0, -0.996471] [1198.73, 9.20544, 240.486]]
  groupName:t="sector_4_b"
  respawnBaseGroup:i=2
  active:b=no
}

entity{
  _template:t="respawnChooser+respTeam1"
  transform:m=[[-0.176435, 0.0, 0.984312] [0.0, 1.0, 0.0] [-0.984312, 0.0, -0.176435] [1208.61, 9.34006, 240.435]]
  groupName:t="sector_4_b"
  respawnBaseGroup:i=2
  active:b=no
}

entity{
  _template:t="respawnChooser+respVehicle"
  transform:m=[[-0.999285, 0.0, -0.0378067] [0.0, 1.0, 0.0] [0.0378067, 0.0, -0.999285] [1371.43, 9.63425, 392.318]]
  groupName:t="sector_4_b"
  maxVehicleOnSpawn:i=2
  respTime:i=120
  team:i=1
  active:b=no
}

entity{
  _template:t="respawnChooser+respMotorcycle"
  active:b=no
  transform:m=[[-0.999285, 0.0, -0.0378067] [0.0, 1.0, 0.0] [0.0378067, 0.0, -0.999285] [1371.43, 9.63425, 392.318]]
  team:i=1
  groupName:t="sector_4_b"
}

entity{
  _template:t="respawnChooser+respTeam2"
  transform:m=[[0.976581, 0.0, 0.215152] [0.0, 1.0, 0.0] [-0.215152, 0.0, 0.976581] [975.234, 9.28896, 301.068]]
  groupName:t="sector_4_b"
  active:b=no
}

entity{
  _template:t="respawnChooser+respTeam2"
  transform:m=[[0.841032, 0.0, 0.540986] [0.0, 1.0, 0.0] [-0.540986, 0.0, 0.841032] [974.729, 9.28943, 292.574]]
  groupName:t="sector_4_b"
  active:b=no
}

entity{
  _template:t="respawnChooser+respTeam2"
  transform:m=[[0.477591, 0.0, 0.878582] [0.0, 1.0, 0.0] [-0.878582, 0.0, 0.477591] [999.38, 9.80847, 268.11]]
  groupName:t="sector_4_b"
  respawnBaseGroup:i=1
  active:b=no
}

entity{
  _template:t="respawnChooser+respVehicle"
  transform:m=[[0.193259, 0.0, 0.981148] [0.0, 1.0, 0.0] [-0.981148, 0.0, 0.193259] [873.479, 12.6317, 270.863]]
  groupName:t="sector_4_b"
  team:i=2
  maxVehicleOnSpawn:i=2
  respTime:i=120
  active:b=no
}

entity{
  _template:t="respawnChooser+respMotorcycle"
  active:b=no
  transform:m=[[0.193259, 0.0, 0.981148] [0.0, 1.0, 0.0] [-0.981148, 0.0, 0.193259] [873.479, 12.6317, 270.863]]
  team:i=2
  groupName:t="sector_4_b"
}

entity{
  _template:t="respawnChooser+respTeam1"
  transform:m=[[-0.865451, 0.0, -0.500993] [0.0, 1.0, 0.0] [0.500993, 0.0, -0.865451] [1127.78, 8.94896, 259.797]]
  groupName:t="sector_5"
  active:b=no
}

entity{
  _template:t="respawnChooser+respTeam1"
  transform:m=[[-0.794084, 0.0, 0.607808] [0.0, 1.0, 0.0] [-0.607808, 0.0, -0.794084] [1128.35, 9.46533, 263.698]]
  groupName:t="sector_5"
  active:b=no
}

entity{
  _template:t="respawnChooser+respVehicle"
  transform:m=[[-0.915657, 0.0, -0.401961] [0.0, 1.0, 0.0] [0.401961, 0.0, -0.915657] [1244.2, 10.0747, 385.669]]
  groupName:t="sector_5"
  respawnBaseGroup:i=1
  maxVehicleOnSpawn:i=2
  respTime:i=120
  team:i=1
  active:b=no
}

entity{
  _template:t="respawnChooser+respMotorcycle"
  active:b=no
  transform:m=[[-0.915657, 0.0, -0.401961] [0.0, 1.0, 0.0] [0.401961, 0.0, -0.915657] [1244.2, 10.0747, 385.669]]
  team:i=1
  groupName:t="sector_5"
}

entity{
  _template:t="respawnChooser+respTeam2"
  transform:m=[[0.409145, 0.0, -0.912469] [0.0, 1.0, 0.0] [0.912469, 0.0, 0.409145] [829.136, 9.27792, 334.985]]
  groupName:t="sector_5"
  active:b=no
}

entity{
  _template:t="respawnChooser+respTeam2"
  transform:m=[[1.0, 0.0, 0.0] [0.0, 1.0, 0.0] [0.0, 0.0, 1.0] [822.679, 14.6273, 284.581]]
  groupName:t="sector_5"
  active:b=no
  respawnBaseGroup:i=2
}

entity{
