import{
  scene:t="content/enlisted/gamedata/scenes/_berlin_opera_gpu_objects.blk"
  scene:t="content/enlisted/gamedata/scenes/_berlin_opera_biom_fx.blk"
  scene:t="content/enlisted/gamedata/scenes/_berlin_opera_background_fx.blk"
  scene:t="content/enlisted/gamedata/scenes/_berlin_opera_projectors.blk"
  scene:t="content/enlisted/gamedata/scenes/_berlin_opera_tracers.blk"
}

import{
  scene:t="content/enlisted/gamedata/scenes/_berlin_level.blk"
}

entity{
  _template:t="enemy_attack_marker"
  transform:m=[[0.259327, 0.0, -0.96579] [0.0, 1.0, 0.0] [0.96579, 0.0, 0.259327] [210.797, 4.77246, -199.943]]
}

entity{
  _template:t="static_cam"
  camera__active:b=yes
  transform:m=[[0.551715, 0.0, 0.834032] [0.00918373, 0.999939, -0.00607507] [-0.833982, 0.0110112, 0.551682] [361.118, 17.1928, -338.023]]
}

entity{
  _template:t="briefing_invasion"
  mission_name:t="berlin_garden_inv"

  "loading_images:list<t>"{
    item:t="ui/berlin_garden_inv_01.jpg"
    item:t="ui/berlin_garden_inv_02.jpg"
    item:t="ui/berlin_garden_inv_03.jpg"
  }
}

entity{
  _template:t="team_germany_berlin+team_narrator_invasion_attack+respawn_creators_team"
  team__memberCount:r=0.0
  team__scoreCap:r=2000.0
  team__score:r=2000.0
  team__squadSpawnCost:i=250
  team__firstSpawnCostMul:r=0.0
  team__zeroScoreFailTimer:r=60.0
  team__id:i=2
  team__briefing:t="invasion/attackers_goals"
  team__winSubtitle:t="debriefing/won_invasion_subtitle"
  team__loseSubtitle:t="debriefing/lost_invasion_subtitle"
  team__winTitle:t="debriefing/ger_won_invasion"
  team__spawnBotArmy:t="moscow_allies"
}

entity{
  _template:t="team_ussr_berlin+team_narrator_invasion_defence+respawn_creators_team"
  team__countAdd:r=0.5
  team__memberCount:r=0.5
  team__scoreCap:r=5000.0
  team__capturePenalty:r=1001.0
  team__score:r=5000.0
  team__id:i=1
  team__briefing:t="invasion/defenders_goals"
  team__winSubtitle:t="debriefing/won_defence_subtitle"
  team__loseSubtitle:t="debriefing/lost_defence_subtitle"
  team__winTitle:t="debriefing/ussr_won_defence"
  team__spawnBotArmy:t="moscow_axis"
}

entity{
  _template:t="group_activator"
  activator__initialLength:i=5

  "activator__activateChoice:object"{
    sector_1_b:r=1.0
    sector_1_a:r=1.0
  }
}

entity{
  _template:t="defend_zone_chained_sphere+defend_zone_respawnbase"
  transform:m=[[-0.894814, 0.0, -0.28918] [0.0, 1.0, 0.0] [0.308762, 0.0, -0.951132] [458.397, 3.22786, -514.966]]
  sphere_zone__radius:r=13.5
  groupName:t="sector_1_a"
  capzone__onlyTeamCanCapture:i=2
  capzone__capReward:r=250.0
  capzone__icon:t="AAA"
  capzone__caption:t="capzone/hitlers_bunker"
  capzone__capTime:r=60.0
  capzone__decapTime:r=6000.0
  capzone__capTeam:i=-1
  active:b=no
  capzone__deactivateAfterTimeout:r=25.0
  capzone__spawnAtZoneTimeout:r=25.0
  capzone__createRespawnBaseForTeam:i=1
  capzone__createRespawnBase:t="respawnBaseGroupActivator"
  capzone__createdRespawnBaseGroup:i=3
  decal__height:r=0.2
  capzone__iconOffsetY:r=1.8

  "capzone__activateChoice:object"{
    sector_2:r=1.0
  }
}

entity{
  _template:t="defend_zone_chained_sphere+defend_zone_respawnbase"
  transform:m=[[0.546181, 0.0, -0.765509] [0.0, 1.0, 0.0] [0.813271, 0.0, 0.581873] [467.816, 3.22786, -467.551]]
  sphere_zone__radius:r=13.5
  groupName:t="sector_1_b"
  capzone__onlyTeamCanCapture:i=2
  capzone__capReward:r=250.0
  capzone__icon:t="AAA"
  capzone__caption:t="capzone/garage"
  capzone__capTime:r=60.0
  capzone__decapTime:r=6000.0
  capzone__capTeam:i=-1
  active:b=no
  capzone__deactivateAfterTimeout:r=25.0
  capzone__spawnAtZoneTimeout:r=25.0
  capzone__createRespawnBaseForTeam:i=1
  capzone__createRespawnBase:t="respawnBaseGroupActivator"
  capzone__createdRespawnBaseGroup:i=4
  decal__height:r=0.2
  capzone__iconOffsetY:r=1.8

  "capzone__activateChoice:object"{
    sector_2:r=1.0
  }
}

entity{
  _template:t="defend_zone_chained_box+defend_zone_respawnbase"
  transform:m=[[-1.26167, 0.0, 9.20133] [0.0, 3.47757, 0.0] [30.694, 0.0, 5.6144] [348.41, 4.86659, -474.081]]
  groupName:t="sector_2"
  capzone__capRewardPartCap:r=1.5
  capzone__onlyTeamCanCapture:i=2
  capzone__capReward:r=250.0
  capzone__icon:t="AAA"
  capzone__caption:t="capzone/greenhouse"
  capzone__capTime:r=70.0
  capzone__decapTime:r=6000.0
  capzone__capTeam:i=-1
  active:b=no
  capzone__deactivateAfterTimeout:r=25.0
  capzone__spawnAtZoneTimeout:r=25.0
  capzone__createRespawnBaseForTeam:i=1
  capzone__createRespawnBase:t="respawnBaseGroupActivator"
  capzone__createdRespawnBaseGroup:i=5

  "capzone__activateChoice:object"{
    sector_3_a:r=1.0
    sector_3_b:r=1.0
  }
}

entity{
  _template:t="defend_zone_chained_sphere+defend_zone_respawnbase"
  transform:m=[[1.14964, 0.0, -0.354027] [0.0, 1.0, 0.0] [0.281586, 0.0, 0.918043] [329.951, 3.38555, -328.161]]
  sphere_zone__radius:r=15.5
  groupName:t="sector_3_a"
  capzone__capRewardPartCap:r=1.375
  capzone__onlyTeamCanCapture:i=2
  capzone__capReward:r=250.0
  capzone__icon:t="AAA"
  capzone__caption:t="capzone/ministry_gardens"
  capzone__capTime:r=60.0
  capzone__decapTime:r=6000.0
  capzone__capTeam:i=-1
  active:b=no
  capzone__deactivateAfterTimeout:r=25.0
  capzone__spawnAtZoneTimeout:r=25.0
  capzone__createRespawnBaseForTeam:i=1
  capzone__createRespawnBase:t="respawnBaseGroupActivator"
  capzone__createdRespawnBaseGroup:i=6
  capzone__iconOffsetY:r=1.5

  "capzone__activateChoice:object"{
    sector_4_b:r=1.0
    sector_4_a:r=1.0
  }
}

entity{
  _template:t="defend_zone_chained_sphere+defend_zone_respawnbase"
  transform:m=[[-0.345353, 0.0118334, 0.887479] [-0.00408257, 0.999882, -0.0144935] [-0.937001, -0.00907765, -0.344144] [245.872, 2.92533, -369.069]]
  sphere_zone__radius:r=17.5
  groupName:t="sector_3_b"
  capzone__capRewardPartCap:r=1.375
  capzone__onlyTeamCanCapture:i=2
  capzone__capReward:r=250.0
  capzone__icon:t="AAA"
  capzone__caption:t="capzone/warehouse"
  capzone__capTime:r=60.0
  capzone__decapTime:r=6000.0
  capzone__capTeam:i=-1
  active:b=no
  capzone__deactivateAfterTimeout:r=25.0
  capzone__spawnAtZoneTimeout:r=25.0
  capzone__createRespawnBaseForTeam:i=1
  capzone__createRespawnBase:t="respawnBaseGroupActivator"
  capzone__createdRespawnBaseGroup:i=7
  decal__height:r=0.8
  capzone__iconOffsetY:r=2.0

  "capzone__activateChoice:object"{
    sector_4_b:r=1.0
    sector_4_a:r=1.0
  }
}

entity{
  _template:t="defend_zone_chained_box+defend_zone_respawnbase"
  transform:m=[[19.6073, 0.0, 1.22504] [0.0, 3.39843, 0.0] [-1.56081, 0.0, 18.7108] [281.203, 5.93737, -266.986]]
  groupName:t="sector_4_a"
  capzone__capRewardPartCap:r=1.25
  capzone__onlyTeamCanCapture:i=2
  capzone__capReward:r=250.0
  capzone__icon:t="AAA"
  capzone__caption:t="capzone/goebbels_villa"
  capzone__capTime:r=70.0
  capzone__decapTime:r=6000.0
  capzone__capTeam:i=-1
  active:b=no
  capzone__deactivateAfterTimeout:r=25.0
  capzone__spawnAtZoneTimeout:r=25.0
  capzone__createRespawnBaseForTeam:i=1
  capzone__createRespawnBase:t="respawnBaseGroupActivator"
  capzone__createdRespawnBaseGroup:i=8
  decal__height:r=0.4

  "capzone__activateChoice:object"{
    sector_5:r=1.0
  }
}

entity{
  _template:t="defend_zone_chained_box+defend_zone_respawnbase"
  transform:m=[[27.9244, 0.0, 1.74468] [0.0, 3.39843, 0.0] [-1.56081, 0.0, 18.7108] [285.616, 12.2479, -266.71]]
  groupName:t="sector_4_b"
  capzone__capRewardPartCap:r=1.25
  capzone__onlyTeamCanCapture:i=2
  capzone__capReward:r=250.0
  capzone__icon:t="AAA"
  capzone__caption:t="capzone/goebbels_villa"
  capzone__capTime:r=70.0
  capzone__decapTime:r=6000.0
  capzone__capTeam:i=-1
  active:b=no
  capzone__deactivateAfterTimeout:r=25.0
  capzone__spawnAtZoneTimeout:r=25.0
  capzone__createRespawnBaseForTeam:i=1
  capzone__createRespawnBase:t="respawnBaseGroupActivator"
  capzone__createdRespawnBaseGroup:i=9
  decal__height:r=0.4

  "capzone__activateChoice:object"{
    sector_5:r=1.0
  }
}

entity{
  _template:t="defend_zone_chained_box+defend_zone_respawnbase"
  transform:m=[[22.5577, 0.0, 0.00486875] [0.0, 3.52158, 0.0] [-0.0661816, 0.0, 23.0936] [249.232, 5.28247, -197.692]]
  groupName:t="sector_5"
  capzone__capRewardPartCap:r=1.125
  capzone__onlyTeamCanCapture:i=2
  capzone__capReward:r=250.0
  capzone__icon:t="AAA"
  capzone__caption:t="capzone/american_embassy"
  capzone__capTime:r=80.0
  capzone__decapTime:r=6000.0
  capzone__capTeam:i=-1
  active:b=no
  capzone__deactivateAfterTimeout:r=25.0
  capzone__spawnAtZoneTimeout:r=25.0
  capzone__createRespawnBaseForTeam:i=1
  capzone__createRespawnBase:t="respawnBaseGroupActivator"
  capzone__createdRespawnBaseGroup:i=10
  decal__height:r=0.1
}

entity{
  _template:t="respawnBaseWithGroupOnCapturePoint"
  transform:m=[[-0.809089, 0.0, 0.587687] [0.0, 1.0, 0.0] [-0.587688, 0.0, -0.809089] [463.671, 4.33934, -504.818]]
  active:b=no
  groupName:t="sector_1_a"
  respawnBaseGroup:i=3
  team:i=1
}

entity{
  _template:t="respawnBaseWithGroupOnCapturePoint"
  transform:m=[[-0.969483, 0.0, -0.24516] [0.0, 1.0, 0.0] [0.24516, 0.0, -0.969484] [472.512, 4.33934, -514.866]]
  active:b=no
  groupName:t="sector_1_a"
  respawnBaseGroup:i=3
  team:i=1
}

entity{
  _template:t="respawnBaseWithGroupOnCapturePoint"
  transform:m=[[-0.105151, 0.0, 0.994456] [0.0, 1.0, 0.0] [-0.994456, 0.0, -0.105151] [467.842, 3.58444, -472.584]]
  groupName:t="sector_1_b"
  respawnBaseGroup:i=4
  team:i=1
  active:b=no
}

entity{
  _template:t="respawnBaseWithGroupOnCapturePoint"
  transform:m=[[-0.999309, 0.0, 0.0371769] [0.0, 1.0, 0.0] [-0.0371769, 0.0, -0.999309] [469.565, 4.0107, -470.008]]
  groupName:t="sector_1_b"
  respawnBaseGroup:i=4
  team:i=1
  active:b=no
}

entity{
  _template:t="respawnBaseWithGroupOnCapturePoint"
  transform:m=[[-0.435321, 0.0, 0.900277] [0.0, 1.0, 0.0] [-0.900277, 0.0, -0.435321] [356.779, 4.08246, -474.718]]
  active:b=no
  groupName:t="sector_2"
  respawnBaseGroup:i=5
}

entity{
  _template:t="respawnBaseWithGroupOnCapturePoint"
  transform:m=[[-0.0416754, 0.0, 0.999133] [0.0, 1.0, 0.0] [-0.999133, 0.0, -0.0416754] [346.585, 4.08246, -475.741]]
  active:b=no
  groupName:t="sector_2"
  respawnBaseGroup:i=5
}

entity{
  _template:t="respawnBaseWithGroupOnCapturePoint"
  transform:m=[[-0.121533, 0.0, -0.992587] [0.0, 1.0, 0.0] [0.992587, 0.0, -0.121533] [338.093, 3.78873, -333.067]]
  team:i=1
  groupName:t="sector_3_a"
  respawnBaseGroup:i=6
  active:b=no
}

entity{
  _template:t="respawnBaseWithGroupOnCapturePoint"
  transform:m=[[0.452023, 0.0, -0.892006] [0.0, 1.0, 0.0] [0.892006, 0.0, 0.452023] [319.036, 3.39512, -319.094]]
  respawnBaseGroup:i=6
  groupName:t="sector_3_a"
  team:i=1
  active:b=no
}

entity{
  _template:t="respawnBaseWithGroupOnCapturePoint"
  transform:m=[[0.318126, 0.0, -0.948049] [0.0, 1.0, 0.0] [0.948049, 0.0, 0.318126] [241.847, 3.15386, -370.149]]
  groupName:t="sector_3_b"
  team:i=1
  respawnBaseGroup:i=7
  active:b=no
}

entity{
  _template:t="respawnBaseWithGroupOnCapturePoint"
  transform:m=[[0.698697, 0.0, -0.715418] [0.0, 1.0, 0.0] [0.715418, 0.0, 0.698697] [227.418, 3.52799, -362.741]]
  groupName:t="sector_3_b"
  team:i=1
  respawnBaseGroup:i=7
  active:b=no
}

entity{
  _template:t="respawnBaseWithGroupOnCapturePoint"
  transform:m=[[0.0585995, 0.0, 0.998282] [0.0, 1.0, 0.0] [-0.998282, 0.0, 0.0585995] [274.073, 4.9374, -273.234]]
  groupName:t="sector_4_a"
  respawnBaseGroup:i=8
  active:b=no
}

entity{
  _template:t="respawnBaseWithGroupOnCapturePoint"
  transform:m=[[-0.102101, 0.0, 0.994774] [0.0, 1.0, 0.0] [-0.994774, 0.0, -0.102101] [290.183, 4.9374, -273.544]]
  groupName:t="sector_4_a"
  respawnBaseGroup:i=8
  active:b=no
}

entity{
  _template:t="respawnBaseWithGroupOnCapturePoint"
  transform:m=[[0.149547, 0.0, 0.988755] [0.0, 1.0, 0.0] [-0.988755, 0.0, 0.149547] [274.547, 10.8739, -272.714]]
  groupName:t="sector_4_b"
  respawnBaseGroup:i=9
  team:i=1
  active:b=no
}

entity{
  _template:t="respawnBaseWithGroupOnCapturePoint"
  transform:m=[[-0.99754, 0.0, -0.0700961] [0.0, 1.0, 0.0] [0.0700961, 0.0, -0.99754] [295.924, 10.7487, -264.09]]
  groupName:t="sector_4_b"
  respawnBaseGroup:i=9
  team:i=1
  active:b=no
}

entity{
  _template:t="respawnBaseWithGroupOnCapturePoint"
  transform:m=[[0.00683085, 0.0, 0.999977] [0.0, 1.0, 0.0] [-0.999977, 0.0, 0.00683085] [248.968, 5.38675, -208.586]]
  groupName:t="sector_5"
  respawnBaseGroup:i=10
  active:b=no
}

entity{
  _template:t="respawnBaseWithGroupOnCapturePoint"
  transform:m=[[-0.163459, 0.0, 0.986551] [0.0, 1.0, 0.0] [-0.986551, 0.0, -0.163459] [256.696, 5.38675, -205.185]]
  groupName:t="sector_5"
  respawnBaseGroup:i=10
  active:b=no
}

entity{
  _template:t="respawnBaseWithGroupOnCapturePoint"
  transform:m=[[0.00683085, 0.0, 0.999977] [0.0, 1.0, 0.0] [-0.999977, 0.0, 0.00683085] [242.651, 5.38675, -206.261]]
  groupName:t="sector_5"
  respawnBaseGroup:i=10
  active:b=no
}

entity{
  _template:t="respawnChooser+respTeam1"
  transform:m=[[0.622946, 0.0, -0.782266] [0.0, 1.0, 0.0] [0.782266, 0.0, 0.622946] [343.615, 3.98043, -474.643]]
  groupName:t="sector_1_a"
  active:b=no
}

entity{
  _template:t="respawnChooser+respTeam1"
  transform:m=[[0.813741, 0.0, -0.581229] [0.0, 1.0, 0.0] [0.581229, 0.0, 0.813741] [366.836, 3.98043, -445.667]]
  groupName:t="sector_1_a"
  active:b=no
}

entity{
  _template:t="respawnChooser+respTeam1"
  transform:m=[[0.622946, 0.0, -0.782266] [0.0, 1.0, 0.0] [0.782266, 0.0, 0.622946] [347.738, 3.98043, -472.076]]
  active:b=no
  groupName:t="sector_1_a"
  respawnBaseGroup:i=1
}

entity{
  _template:t="respawnChooser+respVehicle"
  transform:m=[[0.995932, 0.0413771, -0.0800498] [-0.0796044, -0.0123117, -0.996751] [-0.0422282, 0.999068, -0.00896813] [307.147, 4.31029, -458.269]]
  groupName:t="sector_1_a"
  team:i=1
  respTime:i=150
  maxVehicleOnSpawn:i=2
  active:b=no
}

entity{
  _template:t="respawnChooser+respTeam2"
  transform:m=[[-0.96384, 0.0, 0.266482] [0.0, 1.0, 0.0] [-0.266483, 0.0, -0.963841] [562.7, 3.9115, -602.589]]
  active:b=no
  groupName:t="sector_1_a"
  respawnBaseGroup:i=1
}

entity{
  _template:t="respawnChooser+respTeam2"
  transform:m=[[-0.720607, 0.0, 0.693344] [0.0, 1.0, 0.0] [-0.693345, 0.0, -0.720607] [590.041, 4.33934, -588.194]]
  active:b=no
  groupName:t="sector_1_a"
  respawnBaseGroup:i=1
}

entity{
  _template:t="respawnChooser+respTeam2"
  transform:m=[[-0.935984, 0.0, -0.352042] [0.0, 1.0, 0.0] [0.352042, 0.0, -0.935985] [599.529, 5.05312, -448.62]]
  groupName:t="sector_1_a"
  active:b=no
  respawnBaseGroup:i=2
}

entity{
  _template:t="respawnChooser+respTeam2"
  transform:m=[[-0.945513, 0.0, -0.325586] [0.0, 1.0, 0.0] [0.325586, 0.0, -0.945514] [602.366, 5.53587, -461.004]]
  active:b=no
  groupName:t="sector_1_a"
  respawnBaseGroup:i=2
}

entity{
  _template:t="respawnChooser+respVehicle"
  transform:m=[[-0.402492, 0.0, 0.915424] [0.0, 1.0, 0.0] [-0.915425, 0.0, -0.402493] [639.94, 3.7931, -614.864]]
  groupName:t="sector_1_a"
  team:i=2
  respTime:i=150
  maxVehicleOnSpawn:i=2
  active:b=no
}

entity{
  _template:t="respawnChooser+respTeam1"
  transform:m=[[0.610927, 0.0, -0.791687] [0.0, 1.0, 0.0] [0.791687, 0.0, 0.610927] [346.217, 3.58405, -473.628]]
  groupName:t="sector_1_b"
  active:b=no
}

entity{
  _template:t="respawnChooser+respTeam1"
  transform:m=[[0.878347, 0.0, -0.478023] [0.0, 1.0, 0.0] [0.478023, 0.0, 0.878347] [335.512, 3.43393, -473.768]]
  groupName:t="sector_1_b"
  active:b=no
}

entity{
  _template:t="respawnChooser+respTeam1"
  transform:m=[[0.920704, 0.0, 0.390261] [0.0, 1.0, 0.0] [-0.390261, 0.0, 0.920704] [341.604, 3.29912, -460.801]]
  groupName:t="sector_1_b"
  active:b=no
}

entity{
  _template:t="respawnChooser+respVehicle"
  transform:m=[[0.971247, 0.0, 0.238073] [0.0, 1.0, 0.0] [-0.238073, 0.0, 0.971247] [287.19, 3.92238, -457.374]]
  groupName:t="sector_1_b"
  team:i=1
  respTime:i=150
  maxVehicleOnSpawn:i=2
  active:b=no
}

entity{
  _template:t="respawnChooser+respTeam2"
  transform:m=[[-0.929934, 0.0, -0.367727] [0.0, 1.0, 0.0] [0.367727, 0.0, -0.929934] [589.141, 4.1373, -400.812]]
  groupName:t="sector_1_b"
  active:b=no
}

entity{
  _template:t="respawnChooser+respTeam2"
  transform:m=[[-0.940787, 0.0, -0.338999] [0.0, 1.0, 0.0] [0.338999, 0.0, -0.940787] [614.873, 9.0854, -456.393]]
  groupName:t="sector_1_b"
  active:b=no
}

entity{
  _template:t="respawnChooser+respTeam2"
  transform:m=[[-0.629948, 0.0, 0.776637] [0.0, 1.0, 0.0] [-0.776637, 0.0, -0.629948] [548.041, 3.66562, -596.549]]
  groupName:t="sector_1_b"
  respawnBaseGroup:i=2
  active:b=no
}

entity{
  _template:t="respawnChooser+respTeam2"
  transform:m=[[-0.938892, 0.0, 0.344213] [0.0, 1.0, 0.0] [-0.344213, 0.0, -0.938892] [575.474, 3.38567, -568.305]]
  groupName:t="sector_1_b"
  respawnBaseGroup:i=2
  active:b=no
}

entity{
  _template:t="respawnChooser+respVehicle"
  transform:m=[[-0.353325, 0.0, 0.9355] [0.0, 1.0, 0.0] [-0.9355, 0.0, -0.353325] [641.522, 3.90308, -613.838]]
  groupName:t="sector_1_b"
  team:i=2
  respTime:i=150
  maxVehicleOnSpawn:i=2
  active:b=no
}

entity{
  _template:t="respawnChooser+respTeam1"
  transform:m=[[-0.198777, 0.0, -0.980045] [0.0, 1.0, 0.0] [0.980045, 0.0, -0.198777] [370.374, 6.37899, -368.893]]
  groupName:t="sector_2"
  active:b=no
}

entity{
  _template:t="respawnChooser+respTeam1"
  transform:m=[[-0.198777, 0.0, -0.980045] [0.0, 1.0, 0.0] [0.980045, 0.0, -0.198777] [377.137, 6.9178, -371.441]]
  active:b=no
  groupName:t="sector_2"
  respawnBaseGroup:i=1
}

entity{
  _template:t="respawnChooser+respTeam1"
  transform:m=[[-0.198777, 0.0, -0.980045] [0.0, 1.0, 0.0] [0.980045, 0.0, -0.198777] [363.726, 5.91931, -364.824]]
  active:b=no
  groupName:t="sector_2"
  respawnBaseGroup:i=1
}

entity{
  _template:t="respawnChooser+respTeam1"
  transform:m=[[0.739188, 0.0, -0.673499] [0.0, 1.0, 0.0] [0.673499, 0.0, 0.739188] [268.843, 4.3635, -387.117]]
  groupName:t="sector_2"
  active:b=no
  respawnBaseGroup:i=2
}

entity{
  _template:t="respawnChooser+respTeam1"
  transform:m=[[0.191122, 0.0, -0.981567] [0.0, 1.0, 0.0] [0.981567, 0.0, 0.191122] [322.3, 4.47902, -375.775]]
  groupName:t="sector_2"
  active:b=no
  respawnBaseGroup:i=2
}

entity{
  _template:t="respawnChooser+respTeam1"
  transform:m=[[0.451516, 0.0, -0.892263] [0.0, 1.0, 0.0] [0.892263, 0.0, 0.451516] [275.903, 4.3635, -383.367]]
  active:b=no
  groupName:t="sector_2"
  respawnBaseGroup:i=2
}

entity{
  _template:t="respawnChooser+respVehicle"
  transform:m=[[-0.0210153, 0.0, -0.99978] [0.0, 1.0, 0.0] [0.99978, 0.0, -0.0210153] [323.36, 4.3635, -329.681]]
  groupName:t="sector_2"
  team:i=1
  respTime:i=150
  maxVehicleOnSpawn:i=2
  active:b=no
}

entity{
  _template:t="respawnChooser+respTeam2"
  transform:m=[[-0.999563, 0.0, -0.0296022] [0.0, 1.0, 0.0] [0.0296023, 0.0, -0.999563] [490.804, 4.20429, -497.743]]
  active:b=no
  groupName:t="sector_2"
  respawnBaseGroup:i=1
}

entity{
  _template:t="respawnChooser+respTeam2"
  transform:m=[[-0.832746, 0.0, -0.553658] [0.0, 1.0, 0.0] [0.553658, 0.0, -0.832746] [495.543, 3.90724, -505.863]]
  active:b=no
  groupName:t="sector_2"
  respawnBaseGroup:i=1
}

entity{
  _template:t="respawnChooser+respTeam2"
  transform:m=[[-0.100691, 0.0, 0.994919] [0.0, 1.0, 0.0] [-0.994919, 0.0, -0.100691] [382.553, 6.44186, -621.378]]
  active:b=no
  groupName:t="sector_2"
  respawnBaseGroup:i=2
}

entity{
  _template:t="respawnChooser+respTeam2"
  transform:m=[[-0.392745, 0.0, 0.919649] [0.0, 1.0, 0.0] [-0.919649, 0.0, -0.392745] [374.114, 6.44186, -622.842]]
  active:b=no
  groupName:t="sector_2"
  respawnBaseGroup:i=2
}

entity{
  _template:t="respawnChooser+respVehicle"
  transform:m=[[-0.987806, 0.0, -0.155688] [0.0, 1.0, 0.0] [0.155688, 0.0, -0.987806] [524.551, 3.80541, -454.609]]
  groupName:t="sector_2"
  team:i=2
  respTime:i=150
  maxVehicleOnSpawn:i=2
  active:b=no
}

entity{
  _template:t="respawnChooser+respTeam1"
  transform:m=[[0.140658, 0.0, -0.990058] [0.0, 1.0, 0.0] [0.990057, 0.0, 0.140659] [285.151, 5.36019, -260.011]]
  groupName:t="sector_3_a"
  active:b=no
}

entity{
  _template:t="respawnChooser+respTeam1"
  transform:m=[[0.140714, 0.0, -0.990051] [0.0, 1.0, 0.0] [0.990051, 0.0, 0.140714] [273.939, 5.27579, -261.954]]
  groupName:t="sector_3_a"
  active:b=no
}

entity{
  _template:t="respawnChooser+respTeam1"
  transform:m=[[0.140714, 0.0, -0.990051] [0.0, 1.0, 0.0] [0.990051, 0.0, 0.140714] [277.329, 5.27579, -260.612]]
  active:b=no
  groupName:t="sector_3_a"
}

entity{
  _template:t="respawnChooser+respTeam1"
  transform:m=[[0.320023, 0.0, -0.94741] [0.0, 1.0, 0.0] [0.94741, 0.0, 0.320024] [309.034, 4.02552, -243.811]]
  groupName:t="sector_3_a"
  active:b=no
  respawnBaseGroup:i=2
}

entity{
  _template:t="respawnChooser+respTeam1"
  transform:m=[[0.0713059, 0.0, -0.997454] [0.0, 1.0, 0.0] [0.997455, 0.0, 0.0713069] [313.368, 4.02552, -243.029]]
  respawnBaseGroup:i=2
  groupName:t="sector_3_a"
  active:b=no
}

entity{
  _template:t="respawnChooser+respVehicle"
  transform:m=[[0.642092, 0.0, -0.766628] [0.0, 1.0, 0.0] [0.766628, 0.0, 0.642091] [179.68, 4.36275, -189.941]]
  groupName:t="sector_3_a"
  team:i=1
  respTime:i=150
  maxVehicleOnSpawn:i=2
  active:b=no
}

entity{
  _template:t="respawnChooser+respTeam2"
  transform:m=[[-0.977953, 0.0, 0.208826] [0.0, 1.0, 0.0] [-0.208825, 0.0, -0.977953] [366.717, 3.75173, -479.224]]
  active:b=no
  groupName:t="sector_3_a"
}

entity{
  _template:t="respawnChooser+respTeam2"
  transform:m=[[0.755623, 0.0, 0.655007] [0.0, 1.0, 0.0] [-0.655007, 0.0, 0.755623] [385.824, 3.83084, -475.531]]
  groupName:t="sector_3_a"
  active:b=no
}

entity{
  _template:t="respawnChooser+respTeam2"
  transform:m=[[-0.719044, 0.0, 0.694965] [0.0, 1.0, 0.0] [-0.694965, 0.0, -0.719044] [271.782, 3.43569, -468.076]]
  groupName:t="sector_3_a"
  active:b=no
  respawnBaseGroup:i=2
}

entity{
  _template:t="respawnChooser+respTeam2"
  transform:m=[[0.46555, 0.0, 0.885022] [0.0, 1.0, 0.0] [-0.885022, 0.0, 0.46555] [279.085, 3.67112, -469.068]]
  active:b=no
  groupName:t="sector_3_a"
  respawnBaseGroup:i=2
}

entity{
  _template:t="respawnChooser+respVehicle"
  transform:m=[[-0.334027, 0.0, 0.942563] [0.0, 1.0, 0.0] [-0.942563, 0.0, -0.334027] [358.99, 4.27186, -548.101]]
  groupName:t="sector_3_a"
  team:i=2
  respTime:i=150
  maxVehicleOnSpawn:i=2
  active:b=no
}

entity{
  _template:t="respawnChooser+respTeam1"
  transform:m=[[-0.822291, 0.0, -0.569067] [0.0, 1.0, 0.0] [0.569067, 0.0, -0.822291] [266.377, 3.6285, -255.107]]
  groupName:t="sector_3_b"
  active:b=no
}

entity{
  _template:t="respawnChooser+respTeam1"
  transform:m=[[0.9786, 0.0, -0.205772] [0.0, 1.0, 0.0] [0.205772, 0.0, 0.9786] [273.115, 11.1429, -266.347]]
  groupName:t="sector_3_b"
  active:b=no
}

entity{
  _template:t="respawnChooser+respTeam1"
  transform:m=[[0.92534, 0.0, -0.379138] [0.0, 1.0, 0.0] [0.379138, 0.0, 0.92534] [271.251, 4.44869, -265.625]]
  active:b=no
  groupName:t="sector_3_b"
}

entity{
  _template:t="respawnChooser+respTeam1"
  transform:m=[[0.179581, 0.0, -0.983743] [0.0, 1.0, 0.0] [0.983743, 0.0, 0.179581] [185.8, 3.76958, -277.666]]
  groupName:t="sector_3_b"
  respawnBaseGroup:i=2
  active:b=no
}

entity{
  _template:t="respawnChooser+respTeam1"
  transform:m=[[-0.103895, 0.0, -0.994588] [0.0, 1.0, 0.0] [0.994588, 0.0, -0.103895] [191.298, 3.73569, -278.022]]
  groupName:t="sector_3_b"
  respawnBaseGroup:i=2
  active:b=no
}

entity{
  _template:t="respawnChooser+respVehicle"
  transform:m=[[0.673199, 0.0, -0.739462] [0.0, 1.0, 0.0] [0.739462, 0.0, 0.673199] [179.05, 4.45605, -189.417]]
  groupName:t="sector_3_b"
  team:i=1
  respTime:i=150
  maxVehicleOnSpawn:i=2
  active:b=no
}

entity{
  _template:t="respawnChooser+respTeam2"
  transform:m=[[0.394341, 0.0, 0.918964] [0.0, 1.0, 0.0] [-0.918964, 0.0, 0.394341] [336.239, 3.70229, -486.706]]
  groupName:t="sector_3_b"
  respawnBaseGroup:i=1
  active:b=no
}

entity{
  _template:t="respawnChooser+respTeam2"
  transform:m=[[-0.847609, 0.0, 0.530623] [0.0, 1.0, 0.0] [-0.530623, 0.0, -0.847609] [332.623, 3.80831, -489.462]]
  groupName:t="sector_3_b"
  active:b=no
}

entity{
  _template:t="respawnChooser+respTeam2"
  transform:m=[[-0.545917, 0.0, 0.83784] [0.0, 1.0, 0.0] [-0.83784, 0.0, -0.545917] [243.09, -0.841941, -526.918]]
  groupName:t="sector_3_b"
  respawnBaseGroup:i=2
  active:b=no
}

entity{
  _template:t="respawnChooser+respTeam2"
  transform:m=[[0.233299, 0.0, 0.972405] [0.0, 1.0, 0.0] [-0.972405, 0.0, 0.233299] [260.3, -0.860234, -522.197]]
  groupName:t="sector_3_b"
  respawnBaseGroup:i=2
  active:b=no
}

entity{
  _template:t="respawnChooser+respVehicle"
  transform:m=[[-0.750512, 0.0, 0.660856] [0.0, 1.0, 0.0] [-0.660856, 0.0, -0.750512] [423.426, 3.89983, -502.712]]
  groupName:t="sector_3_b"
  team:i=2
  respTime:i=150
  maxVehicleOnSpawn:i=2
  active:b=no
}

entity{
  _template:t="respawnChooser+respTeam1"
  transform:m=[[0.209507, 0.0, -0.977807] [0.0, 1.0, 0.0] [0.977807, 0.0, 0.209507] [257.012, 5.23858, -169.432]]
  groupName:t="sector_4_a"
  active:b=no
}

entity{
  _template:t="respawnChooser+respTeam1"
  transform:m=[[0.0465326, 0.0, -0.998917] [0.0, 1.0, 0.0] [0.998917, 0.0, 0.0465326] [240.354, 5.16364, -174.995]]
  groupName:t="sector_4_a"
  active:b=no
}

entity{
  _template:t="respawnChooser+respTeam1"
  transform:m=[[0.717934, 0.0, -0.69611] [0.0, 1.0, 0.0] [0.69611, 0.0, 0.717934] [249.269, 5.23858, -172.151]]
  active:b=no
  groupName:t="sector_4_a"
}

entity{
  _template:t="respawnChooser+respTeam1"
  transform:m=[[-0.875414, 0.0, -0.483373] [0.0, 1.0, 0.0] [0.483373, 0.0, -0.875414] [323.367, 4.64157, -159.448]]
  groupName:t="sector_4_a"
  active:b=no
  respawnBaseGroup:i=2
}

entity{
  _template:t="respawnChooser+respTeam1"
  transform:m=[[0.166057, 0.0, -0.986115] [0.0, 1.0, 0.0] [0.986115, 0.0, 0.166057] [298.495, 4.02632, -171.092]]
  groupName:t="sector_4_a"
  active:b=no
  respawnBaseGroup:i=2
}

entity{
  _template:t="respawnChooser+respVehicle"
  transform:m=[[0.436452, 0.0, -0.899729] [0.0, 1.0, 0.0] [0.899729, 0.0, 0.436452] [208.902, 4.02632, -130.096]]
  groupName:t="sector_4_a"
  team:i=1
  respTime:i=150
  maxVehicleOnSpawn:i=2
  active:b=no
}

entity{
  _template:t="respawnChooser+respTeam2"
  transform:m=[[-0.385303, 0.0, 0.92279] [0.0, 1.0, 0.0] [-0.92279, 0.0, -0.385303] [338.926, 5.19772, -426.83]]
  groupName:t="sector_4_a"
  active:b=no
}

entity{
  _template:t="respawnChooser+respTeam2"
  transform:m=[[-0.407753, 0.0, 0.913093] [0.0, 1.0, 0.0] [-0.913093, 0.0, -0.407753] [363.251, 4.67378, -419.53]]
  groupName:t="sector_4_a"
  active:b=no
}

entity{
  _template:t="respawnChooser+respTeam2"
  transform:m=[[-0.730573, 0.0, 0.682835] [0.0, 1.0, 0.0] [-0.682835, 0.0, -0.730573] [227.18, 4.60979, -421.411]]
  groupName:t="sector_4_a"
  respawnBaseGroup:i=2
  active:b=no
}

entity{
  _template:t="respawnChooser+respTeam2"
  transform:m=[[0.803552, 0.0, 0.595235] [0.0, 1.0, 0.0] [-0.595235, 0.0, 0.803552] [250.059, 4.45863, -421.034]]
  groupName:t="sector_4_a"
  respawnBaseGroup:i=2
  active:b=no
}

entity{
  _template:t="respawnChooser+respVehicle"
  transform:m=[[0.109807, 0.0, 0.993953] [0.0, 1.0, 0.0] [-0.993953, 0.0, 0.109807] [196.755, 3.9653, -477.156]]
  groupName:t="sector_4_a"
  team:i=2
  respTime:i=150
  maxVehicleOnSpawn:i=2
  active:b=no
}

entity{
  _template:t="respawnChooser+respTeam1"
  transform:m=[[0.25926, 0.0, -0.965807] [0.0, 1.0, 0.0] [0.965807, 0.0, 0.25926] [256.274, 5.17794, -168.305]]
  groupName:t="sector_4_b"
  active:b=no
}

entity{
  _template:t="respawnChooser+respTeam1"
  transform:m=[[0.437078, 0.0, -0.899424] [0.0, 1.0, 0.0] [0.899424, 0.0, 0.437078] [250.265, 5.21013, -171.661]]
  groupName:t="sector_4_b"
  active:b=no
}

entity{
  _template:t="respawnChooser+respTeam1"
  transform:m=[[0.128423, 0.0, -0.991719] [0.0, 1.0, 0.0] [0.991719, 0.0, 0.128423] [241.282, 5.07236, -173.964]]
  groupName:t="sector_4_b"
  active:b=no
}

entity{
  _template:t="respawnChooser+respTeam1"
  transform:m=[[-0.961729, 0.0, -0.274001] [0.0, 1.0, 0.0] [0.274001, 0.0, -0.961729] [324.82, 3.99185, -161.159]]
  active:b=no
  groupName:t="sector_4_b"
  respawnBaseGroup:i=2
}

entity{
  _template:t="respawnChooser+respTeam1"
  transform:m=[[0.595354, 0.0, -0.803463] [0.0, 1.0, 0.0] [0.803463, 0.0, 0.595354] [296.26, 3.72625, -170.622]]
  groupName:t="sector_4_b"
  respawnBaseGroup:i=2
  active:b=no
}

entity{
  _template:t="respawnChooser+respVehicle"
  transform:m=[[0.49984, 0.0, -0.866117] [0.0, 1.0, 0.0] [0.866117, 0.0, 0.49984] [210.782, 3.84414, -132.762]]
  groupName:t="sector_4_b"
  team:i=1
  respTime:i=150
  maxVehicleOnSpawn:i=2
  active:b=no
}

entity{
  _template:t="respawnChooser+respTeam2"
  transform:m=[[-0.352592, 0.0, 0.935777] [0.0, 1.0, 0.0] [-0.935777, 0.0, -0.352592] [339.031, 5.31467, -427.145]]
  groupName:t="sector_4_b"
  active:b=no
}

entity{
  _template:t="respawnChooser+respTeam2"
  transform:m=[[-0.487687, 0.0, 0.873019] [0.0, 1.0, 0.0] [-0.873019, 0.0, -0.487687] [363.191, 4.7556, -419.861]]
  groupName:t="sector_4_b"
  active:b=no
}

entity{
  _template:t="respawnChooser+respTeam2"
  transform:m=[[0.978068, 0.0, 0.208284] [0.0, 1.0, 0.0] [-0.208284, 0.0, 0.978068] [227.626, 4.62151, -421.017]]
  groupName:t="sector_4_b"
  active:b=no
  respawnBaseGroup:i=2
}

entity{
  _template:t="respawnChooser+respTeam2"
  transform:m=[[0.855244, 0.0, 0.518226] [0.0, 1.0, 0.0] [-0.518226, 0.0, 0.855244] [250.239, 4.62155, -421.371]]
  active:b=no
  groupName:t="sector_4_b"
  respawnBaseGroup:i=2
}

entity{
  _template:t="respawnChooser+respVehicle"
  transform:m=[[0.205302, 0.0, 0.978698] [0.0, 1.0, 0.0] [-0.978698, 0.0, 0.205302] [197.113, 3.8772, -477.885]]
  groupName:t="sector_4_b"
  team:i=2
  respTime:i=150
  maxVehicleOnSpawn:i=2
  active:b=no
}

entity{
  _template:t="respawnChooser+respTeam1"
  transform:m=[[0.901576, 0.0, -0.432619] [0.0, 1.0, 0.0] [0.432619, 0.0, 0.901576] [170.399, 4.0263, -108.886]]
  groupName:t="sector_5"
  active:b=no
}

entity{
  _template:t="respawnChooser+respTeam1"
  transform:m=[[0.62113, 0.0, -0.783707] [0.0, 1.0, 0.0] [0.783707, 0.0, 0.62113] [168.912, 4.0263, -110.616]]
  groupName:t="sector_5"
  active:b=no
}

entity{
  _template:t="respawnChooser+respTeam1"
  transform:m=[[-0.601172, 0.0, -0.799119] [0.0, 1.0, 0.0] [0.799119, 0.0, -0.601172] [289.476, 4.0263, -95.8014]]
  respawnBaseGroup:i=2
  groupName:t="sector_5"
  active:b=no
}

entity{
  _template:t="respawnChooser+respTeam1"
  transform:m=[[-0.591594, 0.0, -0.806235] [0.0, 1.0, 0.0] [0.806235, 0.0, -0.591594] [314.466, 4.0263, -99.9987]]
  respawnBaseGroup:i=2
  groupName:t="sector_5"
  active:b=no
}

entity{
  _template:t="respawnChooser+respTeam1"
  transform:m=[[-0.998456, 0.0, -0.0555308] [0.0, 1.0, 0.0] [0.0555308, 0.0, -0.998456] [303.642, 4.0263, -96.4281]]
  groupName:t="sector_5"
  active:b=no
  respawnBaseGroup:i=2
}

entity{
  _template:t="respawnChooser+respVehicle"
  transform:m=[[0.117838, 0.0, -0.993033] [0.0, 1.0, 0.0] [0.993033, 0.0, 0.117838] [202.14, 4.0263, -47.5828]]
  groupName:t="sector_5"
  team:i=1
  respTime:i=150
  maxVehicleOnSpawn:i=2
  active:b=no
}

entity{
  _template:t="respawnChooser+respTeam2"
  transform:m=[[-0.300625, 0.0, 0.953743] [0.0, 1.0, 0.0] [-0.953743, 0.0, -0.300625] [281.8, 4.18771, -336.432]]
  groupName:t="sector_5"
  active:b=no
  respawnBaseGroup:i=1
}

entity{
  _template:t="respawnChooser+respTeam2"
  transform:m=[[-0.658107, 0.0, 0.752925] [0.0, 1.0, 0.0] [-0.752925, 0.0, -0.658107] [299.209, 3.54906, -342.113]]
  respawnBaseGroup:i=1
  lastSpawnOnTime:r=-11.0
  groupName:t="sector_5"
  active:b=no
}

entity{
  _template:t="respawnChooser+respTeam2"
  transform:m=[[0.794484, 0.0, 0.607286] [0.0, 1.0, 0.0] [-0.607286, 0.0, 0.794484] [305.906, 3.59528, -341.774]]
  groupName:t="sector_5"
  active:b=no
  respawnBaseGroup:i=1
}

entity{
  _template:t="respawnChooser+respVehicle"
  transform:m=[[-0.261289, 0.0, 0.96526] [0.0, 1.0, 0.0] [-0.96526, 0.0, -0.261289] [210.787, 4.64341, -427.969]]
  groupName:t="sector_5"
  team:i=2
  respTime:i=150
  maxVehicleOnSpawn:i=2
  active:b=no
}

entity{
  _template:t="respawn_camera"
  respawnCameraForTeam:i=1
  moveCameraToHeight:r=150.0
  transform:m=[[1.0, 0.0, 0.0] [0.0, 1.0, 0.0] [0.0, 0.0, 1.0] [188.333, 154.462, -468.98]]
}

entity{
  _template:t="respawn_camera"
  respawnCameraForTeam:i=2
  moveCameraToHeight:r=150.0
  transform:m=[[1.0, 0.0, 0.0] [0.0, 1.0, 0.0] [0.0, 0.0, 1.0] [845.799, 158.051, -646.436]]
}

entity{
  _template:t="poly_battle_area"
  transform:m=[[1.0, 0.0, 0.0] [0.0, 1.0, 0.0] [0.0, 0.0, 1.0] [0.0, 0.0, 0.0]]
  groupName:t="sector_1_a"
  active:b=no
  battle_area__team:i=1
  battleAreaId:t="1a_area1"
}

entity{
  _template:t="battle_area_polygon_point"
  transform:m=[[1.0, 0.0, 0.0] [0.0, 1.0, 0.0] [0.0, 0.0, 1.0] [458.061, -2.922, -545.586]]
  battle_area_polygon_point__id:t="point1"
  battle_area_polygon_point__nextId:t="point2"
  battle_area_polygon_point__forBattleAreaId:t="1a_area1"
}

entity{
  _template:t="battle_area_polygon_point"
  transform:m=[[1.0, 0.0, 0.0] [0.0, 1.0, 0.0] [0.0, 0.0, 1.0] [475.234, -2.922, -537.824]]
  battle_area_polygon_point__id:t="point2"
  battle_area_polygon_point__nextId:t="point3"
  battle_area_polygon_point__forBattleAreaId:t="1a_area1"
}

entity{
  _template:t="battle_area_polygon_point"
  transform:m=[[1.0, 0.0, 0.0] [0.0, 1.0, 0.0] [0.0, 0.0, 1.0] [486.706, -2.92205, -519.903]]
  battle_area_polygon_point__id:t="point3"
  battle_area_polygon_point__nextId:t="point4"
  battle_area_polygon_point__forBattleAreaId:t="1a_area1"
}

entity{
  _template:t="battle_area_polygon_point"
  transform:m=[[1.0, 0.0, 0.0] [0.0, 1.0, 0.0] [0.0, 0.0, 1.0] [472.538, -2.92205, -480.111]]
  battle_area_polygon_point__id:t="point4"
  battle_area_polygon_point__nextId:t="point5"
  battle_area_polygon_point__forBattleAreaId:t="1a_area1"
}

entity{
  _template:t="battle_area_polygon_point"
  transform:m=[[1.0, 0.0, 0.0] [0.0, 1.0, 0.0] [0.0, 0.0, 1.0] [486.449, -2.92205, -474.536]]
  battle_area_polygon_point__id:t="point5"
  battle_area_polygon_point__nextId:t="point6"
  battle_area_polygon_point__forBattleAreaId:t="1a_area1"
}

entity{
  _template:t="battle_area_polygon_point"
  transform:m=[[1.0, 0.0, 0.0] [0.0, 1.0, 0.0] [0.0, 0.0, 1.0] [459.596, -2.922, -400.368]]
  battle_area_polygon_point__id:t="point6"
  battle_area_polygon_point__nextId:t="point7"
  battle_area_polygon_point__forBattleAreaId:t="1a_area1"
}

entity{
  _template:t="battle_area_polygon_point"
  transform:m=[[1.0, 0.0, 0.0] [0.0, 1.0, 0.0] [0.0, 0.0, 1.0] [433.285, -2.922, -324.591]]
  battle_area_polygon_point__id:t="point7"
  battle_area_polygon_point__nextId:t="point8"
  battle_area_polygon_point__forBattleAreaId:t="1a_area1"
}

entity{
  _template:t="battle_area_polygon_point"
  transform:m=[[1.0, 0.0, 0.0] [0.0, 1.0, 0.0] [0.0, 0.0, 1.0] [209.625, -2.922, -397.54]]
  battle_area_polygon_point__id:t="point8"
  battle_area_polygon_point__nextId:t="point9"
  battle_area_polygon_point__forBattleAreaId:t="1a_area1"
}

entity{
  _template:t="battle_area_polygon_point"
  transform:m=[[1.0, 0.0, 0.0] [0.0, 1.0, 0.0] [0.0, 0.0, 1.0] [194.318, -2.922, -573.412]]
  battle_area_polygon_point__id:t="point9"
  battle_area_polygon_point__nextId:t="point10"
  battle_area_polygon_point__forBattleAreaId:t="1a_area1"
}

entity{
  _template:t="battle_area_polygon_point"
  transform:m=[[1.0, 0.0, 0.0] [0.0, 1.0, 0.0] [0.0, 0.0, 1.0] [260.774, -2.922, -578.081]]
  battle_area_polygon_point__id:t="point10"
  battle_area_polygon_point__nextId:t="point1"
  battle_area_polygon_point__forBattleAreaId:t="1a_area1"
}

entity{
  _template:t="poly_battle_area"
  transform:m=[[1.0, 0.0, 0.0] [0.0, 1.0, 0.0] [0.0, 0.0, 1.0] [0.0, 0.0, 0.0]]
  groupName:t="sector_1_a"
  active:b=no
  battle_area__team:i=2
  battleAreaId:t="1a_area2"
}

entity{
  _template:t="battle_area_polygon_point"
  transform:m=[[1.0, 0.0, 0.0] [0.0, 1.0, 0.0] [0.0, 0.0, 1.0] [396.199, -2.922, -647.773]]
  battle_area_polygon_point__id:t="point1"
  battle_area_polygon_point__nextId:t="point2"
  battle_area_polygon_point__forBattleAreaId:t="1a_area2"
}

entity{
  _template:t="battle_area_polygon_point"
  transform:m=[[1.0, 0.0, 0.0] [0.0, 1.0, 0.0] [0.0, 0.0, 1.0] [403.343, -2.922, -684.187]]
  battle_area_polygon_point__id:t="point2"
  battle_area_polygon_point__nextId:t="point3"
  battle_area_polygon_point__forBattleAreaId:t="1a_area2"
}

entity{
  _template:t="battle_area_polygon_point"
  transform:m=[[1.0, 0.0, 0.0] [0.0, 1.0, 0.0] [0.0, 0.0, 1.0] [704.289, -2.922, -640.638]]
  battle_area_polygon_point__id:t="point3"
  battle_area_polygon_point__nextId:t="point4"
  battle_area_polygon_point__forBattleAreaId:t="1a_area2"
}

entity{
  _template:t="battle_area_polygon_point"
  transform:m=[[1.0, 0.0, 0.0] [0.0, 1.0, 0.0] [0.0, 0.0, 1.0] [662.635, -2.922, -524.46]]
  battle_area_polygon_point__id:t="point4"
  battle_area_polygon_point__nextId:t="point5"
  battle_area_polygon_point__forBattleAreaId:t="1a_area2"
}

entity{
  _template:t="battle_area_polygon_point"
  transform:m=[[0.951735, 0.0, 0.306922] [0.0, 1.0, 0.0] [-0.306922, 0.0, 0.951735] [615.255, -2.922, -393.422]]
  battle_area_polygon_point__id:t="point5"
  battle_area_polygon_point__nextId:t="point6"
  battle_area_polygon_point__forBattleAreaId:t="1a_area2"
}

entity{
  _template:t="battle_area_polygon_point"
  transform:m=[[1.0, 0.0, 0.0] [0.0, 1.0, 0.0] [0.0, 0.0, 1.0] [418.734, -2.922, -462.409]]
  battle_area_polygon_point__id:t="point6"
  battle_area_polygon_point__nextId:t="point7"
  battle_area_polygon_point__forBattleAreaId:t="1a_area2"
}

entity{
  _template:t="battle_area_polygon_point"
  transform:m=[[1.0, 0.0, 0.0] [0.0, 1.0, 0.0] [0.0, 0.0, 1.0] [421.559, -2.922, -470.326]]
  battle_area_polygon_point__id:t="point7"
  battle_area_polygon_point__nextId:t="point8"
  battle_area_polygon_point__forBattleAreaId:t="1a_area2"
}

entity{
  _template:t="battle_area_polygon_point"
  transform:m=[[1.0, 0.0, 0.0] [0.0, 1.0, 0.0] [0.0, 0.0, 1.0] [365.972, -2.922, -479.68]]
  battle_area_polygon_point__id:t="point8"
  battle_area_polygon_point__nextId:t="point9"
  battle_area_polygon_point__forBattleAreaId:t="1a_area2"
}

entity{
  _template:t="battle_area_polygon_point"
  transform:m=[[1.0, 0.0, 0.0] [0.0, 1.0, 0.0] [0.0, 0.0, 1.0] [382.121, -2.922, -566.338]]
  battle_area_polygon_point__id:t="point9"
  battle_area_polygon_point__nextId:t="point1"
  battle_area_polygon_point__forBattleAreaId:t="1a_area2"
}

entity{
  _template:t="poly_battle_area"
  transform:m=[[1.0, 0.0, 0.0] [0.0, 1.0, 0.0] [0.0, 0.0, 1.0] [0.0, 0.0, 0.0]]
  groupName:t="sector_1_b"
  active:b=no
  battle_area__team:i=1
  battleAreaId:t="1b_area1"
}

entity{
  _template:t="battle_area_polygon_point"
  transform:m=[[1.0, 0.0, 0.0] [0.0, 1.0, 0.0] [0.0, 0.0, 1.0] [458.061, -2.922, -545.586]]
  battle_area_polygon_point__id:t="point1"
  battle_area_polygon_point__nextId:t="point2"
  battle_area_polygon_point__forBattleAreaId:t="1b_area1"
}

entity{
  _template:t="battle_area_polygon_point"
  transform:m=[[1.0, 0.0, 0.0] [0.0, 1.0, 0.0] [0.0, 0.0, 1.0] [475.234, -2.922, -537.824]]
  battle_area_polygon_point__id:t="point2"
  battle_area_polygon_point__nextId:t="point3"
  battle_area_polygon_point__forBattleAreaId:t="1b_area1"
}

entity{
  _template:t="battle_area_polygon_point"
  transform:m=[[1.0, 0.0, 0.0] [0.0, 1.0, 0.0] [0.0, 0.0, 1.0] [486.706, -2.92205, -519.903]]
  battle_area_polygon_point__id:t="point3"
  battle_area_polygon_point__nextId:t="point4"
  battle_area_polygon_point__forBattleAreaId:t="1b_area1"
}

entity{
  _template:t="battle_area_polygon_point"
  transform:m=[[0.937582, 0.0, 0.347764] [0.0, 1.0, 0.0] [-0.347764, 0.0, 0.937582] [482.094, -2.92205, -508.523]]
  battle_area_polygon_point__id:t="point4"
  battle_area_polygon_point__nextId:t="point5"
  battle_area_polygon_point__forBattleAreaId:t="1b_area1"
}

entity{
  _template:t="battle_area_polygon_point"
  transform:m=[[0.968242, 0.0, 0.250016] [0.0, 1.0, 0.0] [-0.250016, 0.0, 0.968242] [534.936, -2.92205, -486.505]]
