import{
  scene:t="content/enlisted/gamedata/scenes/_berlin_opera_gpu_objects.blk"
  scene:t="content/enlisted/gamedata/scenes/_berlin_opera_biom_fx.blk"
  scene:t="content/enlisted/gamedata/scenes/_berlin_opera_background_fx.blk"
  scene:t="content/enlisted/gamedata/scenes/_berlin_opera_projectors.blk"
  scene:t="content/enlisted/gamedata/scenes/_berlin_opera_tracers.blk"
}

import{
  scene:t="content/enlisted/gamedata/scenes/_berlin_level.blk"
}

entity{
  _template:t="enemy_attack_marker"
}

entity{
  _template:t="static_cam"
  camera__active:b=yes
  transform:m=[[0.969129, 0.0, 0.246552] [0.00271484, 0.999939, -0.0106714] [-0.246537, 0.0110112, 0.96907] [523.003, 12.9123, -293.587]]
}

entity{
  _template:t="briefing_domination"
  mission_name:t="berlin_wilhelm_dom"

  "loading_images:list<t>"{
    item:t="ui/berlin_wilhelm_01.jpg"
    item:t="ui/berlin_wilhelm_02.jpg"
    item:t="ui/berlin_wilhelm_03.jpg"
  }
}

entity{
  _template:t="team_ussr_berlin+team_narrator_domination+respawn_creators_team"
  team__id:i=1
  team__score:r=2250.0
  team__scoreCap:r=2250.0
  score_bleed__domBleed:r=4.0
  score_bleed__domBleedOn:b=no
  score_bleed__totalDomZoneCount:i=3
  score_bleed__totalDomBleedMul:r=2.0
  score_bleed__totalDomBleedOn:b=no
  team__briefing:t="domination/common_goals"
  team__numZonesCaptured:i=0
  team__deathPenalty:r=2.0
  team__spawnBotArmy:t="moscow_allies"
}

entity{
  _template:t="team_germany_berlin+team_narrator_domination+respawn_creators_team"
  team__id:i=2
  team__score:r=2500.0
  team__scoreCap:r=2500.0
  score_bleed__domBleed:r=4.0
  score_bleed__domBleedOn:b=no
  score_bleed__totalDomZoneCount:i=3
  score_bleed__totalDomBleedMul:r=2.0
  score_bleed__totalDomBleedOn:b=no
  team__briefing:t="domination/common_goals"
  team__numZonesCaptured:i=0
  team__deathPenalty:r=2.0
  team__spawnBotArmy:t="moscow_axis"
}

entity{
  _template:t="spawn_switcher"
  swapProbability:r=0.5
  team1:i=2
  team2:i=1
}

entity{
  _template:t="domination_sphere_capzone"
  transform:m=[[-0.176679, 0.0, 0.984269] [0.0, 1.0, 0.0] [-0.984269, 0.0, -0.176679] [504.052, 3.24142, -232.851]]
  sphere_zone__radius:r=15.0
  capzone__title:t="B"
  capzone__caption:t="capzone/artillery_emplacement"
  decal__height:r=0.3
  decal__thickness:r=0.3
  capzone__iconOffsetY:r=1.5
}

entity{
  _template:t="respawnChooser+respTeam1"
  transform:m=[[-0.943826, 0.0, 0.330437] [0.0, 1.0, 0.0] [-0.330437, 0.0, -0.943826] [623.439, 5.24914, -275.664]]
  respawnBaseGroup:i=1
}

entity{
  _template:t="respawnChooser+respVehicle"
  transform:m=[[-0.998411, 0.0, -0.0563446] [0.0, 1.0, 0.0] [0.0563446, 0.0, -0.998411] [643.052, 4.14549, -261.704]]
  team:i=1
  maxVehicleOnSpawn:i=2
  respTime:i=120
}

entity{
  _template:t="respawnChooser+respVehicle"
  transform:m=[[0.9955, 0.0, 0.094764] [0.0, 1.0, 0.0] [-0.094764, 0.0, 0.9955] [347.485, 4.28451, -342.567]]
  team:i=2
  maxVehicleOnSpawn:i=2
  respTime:i=120
}

entity{
  _template:t="respawnChooser+respTeam2"
  transform:m=[[0.998486, 0.0, 0.0550244] [0.0, 1.0, 0.0] [-0.0550244, 0.0, 0.998486] [379.279, 5.79224, -302.77]]
  respawnBaseGroup:i=1
}

entity{
  _template:t="respawnChooser+respTeam2"
  transform:m=[[0.954454, 0.0, -0.298354] [0.0, 1.0, 0.0] [0.298354, 0.0, 0.954454] [381.262, 4.16151, -150.426]]
  respawnBaseGroup:i=2
}

entity{
  _template:t="respawnChooser+respTeam1"
  transform:m=[[-0.11429, 0.0, -0.993445] [0.0, 1.0, 0.0] [0.993445, 0.0, -0.11429] [601.214, 4.06167, -155.402]]
  respawnBaseGroup:i=2
}

entity{
  _template:t="respawn_camera"
  respawnCameraForTeam:i=1
  transform:m=[[1.0, 0.0, 0.0] [0.0, 1.0, 0.0] [0.0, 0.0, 1.0] [735.082, 102.594, -200.896]]
}

entity{
  _template:t="respawn_camera"
  respawnCameraForTeam:i=2
  transform:m=[[1.0, 0.0, 0.0] [0.0, 1.0, 0.0] [0.0, 0.0, 1.0] [249.907, 103.408, -271.167]]
}

entity{
  _template:t="poly_battle_area"
  transform:m=[[1.0, 0.0, 0.0] [0.0, 1.0, 0.0] [0.0, 0.0, 1.0] [0.0, 0.0, 0.0]]
  battle_area__team:i=1
  battleAreaId:t="area1"
}

entity{
  _template:t="poly_battle_area"
  transform:m=[[1.0, 0.0, 0.0] [0.0, 1.0, 0.0] [0.0, 0.0, 1.0] [0.0, 0.0, 0.0]]
  battle_area__team:i=2
  battleAreaId:t="area2"
}

entity{
  _template:t="aircraft_box_battle_area"
  transform:m=[[6330.02, 0.0, 2710.95] [0.0, 3713.36, 0.0] [-3313.24, 0.0, 7736.39] [388.666, 240.916, -79.4068]]
  battle_area__team:i=-1
}

entity{
  _template:t="respawnChooser+respTeam2"
  transform:m=[[0.959447, 0.0, 0.281888] [0.0, 1.0, 0.0] [-0.281888, 0.0, 0.959447] [382.685, 3.93691, -143.349]]
  respawnBaseGroup:i=2
}

entity{
  _template:t="respawnChooser+respTeam1"
  transform:m=[[-0.993822, 0.0, -0.11099] [0.0, 1.0, 0.0] [0.11099, 0.0, -0.993822] [607.418, 3.9166, -244.332]]
  respawnBaseGroup:i=1
}

entity{
  _template:t="resupply_for_ground_vehicle_zone"
  transform:m=[[1.0, 0.0, 0.0] [0.0, 1.0, 0.0] [0.0, 0.0, 1.0] [347.67, 4.52459, -249.339]]
  sphere_zone__radius:r=8.0
  resupply_zone__team:i=2
}

entity{
  _template:t="resupply_for_ground_vehicle_zone"
  transform:m=[[1.0, 0.0, 0.0] [0.0, 1.0, 0.0] [0.0, 0.0, 1.0] [621.653, 3.28375, -218.799]]
  sphere_zone__radius:r=8.0
  resupply_zone__team:i=1
}

entity{
  _template:t="respAircraftInAir"
  transform:m=[[-0.682159, 0.0, -0.731204] [0.0, 1.0, 0.0] [0.731204, 0.0, -0.682159] [2206.96, 1150.28, 969.575]]
  respawnbaseType:t="aircraft_fighter"
  team:i=1
  maxVehicleOnSpawn:i=2
  respTime:i=120
}

entity{
  _template:t="respAircraftInAir"
  transform:m=[[-0.941589, 0.0, -0.336766] [0.0, 1.0, 0.0] [0.336766, 0.0, -0.941589] [2305.58, 1164.57, 697.47]]
  respawnbaseType:t="aircraft_assault"
  team:i=1
  maxVehicleOnSpawn:i=2
  respTime:i=120
}

entity{
  _template:t="respAircraftInAir"
  respawnbaseType:t="aircraft_fighter"
  transform:m=[[0.719702, 0.0, 0.694283] [0.0, 1.0, 0.0] [-0.694283, 0.0, 0.719702] [-622.572, 1001.02, -863.055]]
  team:i=2
  maxVehicleOnSpawn:i=2
  respTime:i=120
}

entity{
  _template:t="respAircraftInAir"
  respawnbaseType:t="aircraft_assault"
  transform:m=[[0.719702, 0.0, 0.694283] [0.0, 1.0, 0.0] [-0.694283, 0.0, 0.719702] [-651.192, 1001.02, -816.755]]
  team:i=2
  maxVehicleOnSpawn:i=2
  respTime:i=120
}

entity{
  _template:t="resupply_in_air_zone"
  transform:m=[[-0.157002, 0.0, -0.987599] [0.0, 1.0, 0.0] [0.987599, 0.0, -0.157002] [1498.53, 378.971, 2290.51]]
  resupply_zone__team:i=1
  sphere_zone__radius:r=500.0
}

entity{
  _template:t="resupply_in_air_zone"
  transform:m=[[-0.157002, 0.0, -0.987599] [0.0, 1.0, 0.0] [0.987599, 0.0, -0.157002] [31.6071, 404.831, -2581.0]]
  resupply_zone__team:i=2
  sphere_zone__radius:r=500.0
}

entity{
  _template:t="domination_box_capzone"
  transform:m=[[47.5338, 0.0, 17.0288] [0.0, 9.76297, 0.0] [-10.5571, 0.0, 29.419] [494.508, 7.50542, -345.553]]
  capzone__title:t="C"
  capzone__caption:t="capzone/headquarters"
  decal__height:r=1.0
}

entity{
  _template:t="domination_box_capzone"
  transform:m=[[19.2239, 0.0, 6.6548] [0.0, 8.79303, 0.0] [-6.353, 0.0, 18.352] [492.068, 6.90607, -112.805]]
  capzone__title:t="A"
  capzone__caption:t="capzone/сafeteria"
  decal__height:r=4.0
}

entity{
  _template:t="respawnChooser+respTeam2"
  transform:m=[[0.997868, 0.0, 0.0652802] [0.0, 1.0, 0.0] [-0.0652802, 0.0, 0.997868] [379.328, 4.74578, -316.318]]
}

entity{
  _template:t="respawnChooser+respTeam1"
  transform:m=[[-0.558381, 0.0, 0.829585] [0.0, 1.0, 0.0] [-0.829585, 0.0, -0.558381] [603.675, 3.51459, -137.515]]
  respawnBaseGroup:i=2
}

entity{
  _template:t="battle_area_polygon_point"
  transform:m=[[1.0, 0.0, 0.0] [0.0, 1.0, 0.0] [0.0, 0.0, 1.0] [544.057, 3.29912, -32.659]]
  battle_area_polygon_point__forBattleAreaId:t="area2"
  battle_area_polygon_point__id:t="point1"
  battle_area_polygon_point__nextId:t="point2"
}

entity{
  _template:t="battle_area_polygon_point"
  transform:m=[[1.0, 0.0, 0.0] [0.0, 1.0, 0.0] [0.0, 0.0, 1.0] [288.877, 3.2789, -63.9512]]
  battle_area_polygon_point__forBattleAreaId:t="area2"
  battle_area_polygon_point__id:t="point2"
  battle_area_polygon_point__nextId:t="point3"
}

entity{
  _template:t="battle_area_polygon_point"
  transform:m=[[1.0, 0.0, 0.0] [0.0, 1.0, 0.0] [0.0, 0.0, 1.0] [336.973, 3.29861, -491.234]]
  battle_area_polygon_point__forBattleAreaId:t="area2"
  battle_area_polygon_point__id:t="point3"
  battle_area_polygon_point__nextId:t="point4"
}

entity{
  _template:t="battle_area_polygon_point"
  transform:m=[[1.0, 0.0, 0.0] [0.0, 1.0, 0.0] [0.0, 0.0, 1.0] [480.946, 3.2218, -468.078]]
  battle_area_polygon_point__forBattleAreaId:t="area2"
  battle_area_polygon_point__id:t="point4"
  battle_area_polygon_point__nextId:t="point5"
}

entity{
  _template:t="battle_area_polygon_point"
  transform:m=[[1.0, 0.0, 0.0] [0.0, 1.0, 0.0] [0.0, 0.0, 1.0] [618.513, 3.30107, -416.93]]
  battle_area_polygon_point__forBattleAreaId:t="area2"
  battle_area_polygon_point__id:t="point5"
  battle_area_polygon_point__nextId:t="point6"
}

entity{
  _template:t="battle_area_polygon_point"
  transform:m=[[1.0, 0.0, 0.0] [0.0, 1.0, 0.0] [0.0, 0.0, 1.0] [560.097, 6.9494, -253.06]]
  battle_area_polygon_point__forBattleAreaId:t="area2"
  battle_area_polygon_point__id:t="point6"
  battle_area_polygon_point__nextId:t="point1"
}

entity{
  _template:t="battle_area_polygon_point"
  transform:m=[[1.0, 0.0, 0.0] [0.0, 1.0, 0.0] [0.0, 0.0, 1.0] [616.844, 3.27251, -23.4204]]
  battle_area_polygon_point__forBattleAreaId:t="area1"
  battle_area_polygon_point__id:t="point1"
  battle_area_polygon_point__nextId:t="point2"
}

entity{
  _template:t="battle_area_polygon_point"
  transform:m=[[1.0, 0.0, 0.0] [0.0, 1.0, 0.0] [0.0, 0.0, 1.0] [399.559, 4.54496, -49.9942]]
  battle_area_polygon_point__forBattleAreaId:t="area1"
  battle_area_polygon_point__id:t="point2"
  battle_area_polygon_point__nextId:t="point3"
}

entity{
  _template:t="battle_area_polygon_point"
  transform:m=[[1.0, 0.0, 0.0] [0.0, 1.0, 0.0] [0.0, 0.0, 1.0] [422.89, 4.78447, -250.18]]
  battle_area_polygon_point__forBattleAreaId:t="area1"
  battle_area_polygon_point__id:t="point3"
  battle_area_polygon_point__nextId:t="point4"
}

entity{
  _template:t="battle_area_polygon_point"
  transform:m=[[1.0, 0.0, 0.0] [0.0, 1.0, 0.0] [0.0, 0.0, 1.0] [446.425, 4.78447, -313.837]]
  battle_area_polygon_point__forBattleAreaId:t="area1"
  battle_area_polygon_point__id:t="point4"
  battle_area_polygon_point__nextId:t="point5"
}

entity{
  _template:t="battle_area_polygon_point"
  transform:m=[[1.0, 0.0, 0.0] [0.0, 1.0, 0.0] [0.0, 0.0, 1.0] [429.293, 4.78447, -320.033]]
  battle_area_polygon_point__forBattleAreaId:t="area1"
  battle_area_polygon_point__id:t="point5"
  battle_area_polygon_point__nextId:t="point6"
}

entity{
  _template:t="battle_area_polygon_point"
  transform:m=[[1.0, 0.0, 0.0] [0.0, 1.0, 0.0] [0.0, 0.0, 1.0] [480.929, 3.2809, -468.105]]
  battle_area_polygon_point__forBattleAreaId:t="area1"
  battle_area_polygon_point__id:t="point6"
  battle_area_polygon_point__nextId:t="point7"
}

entity{
  _template:t="battle_area_polygon_point"
  transform:m=[[1.0, 0.0, 0.0] [0.0, 1.0, 0.0] [0.0, 0.0, 1.0] [720.685, 7.13307, -378.84]]
  battle_area_polygon_point__forBattleAreaId:t="area1"
  battle_area_polygon_point__id:t="point7"
  battle_area_polygon_point__nextId:t="point1"
}

entity{
  _template:t="respawnChooser+respMotorcycle"
  transform:m=[[-0.998411, 0.0, -0.0563446] [0.0, 1.0, 0.0] [0.0563446, 0.0, -0.998411] [643.052, 4.14549, -261.704]]
  team:i=1
}

entity{
  _template:t="respawnChooser+respMotorcycle"
  transform:m=[[0.9955, 0.0, 0.094764] [0.0, 1.0, 0.0] [-0.094764, 0.0, 0.9955] [347.485, 4.28451, -342.567]]
  team:i=2
}