import{
  scene:t="content/enlisted/gamedata/scenes/_berlin_city_battle_sounds.blk"
}

entity{
  _template:t="shaderVars"

  "shader_vars__vars:object"{
    hmap_displacement_up:r=0.3
    ocean1:c=142, 137, 71, 0
    ocean0:c=76, 63, 5, 0
    ocean_density:r=0.1
    puddle_hardness:r=12.0
    puddle_flat_noise_normal_effect:r=0.015
    puddle_flat_normal_hardness:r=25.0
    layered_fog_density:r=0.005
    land_selfillum_worldscale:r=1.0
    river1:c=64, 64, 29, 0
    river0:c=49, 47, 41, 0
    hmap_displacement_down:r=-0.15
    puddle_flat_hmap_reduce:r=-0.2
    leaves_ss_profile:p4=1.0, 1.0, 1.0, 0.0
    autodetect_land_selfillum_color:p4=0.176, 0.051, 0.0, 0.094
    paint_details_tex:t="berlin_wall_color_tex_palette*"
    layered_fog_height:r=20.0
    puddle_increase:r=0.0
    land_selfillum_strength:r=50.0
    water_color_noise_size:r=71.0
    puddle_flat_noise_height_reduce:r=0.09
    water_depth_hardness:r=0.41
    river_density:r=0.5
  }
}

entity{
  _template:t="postfx_roundctrl"

  "post_fx:object"{
  }
}

entity{
  _template:t="postfx_color_grading_tonemap_death_alive_enlisted"
}

entity{
  _template:t="wind"
  wind__strength:r=1.3
  wind__dir:r=190.0
}

entity{
  _template:t="minimap_berlin_opera"
}

entity{
  _template:t="door_mult_ent_generator"
  ri_extra_gen__blk:t="content/e_berlin/gamedata/berlin_doors.blk"
}

entity{
  _template:t="session_finalizer"
  session_finalizer__timer:r=10.0
}

entity{
  _template:t="ri_gpu_object"
  ri_gpu_object__name:t="decal_broken_glass_a"
  ri_gpu_object__biom_indexes:p4=33.0, -1.0, -1.0, -1.0
  ri_gpu_object__grid_size:i=8
  ri_gpu_object__grid_tiling:i=1
  ri_gpu_object__cell_size:r=8.0
  ri_gpu_object__incline_delta:r=0.0
  ri_gpu_object__scale_range:p2=1.0, 1.75
  ri_gpu_object__rotate_range:p2=180.0, 360.0
  ri_gpu_object__seed:i=3
  ri_gpu_object__is_using_normal:b=no
  ri_gpu_object__up_vector:p3=0.0, 1.0, 0.0
  ri_gpu_object__decal:b=yes
  ri_gpu_object__transparent:b=yes
}

entity{
  _template:t="ri_gpu_object"
  ri_gpu_object__name:t="decal_broken_glass_a"
  ri_gpu_object__biom_indexes:p4=51.0, -1.0, -1.0, -1.0
  ri_gpu_object__grid_size:i=8
  ri_gpu_object__grid_tiling:i=1
  ri_gpu_object__cell_size:r=16.0
  ri_gpu_object__incline_delta:r=0.0
  ri_gpu_object__scale_range:p2=1.0, 1.25
  ri_gpu_object__rotate_range:p2=180.0, 360.0
  ri_gpu_object__seed:i=3
  ri_gpu_object__is_using_normal:b=no
  ri_gpu_object__up_vector:p3=0.0, 1.0, 0.0
  ri_gpu_object__decal:b=yes
  ri_gpu_object__transparent:b=yes

  "ri_gpu_object__multiple_objects:array"{

    "ri_gpu_object__multiple_objects:object"{
      name:t="decal_broken_glass_a"
      weight:r=0.3
    }

    "ri_gpu_object__multiple_objects:object"{
      name:t="decal_paper_trash_b"
      weight:r=1.0
    }
  }
}

entity{
  _template:t="ri_gpu_object"
  ri_gpu_object__name:t="debris_bricks_a"
  ri_gpu_object__biom_indexes:p4=33.0, 51.0, 50.0, -1.0
  ri_gpu_object__grid_size:i=8
  ri_gpu_object__grid_tiling:i=5
  ri_gpu_object__cell_size:r=16.0
  ri_gpu_object__incline_delta:r=10.0
  ri_gpu_object__scale_range:p2=0.9, 1.05
  ri_gpu_object__rotate_range:p2=0.0, 960.0
  ri_gpu_object__seed:i=812
  ri_gpu_object__is_using_normal:b=yes

  "ri_gpu_object__multiple_objects:array"{

    "ri_gpu_object__multiple_objects:object"{
      name:t="debris_bricks_a"
      weight:r=1.0
    }

    "ri_gpu_object__multiple_objects:object"{
      name:t="debris_bricks_b"
      weight:r=1.0
    }

    "ri_gpu_object__multiple_objects:object"{
      name:t="debris_bricks_c"
      weight:r=0.5
    }

    "ri_gpu_object__multiple_objects:object"{
      name:t="debris_bricks_d"
      weight:r=1.0
    }

    "ri_gpu_object__multiple_objects:object"{
      name:t="debris_trash_concrete_small_part_c3"
      weight:r=1.0
    }

    "ri_gpu_object__multiple_objects:object"{
      name:t="debris_trash_concrete_small_part_c2"
      weight:r=1.0
    }

    "ri_gpu_object__multiple_objects:object"{
      name:t="debris_trash_concrete_small_part_b3"
      weight:r=0.5
    }

    "ri_gpu_object__multiple_objects:object"{
      name:t="debris_trash_concrete_small_part_b1"
      weight:r=0.5
    }
  }
}

entity{
  _template:t="ri_gpu_object"
  ri_gpu_object__name:t="debris_bricks_a"
  ri_gpu_object__biom_indexes:p4=33.0, 50.0, -1.0, -1.0
  ri_gpu_object__grid_size:i=8
  ri_gpu_object__grid_tiling:i=5
  ri_gpu_object__cell_size:r=16.0
  ri_gpu_object__incline_delta:r=0.0
  ri_gpu_object__scale_range:p2=0.9, 1.05
  ri_gpu_object__rotate_range:p2=0.0, 960.0
  ri_gpu_object__seed:i=112
  ri_gpu_object__is_using_normal:b=yes

  "ri_gpu_object__multiple_objects:array"{

    "ri_gpu_object__multiple_objects:object"{
      name:t="debris_wooden_plank_a"
      weight:r=1.0
    }

    "ri_gpu_object__multiple_objects:object"{
      name:t="debris_wooden_plank_c"
      weight:r=0.5
    }

    "ri_gpu_object__multiple_objects:object"{
      name:t="wooden_beam_g"
      weight:r=1.0
    }

    "ri_gpu_object__multiple_objects:object"{
      name:t="wooden_beam_k"
      weight:r=0.5
    }

    "ri_gpu_object__multiple_objects:object"{
      name:t="wooden_beam_l"
      weight:r=0.5
    }

    "ri_gpu_object__multiple_objects:object"{
      name:t="debris_trash_pile_small_a"
      weight:r=1.0
    }

    "ri_gpu_object__multiple_objects:object"{
      name:t="debris_trash_pile_small_g"
      weight:r=0.5
    }

    "ri_gpu_object__multiple_objects:object"{
      name:t="debris_trash_pile_small_j"
      weight:r=0.5
    }

    "ri_gpu_object__multiple_objects:object"{
      name:t="debris_trash_pile_small_f"
      weight:r=0.5
    }
  }
}

entity{
  _template:t="ri_gpu_object"
  ri_gpu_object__name:t="tree_burnt_branches_small_a"
  ri_gpu_object__biom_indexes:p4=56.0, 12.0, -1.0, -1.0
  ri_gpu_object__grid_size:i=8
  ri_gpu_object__grid_tiling:i=1
  ri_gpu_object__cell_size:r=16.0
  ri_gpu_object__incline_delta:r=0.0
  ri_gpu_object__scale_range:p2=0.9, 1.5
  ri_gpu_object__rotate_range:p2=0.0, 960.0
  ri_gpu_object__seed:i=112
  ri_gpu_object__is_using_normal:b=yes

  "ri_gpu_object__multiple_objects:array"{

    "ri_gpu_object__multiple_objects:object"{
      name:t="tree_burnt_branches_small_a"
      weight:r=0.5
    }

    "ri_gpu_object__multiple_objects:object"{
      name:t="tree_burnt_branches_small_b"
      weight:r=1.0
    }

    "ri_gpu_object__multiple_objects:object"{
      name:t="tree_burnt_branches_small_c"
      weight:r=1.0
    }

    "ri_gpu_object__multiple_objects:object"{
      name:t="tree_burnt_branches_small_d"
      weight:r=1.0
    }
  }
}

entity{
  _template:t="ground_effect"
  ground_effect__fx_name:t="chimney_exhaust"
  ground_effect__biome_group_name:t="burnt_field"
  ground_effect__rot_z:p2=75.0, 10.0
  ground_effect__offset_x:p2=0.0, 5.0
  ground_effect__offset_y:p2=-0.2, 0.2
  ground_effect__offset_z:p2=0.0, 5.0
  ground_effect__grid_cell_size:r=8.0
  ground_effect__grid_world_origin:p2=0.0, 0.0
  ground_effect__vis_radius:r=50.0
  ground_effect__biome_weight_for_active_thr:r=0.25
  ground_effect__fx_radius:r=-1.0
}

entity{
  _template:t="ground_effect"
  ground_effect__fx_name:t="ground_sparkles_10m"
  ground_effect__biome_group_name:t="burnt_field"
  ground_effect__rot_z:p2=75.0, 10.0
  ground_effect__offset_x:p2=0.0, 5.0
  ground_effect__offset_y:p2=-0.2, 0.2
  ground_effect__offset_z:p2=0.0, 5.0
  ground_effect__grid_cell_size:r=16.0
  ground_effect__grid_world_origin:p2=0.0, 0.0
  ground_effect__vis_radius:r=25.0
  ground_effect__biome_weight_for_active_thr:r=0.25
  ground_effect__fx_radius:r=-1.0
}

entity{
  _template:t="ground_effect"
  ground_effect__fx_name:t="ground_ashes_10m"
  ground_effect__biome_group_name:t="burnt_field"
  ground_effect__rot_z:p2=75.0, 10.0
  ground_effect__offset_x:p2=0.0, 5.0
  ground_effect__offset_y:p2=-0.2, 0.2
  ground_effect__offset_z:p2=0.0, 5.0
  ground_effect__grid_cell_size:r=16.0
  ground_effect__grid_world_origin:p2=0.0, 0.0
  ground_effect__vis_radius:r=25.0
  ground_effect__biome_weight_for_active_thr:r=0.25
  ground_effect__fx_radius:r=-1.0
}

entity{
  _template:t="ground_effect"
  ground_effect__fx_name:t="ground_papers_10m"
  ground_effect__biome_group_name:t="asphalt"
  ground_effect__grid_cell_size:r=16.0
  ground_effect__grid_world_origin:p2=0.0, 0.0
  ground_effect__vis_radius:r=50.0
  ground_effect__biome_weight_for_active_thr:r=0.25
  ground_effect__fx_radius:r=-1.0
}

entity{
  _template:t="effect_area_box"
  effect_area__frequency:r=0.5
  effect_area__pauseChance:r=0.4
  effect_area__pauseLengthMax:r=2.0
  effect_area__effectName:t="background_flash_8s_fx"
  effect_area__isPaused:b=no
  transform:m=[[1.0, 0.0, 0.0] [0.0, 1.0, 0.0] [0.0, 0.0, 1.0] [-941.109, 3.255, -280.225]]
}

entity{
  _template:t="bonfire_effect_background_flash_8s_fx"
  transform:m=[[1.0, 0.0, 0.0] [0.0, 1.0, 0.0] [0.0, 0.0, 1.0] [907.905, 4.67061, -823.634]]
}

entity{
  _template:t="bonfire_effect_background_flash_11s_fx"
  transform:m=[[1.0, 0.0, 0.0] [0.0, 1.0, 0.0] [0.0, 0.0, 1.0] [539.044, 4.67061, -1057.43]]
}

entity{
  _template:t="bonfire_effect_background_flash_11s_fx"
  transform:m=[[1.0, 0.0, 0.0] [0.0, 1.0, 0.0] [0.0, 0.0, 1.0] [71.9746, 4.67061, -998.369]]
}

entity{
  _template:t="bonfire_effect_background_flash_8s_fx"
  transform:m=[[1.0, 0.0, 0.0] [0.0, 1.0, 0.0] [0.0, 0.0, 1.0] [-315.671, 4.67061, -832.595]]
}

entity{
  _template:t="bonfire_effect_background_flash_11s_fx"
  transform:m=[[1.0, 0.0, 0.0] [0.0, 1.0, 0.0] [0.0, 0.0, 1.0] [930.453, 4.67061, -62.9545]]
}

entity{
  _template:t="bonfire_effect_background_flash_8s_fx"
  transform:m=[[1.0, 0.0, 0.0] [0.0, 1.0, 0.0] [0.0, 0.0, 1.0] [444.537, 4.67061, 418.554]]
}

entity{
  _template:t="bonfire_effect_background_flash_11s_fx"
  transform:m=[[1.0, 0.0, 0.0] [0.0, 1.0, 0.0] [0.0, 0.0, 1.0] [1026.4, 4.67061, 62.4067]]
}

entity{
  _template:t="bonfire_effect_background_flash_8s_fx"
  transform:m=[[1.0, 0.0, 0.0] [0.0, 1.0, 0.0] [0.0, 0.0, 1.0] [245.047, 4.67061, 565.389]]
}

entity{
  _template:t="bonfire_effect_background_flash_8s_fx"
  transform:m=[[1.0, 0.0, 0.0] [0.0, 1.0, 0.0] [0.0, 0.0, 1.0] [-310.852, 4.67061, 406.778]]
}

entity{
  _template:t="bonfire_effect_volcano_smoke"
  transform:m=[[0.651268, 0.0, 0.238336] [0.0, 0.693508, 0.0] [-0.238336, 0.0, 0.651268] [-1422.33, 3.31363, -2008.51]]
}

entity{
  _template:t="bonfire_effect_volcano_smoke"
  transform:m=[[1.04756, 0.0, 0.102767] [0.0, 1.05258, 0.0] [-0.102767, 0.0, 1.04756] [-2594.46, 3.31412, -2883.46]]
}

entity{
  _template:t="bonfire_effect_volcano_smoke"
  transform:m=[[0.459994, 0.0, 1.03735] [0.0, 1.13476, 0.0] [-1.03735, 0.0, 0.459994] [748.515, 3.41519, -1897.58]]
}

entity{
  _template:t="bonfire_effect_volcano_smoke"
  transform:m=[[1.05317, 0.0, 0.808127] [0.0, 1.32749, 0.0] [-0.808127, 0.0, 1.05317] [1275.77, 3.51234, -1447.33]]
}

entity{
  _template:t="bonfire_effect_volcano_smoke"
  transform:m=[[0.329894, 0.0, 0.924001] [0.0, 0.981123, 0.0] [-0.924001, 0.0, 0.329894] [2304.96, -4.98208, 1116.67]]
}

entity{
  _template:t="bonfire_effect_volcano_smoke"
  transform:m=[[0.5016, 0.0, 0.453116] [0.0, 0.675959, 0.0] [-0.453116, 0.0, 0.5016] [-553.462, -3.11774, 1632.67]]
}

entity{
  _template:t="bonfire_effect_volcano_smoke"
  transform:m=[[0.589822, 0.0, 0.532811] [0.0, 0.794848, 0.0] [-0.532811, 0.0, 0.589822] [56.6985, 3.17503, 2317.45]]
}

entity{
  _template:t="bonfire_effect_volcano_smoke"
  transform:m=[[0.589822, 0.0, 0.532811] [0.0, 0.794848, 0.0] [-0.532811, 0.0, 0.589822] [-2117.65, 3.28224, 2203.81]]
}

entity{
  _template:t="projectors_manager"
  projectors_manager__atmosphereDensity:r=1.0
  projectors_manager__atmosphereMoveDir:p3=1.0, 0.0, 0.0
  projectors_manager__atmosphereMoveSpeed:r=0.0
  projectors_manager__noiseScale:r=30.0
  projectors_manager__noiseStrength:r=1.0
}

entity{
  _template:t="projector"
  projector__color:p3=0.12, 0.12, 0.12
  projector__angle:r=2.5
  projector__sourceWidth:r=1.0
  projector__xAngleAmplitude:r=17.0
  projector__period:r=16.0
  transform:m=[[0.993579, -0.112724, 0.00965883] [0.113137, 0.98995, -0.0848528] [3.17867e-06, 0.0854007, 0.996347] [608.5, 10.0, -1069.0]]
}

entity{
  _template:t="projector"
  projector__color:p3=0.12, 0.12, 0.12
  projector__angle:r=2.0
  projector__sourceWidth:r=1.0
  projector__zAngleAmplitude:r=27.0
  projector__period:r=24.0
  transform:m=[[0.947085, -0.319961, 0.0255969] [-0.320983, -0.944069, 0.0755255] [2.5088e-08, -0.0797452, -0.996815] [449.2, 10.0, 489.2]]
}

entity{
  _template:t="projector"
  projector__color:p3=0.12, 0.12, 0.12
  projector__angle:r=3.0
  projector__sourceWidth:r=1.0
  projector__zAngleAmplitude:r=24.0
  projector__period:r=14.0
  transform:m=[[0.986453, 0.163682, -0.0109121] [-0.164045, 0.984268, -0.0656179] [-3.76747e-08, 0.066519, 0.997785] [915.7, 10.0, -93.4]]
}

entity{
  _template:t="projector"
  projector__color:p3=0.12, 0.12, 0.12
  projector__angle:r=5.0
  projector__sourceWidth:r=1.0
  projector__zAngleAmplitude:r=18.0
  projector__period:r=20.0
  transform:m=[[0.990443, 0.13658, 0.0192066] [0.137924, -0.980793, -0.137924] [3.83442e-08, 0.139255, -0.990257] [452.5, 10.0, -868.0]]
}

entity{
  _template:t="projector"
  projector__color:p3=0.12, 0.12, 0.12
  projector__angle:r=6.0
  projector__sourceWidth:r=1.0
  projector__zAngleAmplitude:r=27.0
  projector__period:r=22.0
  transform:m=[[0.987471, 0.157601, 0.00788174] [-0.157798, 0.986239, 0.049312] [-1.65927e-06, -0.0499379, 0.998752] [696.0, 10.0, -992.0]]
}

entity{
  _template:t="projector"
  projector__color:p3=0.12, 0.12, 0.12
  projector__angle:r=7.0
  projector__sourceWidth:r=1.0
  projector__zAngleAmplitude:r=22.0
  projector__period:r=24.0
  transform:m=[[0.979645, -0.19962, -0.0211718] [-0.20074, -0.974181, -0.103322] [-2.91538e-08, 0.105469, -0.994423] [1536.9, 10.0, -900.9]]
}

entity{
  _template:t="projector"
  projector__color:p3=0.12, 0.12, 0.12
  projector__angle:r=6.0
  projector__sourceWidth:r=1.0
  projector__zAngleAmplitude:r=17.0
  projector__period:r=18.0
  transform:m=[[0.989228, -0.145985, -0.0108311] [0.146386, 0.986516, 0.0731931] [-4.23149e-08, -0.0739902, 0.997259] [1266.4, 10.0, -405.7]]
}

entity{
  _template:t="projector"
  projector__color:p3=0.12, 0.12, 0.12
  projector__angle:r=3.0
  projector__sourceWidth:r=1.0
  projector__zAngleAmplitude:r=26.0
  projector__period:r=14.0
  transform:m=[[0.989783, -0.141161, -0.0201034] [-0.142585, -0.979895, -0.139552] [7.71265e-08, 0.140993, -0.990011] [466.7, 10.0, -1565.0]]
}

entity{
  _template:t="projector"
  projector__color:p3=0.12, 0.12, 0.12
  projector__angle:r=5.0
  projector__sourceWidth:r=1.0
  projector__zAngleAmplitude:r=27.0
  projector__period:r=28.0
  transform:m=[[0.990793, -0.135226, 0.00660534] [0.135387, 0.989612, -0.0483524] [1.76824e-06, 0.0488015, 0.998809] [-115.1, 10.0, -1233.9]]
}

entity{
  _template:t="projector"
  projector__color:p3=0.12, 0.12, 0.12
  projector__angle:r=4.0
  projector__sourceWidth:r=1.0
  projector__zAngleAmplitude:r=16.0
  projector__period:r=24.0
  transform:m=[[0.983735, -0.178902, 0.0161012] [-0.179625, -0.979775, 0.0881798] [1.14989e-08, -0.0896377, -0.995974] [1035.2, 10.0, -349.8]]
}

entity{
  _template:t="projector"
  projector__color:p3=0.12, 0.12, 0.12
  projector__angle:r=2.0
  projector__sourceWidth:r=1.0
  projector__zAngleAmplitude:r=27.0
  projector__period:r=18.0
  transform:m=[[0.983821, 0.177945, -0.0207603] [-0.179152, 0.977194, -0.114006] [4.28705e-08, 0.115881, 0.993263] [724.3, 10.0, 1047.0]]
}

entity{
  _template:t="projector"
  projector__color:p3=0.12, 0.12, 0.12
  projector__angle:r=5.0
  projector__sourceWidth:r=1.0
  projector__zAngleAmplitude:r=18.0
  projector__period:r=14.0
  transform:m=[[0.990771, -0.134661, 0.0154529] [0.135545, 0.984311, -0.112954] [3.96059e-08, 0.114006, 0.99348] [10.4, 10.0, 741.8]]
}

entity{
  _template:t="projector"
  projector__color:p3=0.12, 0.12, 0.12
  projector__angle:r=4.0
  projector__sourceWidth:r=1.0
  projector__zAngleAmplitude:r=25.0
  projector__period:r=24.0
  transform:m=[[0.990532, -0.135297, 0.0232541] [-0.137281, -0.976218, 0.167787] [-7.00381e-09, -0.169391, -0.985549] [303.2, 10.0, 885.3]]
}

entity{
  _template:t="projector"
  projector__color:p3=0.12, 0.12, 0.12
  projector__angle:r=6.0
  projector__sourceWidth:r=1.0
  projector__zAngleAmplitude:r=27.0
  projector__period:r=20.0
  transform:m=[[0.991501, 0.129907, -0.00708077] [-0.1301, 0.990032, -0.0539441] [2.46296e-06, 0.0544068, 0.998519] [539.8, 10.0, 555.1]]
}

entity{
  _template:t="projector"
  projector__color:p3=0.12, 0.12, 0.12
  projector__angle:r=7.0
  projector__sourceWidth:r=1.0
  projector__zAngleAmplitude:r=22.0
  projector__period:r=16.0
  transform:m=[[0.978409, 0.205454, 0.0224715] [0.206679, -0.972608, -0.106379] [-3.17192e-08, 0.108727, -0.994072] [717.9, 10.0, 163.3]]
}

entity{
  _template:t="tracer_launcher"
  transform:m=[[1.0, 0.0, 0.0] [0.0, 1.0, 0.0] [0.0, 0.0, 1.0] [423.804, 2.97412, -977.571]]
  tracer_launcher__shoot_direction:p2=120.0, 50.0
  tracer_launcher__bullet_speed:r=500.0
  tracer_launcher__time_to_fire:r=1.1282
  tracer_launcher__long_cooldown_min_max:p2=0.5, 2.0
  tracer_launcher__long_cooldown_probability:r=0.2
  tracer_launcher__short_cooldown:r=0.1
}

entity{
  _template:t="tracer_launcher"
  transform:m=[[1.0, 0.0, 0.0] [0.0, 1.0, 0.0] [0.0, 0.0, 1.0] [424.635, 2.97412, 634.056]]
  tracer_launcher__bullet_speed:r=500.0
  tracer_launcher__time_to_fire:r=1.1282
  tracer_launcher__long_cooldown_min_max:p2=0.5, 2.0
  tracer_launcher__long_cooldown_probability:r=0.2
  tracer_launcher__short_cooldown:r=0.1
}

entity{
  _template:t="tracer_launcher"
  transform:m=[[1.0, 0.0, 0.0] [0.0, 1.0, 0.0] [0.0, 0.0, 1.0] [298.508, 2.97412, 881.639]]
  tracer_launcher__shoot_direction:p2=45.0, 0.0
  tracer_launcher__rotate_range:p2=30.0, 60.0
  tracer_launcher__bullet_speed:r=500.0
  tracer_launcher__time_to_fire:r=1.1282
  tracer_launcher__long_cooldown_min_max:p2=0.5, 2.0
  tracer_launcher__long_cooldown_probability:r=0.2
  tracer_launcher__short_cooldown:r=0.1
}

entity{
  _template:t="tracer_launcher"
  transform:m=[[1.0, 0.0, 0.0] [0.0, 1.0, 0.0] [0.0, 0.0, 1.0] [103.453, 2.97412, 1101.59]]
  tracer_launcher__shoot_direction:p2=180.0, 5.0
  tracer_launcher__rotate_range:p2=50.0, 120.0
  tracer_launcher__bullet_speed:r=500.0
  tracer_launcher__time_to_fire:r=1.1282
  tracer_launcher__long_cooldown_min_max:p2=0.5, 2.0
  tracer_launcher__long_cooldown_probability:r=0.2
  tracer_launcher__short_cooldown:r=0.1
}

entity{
  _template:t="tracer_launcher"
  transform:m=[[1.0, 0.0, 0.0] [0.0, 1.0, 0.0] [0.0, 0.0, 1.0] [1564.22, 2.97412, -112.722]]
  tracer_launcher__bullet_speed:r=500.0
  tracer_launcher__time_to_fire:r=1.1282
  tracer_launcher__long_cooldown_min_max:p2=0.5, 2.0
  tracer_launcher__long_cooldown_probability:r=0.2
  tracer_launcher__short_cooldown:r=0.1
}

entity{
  _template:t="tracer_launcher"
  transform:m=[[1.0, 0.0, 0.0] [0.0, 1.0, 0.0] [0.0, 0.0, 1.0] [1697.8, 2.97412, -317.409]]
  tracer_launcher__bullet_speed:r=500.0
  tracer_launcher__time_to_fire:r=1.1282
  tracer_launcher__long_cooldown_min_max:p2=0.5, 2.0
  tracer_launcher__long_cooldown_probability:r=0.2
  tracer_launcher__short_cooldown:r=0.1
}

entity{
  _template:t="tracer_launcher"
  transform:m=[[1.0, 0.0, 0.0] [0.0, 1.0, 0.0] [0.0, 0.0, 1.0] [570.875, 2.97412, -1024.4]]
  tracer_launcher__bullet_speed:r=500.0
  tracer_launcher__time_to_fire:r=1.1282
  tracer_launcher__long_cooldown_min_max:p2=0.5, 2.0
  tracer_launcher__long_cooldown_probability:r=0.2
  tracer_launcher__short_cooldown:r=0.1
  tracer_launcher__rotate_range:p2=10.0, 50.0
}

entity{
  _template:t="enemy_attack_marker"
  transform:m=[[-0.0271903, 0.0, -0.99963] [0.0, 1.0, 0.0] [0.99963, 0.0, -0.0271903] [-403.343, 3.91344, 1079.0]]
}

entity{
  _template:t="static_cam"
  camera__active:b=yes
  transform:m=[[-0.738565, -2.30158e-10, 0.674183] [0.00742365, 0.999939, 0.00813258] [-0.674141, 0.0110113, -0.73852] [-286.161, 17.9108, 953.231]]
}

entity{
  _template:t="briefing_invasion"
  mission_name:t="berlin_station_inv_counter"

  "loading_images:list<t>"{
    item:t="ui/berlin_station_01.jpg"
    item:t="ui/berlin_station_02.jpg"
    item:t="ui/berlin_station_03.jpg"
  }
}

entity{
  _template:t="group_activator"
  activator__initialLength:i=5

  "activator__activateChoice:object"{
    sector_1_b:r=1.0
    sector_1_a:r=1.0
  }
}

entity{
  _template:t="team_ussr_berlin+team_narrator_invasion_attack+respawn_creators_team"
  team__memberCount:r=0.0
  team__scoreCap:r=1500.0
  team__score:r=1500.0
  team__squadSpawnCost:i=250
  team__firstSpawnCostMul:r=0.0
  team__zeroScoreFailTimer:r=60.0
  team__id:i=1
  team__briefing:t="invasion/attackers_goals"
  team__winSubtitle:t="debriefing/won_invasion_subtitle"
  team__loseSubtitle:t="debriefing/lost_invasion_subtitle"
  team__winTitle:t="debriefing/ussr_won_invasion"
  team__spawnBotArmy:t="moscow_allies"
}

entity{
  _template:t="team_germany_berlin+team_narrator_invasion_defence+respawn_creators_team"
  team__countAdd:r=0.5
  team__memberCount:r=0.5
  team__scoreCap:r=5000.0
  team__capturePenalty:r=1001.0
  team__score:r=5000.0
  team__id:i=2
  team__briefing:t="invasion/defenders_goals"
  team__winSubtitle:t="debriefing/won_defence_subtitle"
  team__loseSubtitle:t="debriefing/lost_defence_subtitle"
  team__winTitle:t="debriefing/ger_won_defence"
  team__spawnBotArmy:t="moscow_axis"
}

entity{
  _template:t="defend_zone_chained_sphere+defend_zone_respawnbase"
  transform:m=[[1.10296, -0.171434, -1.35808] [0.0941275, 1.4303, -0.104106] [2.28618, -0.0151712, 1.85862] [-515.089, -1.6686, 508.143]]
  capzone__capRewardPartCap:r=1.0
  capzone__onlyTeamCanCapture:i=1
  capzone__curTeamCapturingZone:i=-1
  groupName:t="sector_5"
  capzone__capTime:r=90.0
  capzone__capTeam:i=-1
  active:b=no
  capzone__decapTime:r=6000.0
  ui_order:i=0
  capzone__capReward:r=250.0
  capzone__icon:t="AAA"
  capzone__caption:t="capzone/train"
  capzone__deactivateAfterTimeout:r=25.0
  capzone__spawnAtZoneTimeout:r=25.0
  capzone__createRespawnBaseForTeam:i=2
  decal__height:r=2.0
  capzone__createRespawnBase:t="respawnBaseGroupActivator"
  capzone__createdRespawnBaseGroup:i=3
  capzone__iconOffsetY:r=2.5
}

entity{
  _template:t="defend_zone_chained_sphere+defend_zone_respawnbase"
  transform:m=[[1.75792, 0.0, 0.0] [0.0, 1.43717, 0.0] [0.0, 0.0, 1.75792] [-461.927, 3.24001, 615.419]]
  capzone__capRewardPartCap:r=1.5
  capzone__onlyTeamCanCapture:i=1
  capzone__curTeamCapturingZone:i=-1
  groupName:t="sector_4_a"
  capzone__capTime:r=100.0
  capzone__capTeam:i=-1
  active:b=no
  capzone__decapTime:r=6000.0
  ui_order:i=1
  capzone__capReward:r=250.0
  capzone__icon:t="AAA"
  capzone__caption:t="capzone/crossroads"
  capzone__deactivateAfterTimeout:r=25.0
  capzone__spawnAtZoneTimeout:r=25.0
  capzone__createRespawnBaseForTeam:i=2
  decal__height:r=0.4
  capzone__createRespawnBase:t="respawnBaseGroupActivator"
  capzone__createdRespawnBaseGroup:i=4
  capzone__iconOffsetY:r=1.5

  "capzone__activateChoice:object"{
    sector_5:r=1.0
  }
}

entity{
  _template:t="defend_zone_chained_box+defend_zone_respawnbase"
  transform:m=[[4.34595, 0.0, 21.9281] [0.0, 6.80457, 0.0] [-26.7549, 0.0, 4.55284] [-497.987, 5.90157, 664.582]]
  groupName:t="sector_4_b"
  capzone__caption:t="capzone/apartments"
  capzone__capRewardPartCap:r=1.5
  capzone__onlyTeamCanCapture:i=1
  capzone__capReward:r=250.0
  capzone__icon:t="AAA"
  capzone__capTime:r=110.0
  capzone__capTeam:i=-1
  active:b=no
  capzone__decapTime:r=6000.0
  capzone__deactivateAfterTimeout:r=25.0
  capzone__spawnAtZoneTimeout:r=25.0
  capzone__createRespawnBaseForTeam:i=2
  decal__height:r=2.0
  ui_order:i=3
  capzone__createRespawnBase:t="respawnBaseGroupActivator"
  capzone__createdRespawnBaseGroup:i=8

  "capzone__activateChoice:object"{
    sector_5:r=1.0
  }
}

entity{
  _template:t="defend_zone_chained_sphere+defend_zone_respawnbase"
  transform:m=[[0.0938255, 0.0, 1.04981] [0.0, 0.932493, 0.0] [-1.04981, 0.0, 0.0938255] [-421.249, 3.09121, 691.535]]
  groupName:t="sector_3"
  capzone__capRewardPartCap:r=1.375
  capzone__onlyTeamCanCapture:i=1
  ui_order:i=2
  capzone__capReward:r=250.0
  capzone__icon:t="AAA"
  capzone__caption:t="capzone/artillery_emplacement"
  capzone__capTime:r=110.0
  capzone__capTeam:i=-1
  active:b=no
  capzone__decapTime:r=6000.0
  sphere_zone__radius:r=12.0
  capzone__deactivateAfterTimeout:r=25.0
  capzone__spawnAtZoneTimeout:r=25.0
  capzone__createRespawnBaseForTeam:i=2
  decal__height:r=0.3
  capzone__createRespawnBase:t="respawnBaseGroupActivator"
  capzone__createdRespawnBaseGroup:i=5
  capzone__iconOffsetY:r=1.5

  "capzone__activateChoice:object"{
    sector_4_b:r=1.0
    sector_4_a:r=2.0
  }
}

entity{
  _template:t="defend_zone_chained_box+defend_zone_respawnbase"
  transform:m=[[14.3751, 0.0, 1.32706] [0.0, 6.80457, 0.0] [-1.23045, 0.0, 21.0244] [-347.063, 6.5645, 769.51]]
  groupName:t="sector_2_a"
  capzone__caption:t="capzone/station_restaurant"
  capzone__capRewardPartCap:r=1.25
  capzone__onlyTeamCanCapture:i=1
  capzone__capReward:r=250.0
  capzone__icon:t="AAA"
  capzone__capTime:r=100.0
  capzone__capTeam:i=-1
  active:b=no
  capzone__decapTime:r=6000.0
  capzone__deactivateAfterTimeout:r=25.0
  capzone__spawnAtZoneTimeout:r=25.0
  capzone__createRespawnBaseForTeam:i=2
  decal__height:r=0.5
  ui_order:i=3
  capzone__createRespawnBase:t="respawnBaseGroupActivator"
  capzone__createdRespawnBaseGroup:i=6

  "capzone__activateChoice:object"{
    sector_3:r=1.0
  }
}

entity{
  _template:t="defend_zone_chained_box+defend_zone_respawnbase"
  transform:m=[[-0.730138, 0.0, 21.8662] [0.0, 6.80457, 0.0] [-21.0624, 0.0, -1.18384] [-437.133, 6.53821, 764.703]]
  groupName:t="sector_2_b"
  capzone__caption:t="capzone/canteen"
  capzone__capRewardPartCap:r=1.25
  capzone__onlyTeamCanCapture:i=1
  capzone__capReward:r=250.0
  capzone__icon:t="AAA"
  capzone__capTime:r=100.0
  capzone__capTeam:i=-1
  active:b=no
  capzone__decapTime:r=6000.0
  capzone__deactivateAfterTimeout:r=25.0
  capzone__spawnAtZoneTimeout:r=25.0
  capzone__createRespawnBaseForTeam:i=2
  decal__height:r=0.3
  ui_order:i=3
  capzone__createRespawnBase:t="respawnBaseGroupActivator"
  capzone__createdRespawnBaseGroup:i=9

  "capzone__activateChoice:object"{
    sector_3:r=1.0
  }
}

entity{
  _template:t="defend_zone_chained_sphere+defend_zone_respawnbase"
  transform:m=[[0.0938255, 0.0, 1.04981] [0.0, 0.932493, 0.0] [-1.04981, 0.0, 0.0938255] [-400.005, 2.89087, 882.169]]
  capzone__capRewardPartCap:r=1.125
  capzone__onlyTeamCanCapture:i=1
  capzone__curTeamCapturingZone:i=-1
  groupName:t="sector_1_a"
  capzone__capTime:r=100.0
  capzone__capTeam:i=-1
  active:b=no
  capzone__decapTime:r=6000.0
  ui_order:i=4
  capzone__capReward:r=250.0
  capzone__icon:t="AAA"
  capzone__caption:t="capzone/station"
  capzone__deactivateAfterTimeout:r=25.0
  capzone__spawnAtZoneTimeout:r=25.0
  capzone__createRespawnBaseForTeam:i=2
  sphere_zone__radius:r=14.0
  decal__height:r=1.0
  capzone__createRespawnBase:t="respawnBaseGroupActivator"
  capzone__createdRespawnBaseGroup:i=7
  capzone__iconOffsetY:r=1.0

  "capzone__activateChoice:object"{
    sector_2_a:r=1.0
    sector_2_b:r=1.0
  }
}

entity{
  _template:t="defend_zone_chained_box+defend_zone_respawnbase"
  transform:m=[[-0.651364, 0.0, 24.3544] [0.0, 6.80457, 0.0] [-26.773, 0.0, -1.39781] [-439.454, 6.55803, 863.109]]
  groupName:t="sector_1_b"
  capzone__caption:t="capzone/ticket_offices"
  capzone__capRewardPartCap:r=1.125
  capzone__onlyTeamCanCapture:i=1
  capzone__capReward:r=250.0
  capzone__icon:t="AAA"
  capzone__capTime:r=100.0
  capzone__capTeam:i=-1
  active:b=no
  capzone__decapTime:r=6000.0
  capzone__deactivateAfterTimeout:r=25.0
  capzone__spawnAtZoneTimeout:r=25.0
  capzone__createRespawnBaseForTeam:i=2
  decal__height:r=0.9
  ui_order:i=3
  capzone__createRespawnBase:t="respawnBaseGroupActivator"
  capzone__createdRespawnBaseGroup:i=10
  decal__thickness:r=0.8

  "capzone__activateChoice:object"{
    sector_2_a:r=1.0
    sector_2_b:r=1.0
  }
}

entity{
  _template:t="respawn_camera"
  respawnCameraForTeam:i=1
  transform:m=[[1.0, 0.0, 0.0] [0.0, 1.0, 0.0] [0.0, 0.0, 1.0] [-240.461, 298.573, 1148.58]]
}

entity{
  _template:t="respawn_camera"
  respawnCameraForTeam:i=2
  transform:m=[[1.0, 0.0, 0.0] [0.0, 1.0, 0.0] [0.0, 0.0, 1.0] [-554.117, 298.49, 510.317]]
}

entity{
  _template:t="respawnChooser+respTeam1"
  transform:m=[[-0.762505, 0.0, -0.646982] [0.0, 1.0, 0.0] [0.646982, 0.0, -0.762505] [-415.106, -1.03877, 614.262]]
  groupName:t="sector_5"
  active:b=no
}

entity{
  _template:t="respawnChooser+respTeam1"
  transform:m=[[0.219889, 0.0, -0.975525] [0.0, 1.0, 0.0] [0.975525, 0.0, 0.219889] [-411.66, -0.96547, 612.617]]
  groupName:t="sector_5"
  active:b=no
}

entity{
  _template:t="respawnChooser+respTeam1"
  transform:m=[[0.116749, 0.0, -0.993161] [0.0, 1.0, 0.0] [0.993161, 0.0, 0.116749] [-493.654, 3.94073, 659.012]]
  groupName:t="sector_5"
  active:b=no
  respawnBaseGroup:i=2
}

entity{
  _template:t="respawnChooser+respTeam1"
  transform:m=[[-0.078776, 0.0, -0.996893] [0.0, 1.0, 0.0] [0.996893, 0.0, -0.078776] [-500.54, 3.92982, 660.561]]
  groupName:t="sector_5"
  active:b=no
  respawnBaseGroup:i=2
}

entity{
  _template:t="respawnChooser+respVehicle"
  transform:m=[[0.720858, 0.0, -0.693083] [0.0, 1.0, 0.0] [0.693083, 0.0, 0.720858] [-557.341, 5.9609, 633.269]]
  groupName:t="sector_5"
  team:i=1
  respTime:i=150
  maxVehicleOnSpawn:i=2
  active:b=no
  respawnBaseGroup:i=1
}

entity{
  _template:t="respawnChooser+respTeam2"
  transform:m=[[0.760868, 0.0, 0.648907] [0.0, 1.0, 0.0] [-0.648907, 0.0, 0.760868] [-596.345, -0.696377, 413.09]]
  groupName:t="sector_5"
  active:b=no
}

entity{
  _template:t="respawnChooser+respTeam2"
  transform:m=[[0.91625, 0.0, 0.400608] [0.0, 1.0, 0.0] [-0.400608, 0.0, 0.91625] [-610.89, -0.319108, 421.961]]
  groupName:t="sector_5"
  active:b=no
}

entity{
  _template:t="respawnChooser+respTeam2"
  transform:m=[[0.844834, 0.0, 0.535028] [0.0, 1.0, 0.0] [-0.535028, 0.0, 0.844834] [-612.138, -0.563835, 432.723]]
  groupName:t="sector_5"
  active:b=no
}

entity{
  _template:t="respawnChooser+respTeam2"
  transform:m=[[0.844834, 0.0, 0.535028] [0.0, 1.0, 0.0] [-0.535028, 0.0, 0.844834] [-597.229, -0.563835, 416.842]]
  groupName:t="sector_5"
  active:b=no
}

entity{
  _template:t="respawnChooser+respVehicle"
  transform:m=[[0.914367, 0.0, -0.404888] [0.0, 1.0, 0.0] [0.404888, 0.0, 0.914367] [-662.99, 3.2035, 488.613]]
  groupName:t="sector_5"
  team:i=2
  respTime:i=150
  maxVehicleOnSpawn:i=2
  active:b=no
  respawnBaseGroup:i=1
}

entity{
  _template:t="respawnChooser+respTeam1"
  transform:m=[[-0.045359, 0.0, -0.998971] [0.0, 1.0, 0.0] [0.998971, 0.0, -0.045359] [-423.024, 3.69906, 765.869]]
  groupName:t="sector_4_a"
  active:b=no
}

entity{
  _template:t="respawnChooser+respTeam1"
  transform:m=[[-0.122472, 0.0, -0.992472] [0.0, 1.0, 0.0] [0.992472, 0.0, -0.122472] [-439.924, 3.62602, 765.232]]
  groupName:t="sector_4_a"
  respawnBaseGroup:i=1
  active:b=no
}

entity{
  _template:t="respawnChooser+respTeam1"
  transform:m=[[-0.211663, 0.0, -0.977342] [0.0, 1.0, 0.0] [0.977342, 0.0, -0.211663] [-429.036, 4.1873, 766.952]]
  active:b=no
  groupName:t="sector_4_a"
  respawnBaseGroup:i=1
}

entity{
  _template:t="respawnChooser+respVehicle"
  transform:m=[[-0.0883088, 0.0, -0.996094] [0.0, 1.0, 0.0] [0.996094, 0.0, -0.0883088] [-306.954, 4.50569, 806.882]]
  groupName:t="sector_4_a"
  team:i=1
  respTime:i=150
  maxVehicleOnSpawn:i=2
  active:b=no
  respawnBaseGroup:i=1
}

entity{
  _template:t="respawnChooser+respTeam2"
  transform:m=[[0.812393, 0.0, 0.583109] [0.0, 1.0, 0.0] [-0.583109, 0.0, 0.812393] [-548.67, 5.06071, 577.393]]
  groupName:t="sector_4_a"
  respawnBaseGroup:i=1
  active:b=no
}

entity{
  _template:t="respawnChooser+respTeam2"
  transform:m=[[0.974541, 0.0, 0.224214] [0.0, 1.0, 0.0] [-0.224214, 0.0, 0.974541] [-539.977, 3.9427, 564.648]]
  groupName:t="sector_4_a"
  active:b=no
}

entity{
  _template:t="respawnChooser+respTeam2"
  transform:m=[[0.992916, 0.0, -0.118821] [0.0, 1.0, 0.0] [0.118821, 0.0, 0.992916] [-542.726, 3.62179, 552.14]]
  groupName:t="sector_4_a"
  active:b=no
}

entity{
  _template:t="respawnChooser+respVehicle"
  transform:m=[[0.996073, 0.0, 0.0885285] [0.0, 1.0, 0.0] [-0.0885285, 0.0, 0.996073] [-601.158, 4.1811, 497.554]]
  groupName:t="sector_4_a"
  team:i=2
  respTime:i=150
  maxVehicleOnSpawn:i=2
  active:b=no
  respawnBaseGroup:i=1
}

entity{
  _template:t="respawnChooser+respTeam2"
  transform:m=[[-0.104781, 0.0, 0.994496] [0.0, 1.0, 0.0] [-0.994496, 0.0, -0.104781] [-520.543, 6.41321, 574.873]]
  groupName:t="sector_4_b"
  respawnBaseGroup:i=1
  active:b=no
}

entity{
  _template:t="respawnChooser+respTeam2"
  transform:m=[[0.0791459, 0.0, 0.996863] [0.0, 1.0, 0.0] [-0.996863, 0.0, 0.0791459] [-554.747, 5.54587, 586.177]]
  groupName:t="sector_4_b"
  active:b=no
  respawnBaseGroup:i=1
}

entity{
  _template:t="respawnChooser+respTeam2"
  transform:m=[[0.568768, 0.0, 0.822498] [0.0, 1.0, 0.0] [-0.822498, 0.0, 0.568768] [-541.353, 4.49535, 585.674]]
  groupName:t="sector_4_b"
  respawnBaseGroup:i=1
  active:b=no
}

entity{
  _template:t="respawnChooser+respVehicle"
  transform:m=[[1.0, 0.0, 0.0] [0.0, 1.0, 0.0] [0.0, 0.0, 1.0] [-610.008, 4.48618, 495.543]]
  active:b=no
  groupName:t="sector_4_b"
  team:i=2
  respTime:i=150
  maxVehicleOnSpawn:i=2
}

entity{
  _template:t="respawnChooser+respTeam1"
  transform:m=[[-0.660004, 0.0, -0.751262] [0.0, 1.0, 0.0] [0.751262, 0.0, -0.660004] [-430.188, 3.55562, 772.613]]
  groupName:t="sector_4_b"
  active:b=no
  respawnBaseGroup:i=1
}

entity{
  _template:t="respawnChooser+respTeam1"
  transform:m=[[-0.200737, 0.0, -0.979645] [0.0, 1.0, 0.0] [0.979645, 0.0, -0.200737] [-423.235, 3.5894, 772.611]]
  active:b=no
  groupName:t="sector_4_b"
}

entity{
  _template:t="respawnChooser+respTeam1"
  transform:m=[[0.0584731, 0.0, -0.998289] [0.0, 1.0, 0.0] [0.998289, 0.0, 0.0584731] [-416.619, 3.70403, 784.201]]
  active:b=no
  groupName:t="sector_4_b"
  respawnBaseGroup:i=1
}

entity{
  _template:t="respawnChooser+respVehicle"
  transform:m=[[0.0384486, 0.0, -0.999261] [0.0, 1.0, 0.0] [0.999261, 0.0, 0.0384486] [-309.392, 3.48657, 811.184]]
  active:b=no
  groupName:t="sector_4_b"
  team:i=1
  respTime:i=150
  maxVehicleOnSpawn:i=2
}

entity{
  _template:t="respawnChooser+respTeam1"
  transform:m=[[0.202532, 0.0, -0.979276] [0.0, 1.0, 0.0] [0.979276, 0.0, 0.202532] [-427.288, 3.68558, 834.515]]
  active:b=no
  groupName:t="sector_3"
}

entity{
  _template:t="respawnChooser+respTeam1"
  transform:m=[[0.00123086, 0.0, -0.999999] [0.0, 1.0, 0.0] [0.999999, 0.0, 0.00123086] [-434.761, 3.72799, 831.88]]
  active:b=no
  groupName:t="sector_3"
}

entity{
  _template:t="respawnChooser+respTeam1"
  transform:m=[[0.174581, 0.0, -0.984643] [0.0, 1.0, 0.0] [0.984643, 0.0, 0.174581] [-430.694, 3.82091, 833.698]]
  active:b=no
  groupName:t="sector_3"
  respawnBaseGroup:i=1
}

entity{
  _template:t="respawnChooser+respTeam1"
  transform:m=[[-0.192916, 0.0, -0.981216] [0.0, 1.0, 0.0] [0.981216, 0.0, -0.192916] [-367.347, 3.92522, 822.659]]
  groupName:t="sector_3"
  active:b=no
  respawnBaseGroup:i=2
}

entity{
  _template:t="respawnChooser+respTeam1"
  transform:m=[[-0.138817, 0.0, -0.990319] [0.0, 1.0, 0.0] [0.990319, 0.0, -0.138817] [-358.538, 3.78401, 813.376]]
  groupName:t="sector_3"
  active:b=no
  respawnBaseGroup:i=2
}

entity{
  _template:t="respawnChooser+respVehicle"
  transform:m=[[-0.239708, 0.0, -0.970845] [0.0, 1.0, 0.0] [0.970845, 0.0, -0.239708] [-324.964, 3.73131, 894.726]]
  groupName:t="sector_3"
  team:i=1
  respTime:i=150
  maxVehicleOnSpawn:i=2
  active:b=no
  respawnBaseGroup:i=1
}

entity{
  _template:t="respawnChooser+respTeam2"
  transform:m=[[0.272844, 0.0, 0.962058] [0.0, 1.0, 0.0] [-0.962058, 0.0, 0.272844] [-438.042, -0.895873, 572.628]]
  active:b=no
  groupName:t="sector_3"
}

entity{
  _template:t="respawnChooser+respTeam2"
  transform:m=[[0.785619, 0.0, 0.618711] [0.0, 1.0, 0.0] [-0.618711, 0.0, 0.785619] [-435.388, -1.13401, 572.193]]
  groupName:t="sector_3"
  active:b=no
}

entity{
  _template:t="respawnChooser+respTeam2"
  transform:m=[[0.670509, 0.0, 0.741902] [0.0, 1.0, 0.0] [-0.741902, 0.0, 0.670509] [-535.038, 6.1228, 654.734]]
  groupName:t="sector_3"
  active:b=no
  team:i=2
  respawnBaseGroup:i=2
}

entity{
  _template:t="respawnChooser+respTeam2"
  transform:m=[[0.0303855, 0.0, 0.999538] [0.0, 1.0, 0.0] [-0.999538, 0.0, 0.0303855] [-530.734, 5.81894, 660.282]]
  groupName:t="sector_3"
  active:b=no
  respawnBaseGroup:i=2
}

entity{
  _template:t="respawnChooser+respVehicle"
  transform:m=[[0.813599, 0.0, 0.581426] [0.0, 1.0, 0.0] [-0.581426, 0.0, 0.813599] [-553.122, 3.88339, 513.632]]
  groupName:t="sector_3"
  team:i=2
  respTime:i=150
  maxVehicleOnSpawn:i=2
  active:b=no
  respawnBaseGroup:i=1
}

entity{
  _template:t="respawnChooser+respTeam1"
  transform:m=[[-0.126619, 0.0, -0.991951] [0.0, 1.0, 0.0] [0.991951, 0.0, -0.126619] [-369.561, 3.68446, 942.603]]
  active:b=no
  groupName:t="sector_2_a"
}

entity{
  _template:t="respawnChooser+respTeam1"
  transform:m=[[-0.0882622, 0.0, -0.996097] [0.0, 1.0, 0.0] [0.996097, 0.0, -0.0882622] [-365.7, 3.56715, 944.206]]
  active:b=no
  groupName:t="sector_2_a"
  respawnBaseGroup:i=1
}

entity{
  _template:t="respawnChooser+respTeam1"
  transform:m=[[0.627186, 0.0, -0.778869] [0.0, 1.0, 0.0] [0.778869, 0.0, 0.627186] [-440.636, 4.03009, 918.64]]
  groupName:t="sector_2_a"
  active:b=no
  respawnBaseGroup:i=2
}

entity{
  _template:t="respawnChooser+respTeam1"
  transform:m=[[0.143045, 0.0, -0.989716] [0.0, 1.0, 0.0] [0.989716, 0.0, 0.143045] [-431.49, 4.47032, 921.476]]
  active:b=no
  groupName:t="sector_2_a"
  respawnBaseGroup:i=2
}

entity{
  _template:t="respawnChooser+respVehicle"
  transform:m=[[0.491508, 0.0, -0.870874] [0.0, 1.0, 0.0] [0.870874, 0.0, 0.491508] [-353.44, 3.72163, 993.13]]
  groupName:t="sector_2_a"
  team:i=1
  respTime:i=150
  maxVehicleOnSpawn:i=2
  active:b=no
  respawnBaseGroup:i=1
}

entity{
  _template:t="respawnChooser+respTeam2"
  transform:m=[[0.980691, 0.0, 0.195567] [0.0, 1.0, 0.0] [-0.195567, 0.0, 0.980691] [-477.151, 3.61193, 653.677]]
  active:b=no
  groupName:t="sector_2_a"
  respawnBaseGroup:i=1
}

entity{
  _template:t="respawnChooser+respTeam2"
  transform:m=[[0.716982, 0.0, 0.697093] [0.0, 1.0, 0.0] [-0.697093, 0.0, 0.716982] [-464.6, 3.61193, 666.341]]
  active:b=no
  groupName:t="sector_2_a"
}

entity{
  _template:t="respawnChooser+respVehicle"
  transform:m=[[0.942261, 0.0, 0.334877] [0.0, 1.0, 0.0] [-0.334877, 0.0, 0.942261] [-505.006, 4.48433, 625.063]]
  groupName:t="sector_2_a"
  team:i=2
  respTime:i=150
  maxVehicleOnSpawn:i=2
  active:b=no
  respawnBaseGroup:i=1
}

entity{
  _template:t="respawnChooser+respTeam2"
  transform:m=[[0.379679, 0.0, 0.925118] [0.0, 1.0, 0.0] [-0.925118, 0.0, 0.379679] [-493.435, 3.83164, 669.144]]
  groupName:t="sector_2_b"
  active:b=no
}

entity{
  _template:t="respawnChooser+respTeam2"
  transform:m=[[0.498173, 0.0, 0.867078] [0.0, 1.0, 0.0] [-0.867078, 0.0, 0.498173] [-501.5, 3.44317, 669.926]]
  active:b=no
  groupName:t="sector_2_b"
}

entity{
  _template:t="respawnChooser+respTeam2"
  transform:m=[[0.931473, 0.0, 0.363809] [0.0, 1.0, 0.0] [-0.363809, 0.0, 0.931473] [-477.658, 3.47854, 653.278]]
  active:b=no
  groupName:t="sector_2_b"
}

entity{
  _template:t="respawnChooser+respVehicle"
  transform:m=[[0.965915, 0.0, -0.258859] [0.0, 1.0, 0.0] [0.258859, 0.0, 0.965915] [-522.335, 5.622, 632.424]]
  active:b=no
  groupName:t="sector_2_b"
  team:i=2
  respTime:i=150
  maxVehicleOnSpawn:i=2
}

entity{
  _template:t="respawnChooser+respTeam1"
  transform:m=[[-0.797548, 0.0, -0.603258] [0.0, 1.0, 0.0] [0.603258, 0.0, -0.797548] [-364.035, 3.8701, 879.32]]
  active:b=no
  groupName:t="sector_2_b"
  respawnBaseGroup:i=2
}

entity{
