import{
  scene:t="content/enlisted/gamedata/scenes/_berlin_city_battle_sounds.blk"
}

entity{
  _template:t="static_cam"
  camera__active:b=yes
  transform:m=[[0.970711, -2.32831e-10, -0.240253] [-0.00264548, 0.999939, -0.0106887] [0.240238, 0.0110112, 0.970651] [-406.022, 9.46467, 812.902]]
}

entity{
  _template:t="gun_game_mode_logic"

  "gun_game__levels:array"{

    "gun_game__levels:object"{
      weaponSlot:t="primary"
      levelKills:i=1

      "weapons:list<t>"{
        item:t="vg_2_gun"
      }
    }

    "gun_game__levels:object"{
      weaponSlot:t="secondary"
      levelKills:i=1

      "weapons:list<t>"{
        item:t="toz_b_gun"
      }
    }

    "gun_game__levels:object"{
      weaponSlot:t="primary"
      levelKills:i=1

      "weapons:list<t>"{
        item:t="svt_40_gun"
      }
    }

    "gun_game__levels:object"{
      weaponSlot:t="secondary"
      levelKills:i=2

      "weapons:list<t>"{
        item:t="mp_40_1_gun"
      }
    }

    "gun_game__levels:object"{
      weaponSlot:t="primary"
      levelKills:i=2

      "weapons:list<t>"{
        item:t="dp_27_gun"
      }
    }

    "gun_game__levels:object"{
      weaponSlot:t="secondary"
      levelKills:i=2

      "weapons:list<t>"{
        item:t="sniper_gewehr_43_gun"
      }

      "additionalWeapInfo:array"{

        "additionalWeapInfo:object"{

          "gunMods:object"{
            scope:t="scope_zf4"
          }
        }
      }
    }

    "gun_game__levels:object"{
      weaponSlot:t="primary"
      levelKills:i=2

      "weapons:list<t>"{
        item:t="ppd_bramit_gun"
      }
    }

    "gun_game__levels:object"{
      weaponSlot:t="secondary"
      levelKills:i=2

      "weapons:list<t>"{
        item:t="fg_42_model_2_gun"
      }
    }

    "gun_game__levels:object"{
      weaponSlot:t="primary"
      levelKills:i=2

      "weapons:list<t>"{
        item:t="fedorov_avtomat_gun"
      }
    }

    "gun_game__levels:object"{
      weaponSlot:t="secondary"
      levelKills:i=2

      "weapons:list<t>"{
        item:t="mg_42_handheld_gun"
      }
    }

    "gun_game__levels:object"{
      weaponSlot:t="primary"
      levelKills:i=3

      "weapons:list<t>"{
        item:t="neiman_minethrower_gun"
      }
    }

    "gun_game__levels:object"{
      weaponSlot:t="secondary"
      levelKills:i=3

      "weapons:list<t>"{
        item:t="kar98k_with_scope_mount_gun"
      }

      "additionalWeapInfo:array"{

        "additionalWeapInfo:object"{

          "gunMods:object"{
            scope:t="scope_zf39"
          }
        }
      }
    }

    "gun_game__levels:object"{
      weaponSlot:t="primary"
      levelKills:i=3

      "weapons:list<t>"{
        item:t="flammenwerfer_41_gun"
      }
    }

    "gun_game__levels:object"{
      weaponSlot:t="secondary"
      levelKills:i=3

      "weapons:list<t>"{
        item:t="p08_luger_artillery_gun"
      }
    }

    "gun_game__levels:object"{
      weaponSlot:t="primary"
      levelKills:i=3

      "weapons:list<t>"{
        item:t="mosin_m91_bramit_gun"
      }
    }

    "gun_game__levels:object"{
      weaponSlot:t="tertiary"
      levelKills:i=3

      "weapons:list<t>"{
        item:t="mauser_c96_gun"
      }
    }

    "gun_game__levels:object"{
      weaponSlot:t="secondary"
      levelKills:i=3

      "weapons:list<t>"{
        item:t="ptrs_41_gun"
      }
    }

    "gun_game__levels:object"{
      weaponSlot:t="melee"
      levelKills:i=3

      "weapons:list<t>"{
        item:t="russian_cavalry_sword_1927_weapon"
      }
    }

    "gun_game__levels:object"{
      weaponSlot:t="tertiary"
      levelKills:i=3

      "weapons:list<t>"{
        item:t="nagant_m1895_bramit_gun"
      }
    }

    "gun_game__levels:object"{
      weaponSlot:t="melee"
      levelKills:i=1

      "weapons:list<t>"{
        item:t="knife_weapon"
      }
    }
  }
}

entity{
  _template:t="gun_game_mode_sounds"
}

entity{
  _template:t="custom_profile"
  customProfile:t="%enlSqGlob/data/gun_game_profile.json"
}

entity{
  _template:t="box_battle_area"
  transform:m=[[-4.01193, 0.0, 75.8616] [0.0, 81.0389, 0.0] [-129.128, 0.0, -6.82891] [-400.378, 6.67366, 885.347]]
}

entity{
  _template:t="level"
  level__blk:t="content/enlisted/levels/battle_of_berlin_opera.blk"
  level__minimapDefaultVisibleRadius:i=100

  "level__weatherChoice:object"{
    weather_cloudy_a:r=1.0
  }

  "level__timeVec:array"{
    level__timeVec:r=8.5
  }
}

entity{
  _template:t="clouds_hole_target"
  transform:m=[[-0.179872, 0.0, -0.98369] [0.0, 1.0, 0.0] [0.98369, 0.0, -0.179872] [-346.605, 4.96123, 775.973]]
}

entity{
  _template:t="shaderVars"

  "shader_vars__vars:object"{
    hmap_displacement_up:r=0.3
    ocean1:c=142, 137, 71, 0
    ocean0:c=76, 63, 5, 0
    ocean_density:r=0.1
    puddle_hardness:r=12.0
    puddle_flat_noise_normal_effect:r=0.015
    puddle_flat_normal_hardness:r=25.0
    layered_fog_density:r=0.005
    land_selfillum_worldscale:r=1.0
    river1:c=64, 64, 29, 0
    river0:c=49, 47, 41, 0
    hmap_displacement_down:r=-0.15
    puddle_flat_hmap_reduce:r=-0.2
    leaves_ss_profile:p4=1.0, 1.0, 1.0, 0.0
    autodetect_land_selfillum_color:p4=0.176, 0.051, 0.0, 0.094
    paint_details_tex:t="berlin_wall_color_tex_palette*"
    layered_fog_height:r=20.0
    puddle_increase:r=0.0
    land_selfillum_strength:r=50.0
    water_color_noise_size:r=71.0
    puddle_flat_noise_height_reduce:r=0.09
    water_depth_hardness:r=0.41
    river_density:r=0.5
  }
}

entity{
  _template:t="postfx_roundctrl"

  "post_fx:object"{
  }
}

entity{
  _template:t="postfx_color_grading_tonemap_death_alive_enlisted"
}

entity{
  _template:t="water"
  water__strength:r=0.3
  water__level:r=-2.0
}

entity{
  _template:t="wind"
  wind__strength:r=1.3
  wind__dir:r=190.0
}

entity{
  _template:t="minimap_berlin_opera"
}

entity{
  _template:t="door_mult_ent_generator"
  ri_extra_gen__blk:t="content/e_berlin/gamedata/berlin_doors.blk"
}

entity{
  _template:t="session_finalizer"
  session_finalizer__timer:r=10.0
}

entity{
  _template:t="ri_gpu_object"
  ri_gpu_object__name:t="decal_broken_glass_a"
  ri_gpu_object__biom_indexes:p4=33.0, -1.0, -1.0, -1.0
  ri_gpu_object__grid_size:i=8
  ri_gpu_object__grid_tiling:i=1
  ri_gpu_object__cell_size:r=8.0
  ri_gpu_object__incline_delta:r=0.0
  ri_gpu_object__scale_range:p2=1.0, 1.75
  ri_gpu_object__rotate_range:p2=180.0, 360.0
  ri_gpu_object__seed:i=3
  ri_gpu_object__is_using_normal:b=no
  ri_gpu_object__up_vector:p3=0.0, 1.0, 0.0
  ri_gpu_object__decal:b=yes
  ri_gpu_object__transparent:b=yes
}

entity{
  _template:t="ri_gpu_object"
  ri_gpu_object__name:t="decal_broken_glass_a"
  ri_gpu_object__biom_indexes:p4=51.0, -1.0, -1.0, -1.0
  ri_gpu_object__grid_size:i=8
  ri_gpu_object__grid_tiling:i=1
  ri_gpu_object__cell_size:r=16.0
  ri_gpu_object__incline_delta:r=0.0
  ri_gpu_object__scale_range:p2=1.0, 1.25
  ri_gpu_object__rotate_range:p2=180.0, 360.0
  ri_gpu_object__seed:i=3
  ri_gpu_object__is_using_normal:b=no
  ri_gpu_object__up_vector:p3=0.0, 1.0, 0.0
  ri_gpu_object__decal:b=yes
  ri_gpu_object__transparent:b=yes

  "ri_gpu_object__multiple_objects:array"{

    "ri_gpu_object__multiple_objects:object"{
      name:t="decal_broken_glass_a"
      weight:r=0.3
    }

    "ri_gpu_object__multiple_objects:object"{
      name:t="decal_paper_trash_b"
      weight:r=1.0
    }
  }
}

entity{
  _template:t="ri_gpu_object"
  ri_gpu_object__name:t="debris_bricks_a"
  ri_gpu_object__biom_indexes:p4=33.0, 51.0, 50.0, -1.0
  ri_gpu_object__grid_size:i=8
  ri_gpu_object__grid_tiling:i=5
  ri_gpu_object__cell_size:r=16.0
  ri_gpu_object__incline_delta:r=10.0
  ri_gpu_object__scale_range:p2=0.9, 1.05
  ri_gpu_object__rotate_range:p2=0.0, 960.0
  ri_gpu_object__seed:i=812
  ri_gpu_object__is_using_normal:b=yes

  "ri_gpu_object__multiple_objects:array"{

    "ri_gpu_object__multiple_objects:object"{
      name:t="debris_bricks_a"
      weight:r=1.0
    }

    "ri_gpu_object__multiple_objects:object"{
      name:t="debris_bricks_b"
      weight:r=1.0
    }

    "ri_gpu_object__multiple_objects:object"{
      name:t="debris_bricks_c"
      weight:r=0.5
    }

    "ri_gpu_object__multiple_objects:object"{
      name:t="debris_bricks_d"
      weight:r=1.0
    }

    "ri_gpu_object__multiple_objects:object"{
      name:t="debris_trash_concrete_small_part_c3"
      weight:r=1.0
    }

    "ri_gpu_object__multiple_objects:object"{
      name:t="debris_trash_concrete_small_part_c2"
      weight:r=1.0
    }

    "ri_gpu_object__multiple_objects:object"{
      name:t="debris_trash_concrete_small_part_b3"
      weight:r=0.5
    }

    "ri_gpu_object__multiple_objects:object"{
      name:t="debris_trash_concrete_small_part_b1"
      weight:r=0.5
    }
  }
}

entity{
  _template:t="ri_gpu_object"
  ri_gpu_object__name:t="debris_bricks_a"
  ri_gpu_object__biom_indexes:p4=33.0, 50.0, -1.0, -1.0
  ri_gpu_object__grid_size:i=8
  ri_gpu_object__grid_tiling:i=5
  ri_gpu_object__cell_size:r=16.0
  ri_gpu_object__incline_delta:r=0.0
  ri_gpu_object__scale_range:p2=0.9, 1.05
  ri_gpu_object__rotate_range:p2=0.0, 960.0
  ri_gpu_object__seed:i=112
  ri_gpu_object__is_using_normal:b=yes

  "ri_gpu_object__multiple_objects:array"{

    "ri_gpu_object__multiple_objects:object"{
      name:t="debris_wooden_plank_a"
      weight:r=1.0
    }

    "ri_gpu_object__multiple_objects:object"{
      name:t="debris_wooden_plank_c"
      weight:r=0.5
    }

    "ri_gpu_object__multiple_objects:object"{
      name:t="wooden_beam_g"
      weight:r=1.0
    }

    "ri_gpu_object__multiple_objects:object"{
      name:t="wooden_beam_k"
      weight:r=0.5
    }

    "ri_gpu_object__multiple_objects:object"{
      name:t="wooden_beam_l"
      weight:r=0.5
    }

    "ri_gpu_object__multiple_objects:object"{
      name:t="debris_trash_pile_small_a"
      weight:r=1.0
    }

    "ri_gpu_object__multiple_objects:object"{
      name:t="debris_trash_pile_small_g"
      weight:r=0.5
    }

    "ri_gpu_object__multiple_objects:object"{
      name:t="debris_trash_pile_small_j"
      weight:r=0.5
    }

    "ri_gpu_object__multiple_objects:object"{
      name:t="debris_trash_pile_small_f"
      weight:r=0.5
    }
  }
}

entity{
  _template:t="ri_gpu_object"
  ri_gpu_object__name:t="tree_burnt_branches_small_a"
  ri_gpu_object__biom_indexes:p4=56.0, 12.0, -1.0, -1.0
  ri_gpu_object__grid_size:i=8
  ri_gpu_object__grid_tiling:i=1
  ri_gpu_object__cell_size:r=16.0
  ri_gpu_object__incline_delta:r=0.0
  ri_gpu_object__scale_range:p2=0.9, 1.5
  ri_gpu_object__rotate_range:p2=0.0, 960.0
  ri_gpu_object__seed:i=112
  ri_gpu_object__is_using_normal:b=yes

  "ri_gpu_object__multiple_objects:array"{

    "ri_gpu_object__multiple_objects:object"{
      name:t="tree_burnt_branches_small_a"
      weight:r=0.5
    }

    "ri_gpu_object__multiple_objects:object"{
      name:t="tree_burnt_branches_small_b"
      weight:r=1.0
    }

    "ri_gpu_object__multiple_objects:object"{
      name:t="tree_burnt_branches_small_c"
      weight:r=1.0
    }

    "ri_gpu_object__multiple_objects:object"{
      name:t="tree_burnt_branches_small_d"
      weight:r=1.0
    }
  }
}

entity{
  _template:t="ground_effect"
  ground_effect__fx_name:t="chimney_exhaust"
  ground_effect__biome_group_name:t="burnt_field"
  ground_effect__rot_z:p2=75.0, 10.0
  ground_effect__offset_x:p2=0.0, 5.0
  ground_effect__offset_y:p2=-0.2, 0.2
  ground_effect__offset_z:p2=0.0, 5.0
  ground_effect__grid_cell_size:r=8.0
  ground_effect__grid_world_origin:p2=0.0, 0.0
  ground_effect__vis_radius:r=50.0
  ground_effect__biome_weight_for_active_thr:r=0.25
  ground_effect__fx_radius:r=-1.0
}

entity{
  _template:t="ground_effect"
  ground_effect__fx_name:t="ground_sparkles_10m"
  ground_effect__biome_group_name:t="burnt_field"
  ground_effect__rot_z:p2=75.0, 10.0
  ground_effect__offset_x:p2=0.0, 5.0
  ground_effect__offset_y:p2=-0.2, 0.2
  ground_effect__offset_z:p2=0.0, 5.0
  ground_effect__grid_cell_size:r=16.0
  ground_effect__grid_world_origin:p2=0.0, 0.0
  ground_effect__vis_radius:r=25.0
  ground_effect__biome_weight_for_active_thr:r=0.25
  ground_effect__fx_radius:r=-1.0
}

entity{
  _template:t="ground_effect"
  ground_effect__fx_name:t="ground_ashes_10m"
  ground_effect__biome_group_name:t="burnt_field"
  ground_effect__rot_z:p2=75.0, 10.0
  ground_effect__offset_x:p2=0.0, 5.0
  ground_effect__offset_y:p2=-0.2, 0.2
  ground_effect__offset_z:p2=0.0, 5.0
  ground_effect__grid_cell_size:r=16.0
  ground_effect__grid_world_origin:p2=0.0, 0.0
  ground_effect__vis_radius:r=25.0
  ground_effect__biome_weight_for_active_thr:r=0.25
  ground_effect__fx_radius:r=-1.0
}

entity{
  _template:t="ground_effect"
  ground_effect__fx_name:t="ground_papers_10m"
  ground_effect__biome_group_name:t="asphalt"
  ground_effect__grid_cell_size:r=16.0
  ground_effect__grid_world_origin:p2=0.0, 0.0
  ground_effect__vis_radius:r=50.0
  ground_effect__biome_weight_for_active_thr:r=0.25
  ground_effect__fx_radius:r=-1.0
}

entity{
  _template:t="ground_effect"
  ground_effect__fx_name:t="land_haze"
  ground_effect__biome_group_name:t="burnt_field"
  ground_effect__grid_cell_size:r=16.0
  ground_effect__grid_world_origin:p2=0.0, 0.0
  ground_effect__vis_radius:r=35.0
  ground_effect__biome_weight_for_active_thr:r=0.25
  ground_effect__fx_radius:r=-1.0
}

entity{
  _template:t="effect_area_box"
  effect_area__frequency:r=0.5
  effect_area__pauseChance:r=0.4
  effect_area__pauseLengthMax:r=2.0
  effect_area__effectName:t="background_flash_8s_fx"
  effect_area__isPaused:b=no
  transform:m=[[1.0, 0.0, 0.0] [0.0, 1.0, 0.0] [0.0, 0.0, 1.0] [-941.109, 3.255, -280.225]]
}

entity{
  _template:t="bonfire_effect_background_flash_8s_fx"
  transform:m=[[1.0, 0.0, 0.0] [0.0, 1.0, 0.0] [0.0, 0.0, 1.0] [907.905, 4.67061, -823.634]]
}

entity{
  _template:t="bonfire_effect_background_flash_11s_fx"
  transform:m=[[1.0, 0.0, 0.0] [0.0, 1.0, 0.0] [0.0, 0.0, 1.0] [539.044, 4.67061, -1057.43]]
}

entity{
  _template:t="bonfire_effect_background_flash_11s_fx"
  transform:m=[[1.0, 0.0, 0.0] [0.0, 1.0, 0.0] [0.0, 0.0, 1.0] [71.9746, 4.67061, -998.369]]
}

entity{
  _template:t="bonfire_effect_background_flash_8s_fx"
  transform:m=[[1.0, 0.0, 0.0] [0.0, 1.0, 0.0] [0.0, 0.0, 1.0] [-315.671, 4.67061, -832.595]]
}

entity{
  _template:t="bonfire_effect_background_flash_11s_fx"
  transform:m=[[1.0, 0.0, 0.0] [0.0, 1.0, 0.0] [0.0, 0.0, 1.0] [930.453, 4.67061, -62.9545]]
}

entity{
  _template:t="bonfire_effect_background_flash_8s_fx"
  transform:m=[[1.0, 0.0, 0.0] [0.0, 1.0, 0.0] [0.0, 0.0, 1.0] [444.537, 4.67061, 418.554]]
}

entity{
  _template:t="bonfire_effect_background_flash_11s_fx"
  transform:m=[[1.0, 0.0, 0.0] [0.0, 1.0, 0.0] [0.0, 0.0, 1.0] [1026.4, 4.67061, 62.4067]]
}

entity{
  _template:t="bonfire_effect_background_flash_8s_fx"
  transform:m=[[1.0, 0.0, 0.0] [0.0, 1.0, 0.0] [0.0, 0.0, 1.0] [245.047, 4.67061, 565.389]]
}

entity{
  _template:t="projectors_manager"
  projectors_manager__atmosphereDensity:r=1.0
  projectors_manager__atmosphereMoveDir:p3=1.0, 0.0, 0.0
  projectors_manager__atmosphereMoveSpeed:r=0.0
  projectors_manager__noiseScale:r=30.0
  projectors_manager__noiseStrength:r=1.0
}

entity{
  _template:t="projector"
  projector__color:p3=0.12, 0.12, 0.12
  projector__angle:r=2.5
  projector__sourceWidth:r=1.0
  projector__xAngleAmplitude:r=17.0
  projector__period:r=16.0
  transform:m=[[0.993579, -0.112724, 0.00966127] [0.113137, 0.98995, -0.0848528] [7.4284e-07, 0.085401, 0.996347] [608.5, 10.0, -1069.0]]
}

entity{
  _template:t="projector"
  projector__color:p3=0.12, 0.12, 0.12
  projector__angle:r=2.0
  projector__sourceWidth:r=1.0
  projector__zAngleAmplitude:r=27.0
  projector__period:r=24.0
  transform:m=[[0.947085, -0.319961, 0.0255969] [-0.320983, -0.944069, 0.0755255] [2.5088e-08, -0.0797452, -0.996815] [449.2, 10.0, 489.2]]
}

entity{
  _template:t="projector"
  projector__color:p3=0.12, 0.12, 0.12
  projector__angle:r=3.0
  projector__sourceWidth:r=1.0
  projector__zAngleAmplitude:r=24.0
  projector__period:r=14.0
  transform:m=[[0.986453, 0.163682, -0.0109121] [-0.164045, 0.984268, -0.0656179] [-3.76747e-08, 0.066519, 0.997785] [915.7, 10.0, -93.4]]
}

entity{
  _template:t="projector"
  projector__color:p3=0.12, 0.12, 0.12
  projector__angle:r=5.0
  projector__sourceWidth:r=1.0
  projector__zAngleAmplitude:r=18.0
  projector__period:r=20.0
  transform:m=[[0.990443, 0.13658, 0.0192066] [0.137924, -0.980793, -0.137924] [3.83442e-08, 0.139255, -0.990257] [452.5, 10.0, -868.0]]
}

entity{
  _template:t="projector"
  projector__color:p3=0.12, 0.12, 0.12
  projector__angle:r=6.0
  projector__sourceWidth:r=1.0
  projector__zAngleAmplitude:r=27.0
  projector__period:r=22.0
  transform:m=[[0.987471, 0.157601, 0.00788033] [-0.157798, 0.986239, 0.049312] [-2.58551e-07, -0.0499377, 0.998752] [696.0, 10.0, -992.0]]
}

entity{
  _template:t="projector"
  projector__color:p3=0.12, 0.12, 0.12
  projector__angle:r=7.0
  projector__sourceWidth:r=1.0
  projector__zAngleAmplitude:r=22.0
  projector__period:r=24.0
  transform:m=[[0.979645, -0.19962, -0.0211718] [-0.20074, -0.974181, -0.103322] [-2.91538e-08, 0.105469, -0.994423] [1536.9, 10.0, -900.9]]
}

entity{
  _template:t="projector"
  projector__color:p3=0.12, 0.12, 0.12
  projector__angle:r=6.0
  projector__sourceWidth:r=1.0
  projector__zAngleAmplitude:r=17.0
  projector__period:r=18.0
  transform:m=[[0.989228, -0.145985, -0.0108311] [0.146386, 0.986516, 0.0731931] [-4.23149e-08, -0.0739902, 0.997259] [1266.4, 10.0, -405.7]]
}

entity{
  _template:t="projector"
  projector__color:p3=0.12, 0.12, 0.12
  projector__angle:r=3.0
  projector__sourceWidth:r=1.0
  projector__zAngleAmplitude:r=26.0
  projector__period:r=14.0
  transform:m=[[0.989783, -0.141161, -0.0201034] [-0.142585, -0.979895, -0.139552] [7.71265e-08, 0.140993, -0.990011] [466.7, 10.0, -1565.0]]
}

entity{
  _template:t="projector"
  projector__color:p3=0.12, 0.12, 0.12
  projector__angle:r=5.0
  projector__sourceWidth:r=1.0
  projector__zAngleAmplitude:r=27.0
  projector__period:r=28.0
  transform:m=[[0.990793, -0.135226, 0.00660689] [0.135387, 0.989612, -0.0483524] [2.34153e-07, 0.0488017, 0.998809] [-115.1, 10.0, -1233.9]]
}

entity{
  _template:t="projector"
  projector__color:p3=0.12, 0.12, 0.12
  projector__angle:r=4.0
  projector__sourceWidth:r=1.0
  projector__zAngleAmplitude:r=16.0
  projector__period:r=24.0
  transform:m=[[0.983735, -0.178902, 0.0161012] [-0.179625, -0.979775, 0.0881798] [1.14989e-08, -0.0896377, -0.995974] [1035.2, 10.0, -349.8]]
}

entity{
  _template:t="projector"
  projector__color:p3=0.12, 0.12, 0.12
  projector__angle:r=2.0
  projector__sourceWidth:r=1.0
  projector__zAngleAmplitude:r=27.0
  projector__period:r=18.0
  transform:m=[[0.983821, 0.177945, -0.0207603] [-0.179152, 0.977194, -0.114006] [4.28705e-08, 0.115881, 0.993263] [724.3, 10.0, 1047.0]]
}

entity{
  _template:t="projector"
  projector__color:p3=0.12, 0.12, 0.12
  projector__angle:r=5.0
  projector__sourceWidth:r=1.0
  projector__zAngleAmplitude:r=18.0
  projector__period:r=14.0
  transform:m=[[0.990771, -0.134661, 0.0154529] [0.135545, 0.984311, -0.112954] [3.96059e-08, 0.114006, 0.99348] [10.4, 10.0, 741.8]]
}

entity{
  _template:t="projector"
  projector__color:p3=0.12, 0.12, 0.12
  projector__angle:r=4.0
  projector__sourceWidth:r=1.0
  projector__zAngleAmplitude:r=25.0
  projector__period:r=24.0
  transform:m=[[0.990532, -0.135297, 0.0232541] [-0.137281, -0.976218, 0.167787] [-7.00381e-09, -0.169391, -0.985549] [303.2, 10.0, 885.3]]
}

entity{
  _template:t="projector"
  projector__color:p3=0.12, 0.12, 0.12
  projector__angle:r=6.0
  projector__sourceWidth:r=1.0
  projector__zAngleAmplitude:r=27.0
  projector__period:r=20.0
  transform:m=[[0.991501, 0.129907, -0.00707876] [-0.1301, 0.990032, -0.0539441] [4.63056e-07, 0.0544066, 0.998519] [539.8, 10.0, 555.1]]
}

entity{
  _template:t="projector"
  projector__color:p3=0.12, 0.12, 0.12
  projector__angle:r=7.0
  projector__sourceWidth:r=1.0
  projector__zAngleAmplitude:r=22.0
  projector__period:r=16.0
  transform:m=[[0.978409, 0.205454, 0.0224715] [0.206679, -0.972608, -0.106379] [-3.17192e-08, 0.108727, -0.994072] [717.9, 10.0, 163.3]]
}

entity{
  _template:t="tracer_launcher"
  transform:m=[[1.0, 0.0, 0.0] [0.0, 1.0, 0.0] [0.0, 0.0, 1.0] [423.804, 2.97412, -977.571]]
  tracer_launcher__shoot_direction:p2=120.0, 50.0
  tracer_launcher__bullet_speed:r=500.0
  tracer_launcher__time_to_fire:r=1.1282
  tracer_launcher__long_cooldown_min_max:p2=0.5, 2.0
  tracer_launcher__long_cooldown_probability:r=0.2
  tracer_launcher__short_cooldown:r=0.1
}

entity{
  _template:t="tracer_launcher"
  transform:m=[[1.0, 0.0, 0.0] [0.0, 1.0, 0.0] [0.0, 0.0, 1.0] [424.635, 2.97412, 634.056]]
  tracer_launcher__bullet_speed:r=500.0
  tracer_launcher__time_to_fire:r=1.1282
  tracer_launcher__long_cooldown_min_max:p2=0.5, 2.0
  tracer_launcher__long_cooldown_probability:r=0.2
  tracer_launcher__short_cooldown:r=0.1
}

entity{
  _template:t="tracer_launcher"
  transform:m=[[1.0, 0.0, 0.0] [0.0, 1.0, 0.0] [0.0, 0.0, 1.0] [298.508, 2.97412, 881.639]]
  tracer_launcher__shoot_direction:p2=45.0, 0.0
  tracer_launcher__rotate_range:p2=30.0, 60.0
  tracer_launcher__bullet_speed:r=500.0
  tracer_launcher__time_to_fire:r=1.1282
  tracer_launcher__long_cooldown_min_max:p2=0.5, 2.0
  tracer_launcher__long_cooldown_probability:r=0.2
  tracer_launcher__short_cooldown:r=0.1
}

entity{
  _template:t="tracer_launcher"
  transform:m=[[1.0, 0.0, 0.0] [0.0, 1.0, 0.0] [0.0, 0.0, 1.0] [103.453, 2.97412, 1101.59]]
  tracer_launcher__shoot_direction:p2=180.0, 5.0
  tracer_launcher__rotate_range:p2=50.0, 120.0
  tracer_launcher__bullet_speed:r=500.0
  tracer_launcher__time_to_fire:r=1.1282
  tracer_launcher__long_cooldown_min_max:p2=0.5, 2.0
  tracer_launcher__long_cooldown_probability:r=0.2
  tracer_launcher__short_cooldown:r=0.1
}

entity{
  _template:t="tracer_launcher"
  transform:m=[[1.0, 0.0, 0.0] [0.0, 1.0, 0.0] [0.0, 0.0, 1.0] [1564.22, 2.97412, -112.722]]
  tracer_launcher__bullet_speed:r=500.0
  tracer_launcher__time_to_fire:r=1.1282
  tracer_launcher__long_cooldown_min_max:p2=0.5, 2.0
  tracer_launcher__long_cooldown_probability:r=0.2
  tracer_launcher__short_cooldown:r=0.1
}

entity{
  _template:t="tracer_launcher"
  transform:m=[[1.0, 0.0, 0.0] [0.0, 1.0, 0.0] [0.0, 0.0, 1.0] [1697.8, 2.97412, -317.409]]
  tracer_launcher__bullet_speed:r=500.0
  tracer_launcher__time_to_fire:r=1.1282
  tracer_launcher__long_cooldown_min_max:p2=0.5, 2.0
  tracer_launcher__long_cooldown_probability:r=0.2
  tracer_launcher__short_cooldown:r=0.1
}

entity{
  _template:t="tracer_launcher"
  transform:m=[[1.0, 0.0, 0.0] [0.0, 1.0, 0.0] [0.0, 0.0, 1.0] [570.875, 2.97412, -1024.4]]
  tracer_launcher__bullet_speed:r=500.0
  tracer_launcher__time_to_fire:r=1.1282
  tracer_launcher__long_cooldown_min_max:p2=0.5, 2.0
  tracer_launcher__long_cooldown_probability:r=0.2
  tracer_launcher__short_cooldown:r=0.1
  tracer_launcher__rotate_range:p2=10.0, 50.0
}

entity{
  _template:t="briefing_gun_game"
  mission_name:t="berlin_station_gun_game"

  "loading_images:list<t>"{
    item:t="ui/berlin_station_01.jpg"
  }
}

entity{
  _template:t="team_ussr_berlin+team_narrator_gun_game+respawn_creators_team"
  team__id:i=1
  team__score:r=2500.0
  team__scoreCap:r=2500.0
  score_bleed__domBleed:r=4.0
  score_bleed__domBleedOn:b=no
  score_bleed__totalDomZoneCount:i=3
  score_bleed__totalDomBleedMul:r=2.0
  score_bleed__totalDomBleedOn:b=no
  team__briefing:t="gun_game/common_goals"
  team__numZonesCaptured:i=0
  team__deathPenalty:r=0.0
  team__spawnBotArmy:t="moscow_allies"
}

entity{
  _template:t="team_germany_berlin+team_narrator_gun_game+respawn_creators_team"
  team__id:i=2
  team__score:r=2500.0
  team__scoreCap:r=2500.0
  score_bleed__domBleed:r=4.0
  score_bleed__domBleedOn:b=no
  score_bleed__totalDomZoneCount:i=3
  score_bleed__totalDomBleedMul:r=2.0
  score_bleed__totalDomBleedOn:b=no
  team__briefing:t="gun_game/common_goals"
  team__numZonesCaptured:i=0
  team__deathPenalty:r=0.0
  team__spawnBotArmy:t="moscow_axis"
}

entity{
  _template:t="gun_game_respawn_base"
  transform:m=[[0.999691, 0.0, -0.0250491] [0.0, 0.999998, 0.0] [0.025049, -0.0, 0.999687] [-446.457, 4.15405, 853.563]]
  team:i=1
}

entity{
  _template:t="gun_game_respawn_base"
  transform:m=[[0.980007, 0.0, 0.198988] [0.0, 0.999997, -0.0] [-0.198987, 0.0, 0.980002] [-447.978, 4.15405, 871.502]]
  team:i=1
}

entity{
  _template:t="gun_game_respawn_base"
  transform:m=[[-0.0442778, 0.0, 0.999025] [0.0, 0.999997, 0.0] [-0.99902, 0.0, -0.0442776] [-434.578, 2.69585, 884.499]]
  team:i=3
  gun_game__respawnFriendlyRadius:r=20.0
}

entity{
  _template:t="gun_game_respawn_base"
  transform:m=[[-0.880065, 0.0, -0.474867] [0.0, 0.999997, 0.0] [0.474864, 0.0, -0.88006] [-352.949, 4.36092, 895.063]]
  team:i=2
}

entity{
  _template:t="gun_game_respawn_base"
  transform:m=[[-0.999884, 0.0, 0.0157028] [0.0, 0.999997, 0.0] [-0.0157027, 0.0, -0.999878] [-352.977, 4.36092, 856.036]]
  team:i=2
  gun_game__respawnFriendlyRadius:r=25.0
}

entity{
  _template:t="gun_game_respawn_base"
  transform:m=[[0.72925, 0.0, -0.684256] [-0.0, 0.999997, 0.0] [0.684252, 0.0, 0.729246] [-384.587, 0.606692, 897.892]]
  team:i=3
  gun_game__respawnFriendlyRadius:r=20.0
}

entity{
  _template:t="gun_game_respawn_base"
  transform:m=[[0.0307749, 0.0, 0.999533] [0.0, 0.999997, -0.0] [-0.999527, 0.0, 0.0307747] [-418.416, 0.804176, 875.319]]
  team:i=3
  gun_game__respawnFriendlyRadius:r=15.0
}

entity{
  _template:t="gun_game_respawn_base"
  transform:m=[[0.0361147, 0.0, -0.999354] [0.0, 0.999997, 0.0] [0.999348, -0.0, 0.0361145] [-370.8, 2.1086, 907.114]]
  team:i=2
  gun_game__respawnFriendlyRadius:r=25.0
}

entity{
  _template:t="gun_game_respawn_base"
  transform:m=[[0.00116264, 0.0, -1.00001] [0.0, 0.999997, 0.0] [1.0, -0.0, 0.00116263] [-403.41, 4.36092, 857.182]]
  team:i=3
}

entity{
  _template:t="sandbags_wall_1"
  transform:m=[[-0.875019, 0.0, -0.48409] [0.0, 1.0, 0.0] [0.48409, 0.0, -0.875018] [-368.906, 3.45319, 919.675]]
}

entity{
  _template:t="gun_game_respawn_base"
  transform:m=[[0.00116264, 0.0, -1.00001] [0.0, 0.999997, 0.0] [1.0, -0.0, 0.00116263] [-399.596, 1.92437, 875.134]]
  team:i=3
  gun_game__respawnFriendlyRadius:r=15.0
}

entity{
  _template:t="gun_game_respawn_base"
  transform:m=[[0.0634424, 0.0, -0.997992] [-0.0, 0.999997, 0.0] [0.997986, 0.0, 0.063442] [-417.073, 0.804178, 888.454]]
  team:i=3
  gun_game__respawnFriendlyRadius:r=20.0
}

entity{
  _template:t="gun_game_respawn_base"
  transform:m=[[-0.0216455, 0.0, 0.999776] [0.0, 0.999997, 0.0] [-0.999766, 0.0, -0.0216453] [-400.028, 1.92437, 887.793]]
  team:i=3
  gun_game__respawnFriendlyRadius:r=15.0
}

entity{
  _template:t="gun_game_respawn_base"
  transform:m=[[0.928477, 0.0, 0.371407] [0.0, 0.999997, -0.0] [-0.371404, 0.0, 0.928471] [-372.039, 3.58261, 887.389]]
  team:i=3
  gun_game__respawnFriendlyRadius:r=20.0
}

entity{
  _template:t="gun_game_respawn_base"
  transform:m=[[0.0259893, 0.0, -0.999668] [-0.0, 0.999997, 0.0] [0.999663, 0.0, 0.0259892] [-435.312, 4.32819, 901.262]]
  team:i=3
  gun_game__respawnFriendlyRadius:r=20.0
}

entity{
  _template:t="gun_game_respawn_base"
  transform:m=[[0.115322, 0.0, -0.993334] [0.0, 0.999997, 0.0] [0.993329, -0.0, 0.115321] [-436.06, 4.32819, 919.0]]
  team:i=1
  gun_game__respawnFriendlyRadius:r=15.0
}

entity{
  _template:t="gun_game_respawn_base"
  transform:m=[[0.519385, 0.0, 0.854547] [0.0, 0.999997, -0.0] [-0.854543, 0.0, 0.519383] [-440.303, 4.32819, 906.085]]
  team:i=3
  gun_game__respawnFriendlyRadius:r=17.0
}

entity{
  _template:t="gun_game_respawn_base"
  transform:m=[[-0.973872, 0.0, 0.227128] [0.0, 0.999997, 0.0] [-0.227126, 0.0, -0.973866] [-366.411, 4.22995, 920.426]]
  team:i=3
  gun_game__respawnFriendlyRadius:r=10.0
}

entity{
  _template:t="sandbags_wall_8"
  transform:m=[[-0.0570775, 0.0, 0.99837] [0.0, 1.0, 0.0] [-0.99837, 0.0, -0.0570775] [-370.862, 3.49189, 925.5]]
}

entity{
  _template:t="sandbags_wall_8"
  transform:m=[[-0.0570775, 0.0, 0.99837] [0.0, 1.0, 0.0] [-0.99837, 0.0, -0.0570775] [-441.321, 3.49189, 921.72]]
}

entity{
  _template:t="sandbags_wall_8"
  transform:m=[[-0.0570775, 0.0, 0.99837] [0.0, 1.0, 0.0] [-0.99837, 0.0, -0.0570775] [-430.119, 3.56878, 922.613]]
}

entity{
  _template:t="sandbags_wall_8"
  transform:m=[[-0.0570775, 0.0, 0.99837] [0.0, 1.0, 0.0] [-0.99837, 0.0, -0.0570775] [-432.282, 3.49188, 851.664]]
}

entity{
  _template:t="sandbags_wall_8"
  transform:m=[[-0.0570775, 0.0, 0.99837] [0.0, 1.0, 0.0] [-0.99837, 0.0, -0.0570775] [-351.514, 3.4919, 851.093]]
}

entity{
  _template:t="sandbags_wall_8"
  transform:m=[[-0.0570775, 0.0, 0.99837] [0.0, 1.0, 0.0] [-0.99837, 0.0, -0.0570775] [-360.196, 3.4919, 850.372]]
}

entity{
  _template:t="sandbags_wall_9"
  transform:m=[[-0.0437648, 0.0, 0.999042] [0.0, 1.0, 0.0] [-0.999042, 0.0, -0.0437648] [-403.97, 3.45319, 921.975]]
}

entity{
  _template:t="sandbags_wall_8"
  transform:m=[[-0.0437648, 0.0, 0.999042] [0.0, 1.0, 0.0] [-0.999042, 0.0, -0.0437648] [-402.017, 3.45319, 922.032]]
}

entity{
  _template:t="sandbags_wall_9"
  transform:m=[[0.0484103, 0.0, -0.998827] [0.0, 1.0, 0.0] [0.998828, -0.0, 0.0484103] [-400.077, 3.45319, 922.145]]
}

entity{
  _template:t="sandbags_wall_9"
  transform:m=[[0.0506135, 0.0, -0.998718] [0.0, 1.0, 0.0] [0.998719, -0.0, 0.0506135] [-410.899, 3.45319, 847.631]]
}

entity{
  _template:t="sandbags_wall_8"
  transform:m=[[0.0506135, 0.0, -0.998718] [0.0, 1.0, 0.0] [0.998719, -0.0, 0.0506135] [-419.021, 3.45319, 847.109]]
}

entity{
  _template:t="sandbags_wall_9"
  transform:m=[[-0.0552575, 0.0, 0.998472] [0.0, 1.0, 0.0] [-0.998472, 0.0, -0.0552575] [-420.959, 3.45319, 846.983]]
}

entity{
  _template:t="czech_hedgehog_a"
  transform:m=[[0.28875, 0.0, -0.957405] [0.0, 1.0, 0.0] [0.957405, -0.0, 0.28875] [-407.897, 2.39842, 846.532]]
}

entity{
  _template:t="czech_hedgehog_a"
  transform:m=[[0.386064, 0.0, 0.922472] [0.0, 1.0, -0.0] [-0.922472, 0.0, 0.386064] [-405.631, 2.3889, 846.673]]
}

entity{
  _template:t="sandbags_wall_8"
  transform:m=[[0.0506135, 0.0, -0.998718] [0.0, 1.0, 0.0] [0.998719, -0.0, 0.0506135] [-416.933, 3.45319, 847.242]]
}

entity{
  _template:t="sandbags_wall_8"
  transform:m=[[0.0506135, 0.0, -0.998718] [0.0, 1.0, 0.0] [0.998719, -0.0, 0.0506135] [-412.857, 3.45319, 847.503]]
}

entity{
  _template:t="sandbags_wall_3"
  transform:m=[[-0.0497094, 0.0, 0.998763] [0.0, 1.0, 0.0] [-0.998763, 0.0, -0.0497094] [-406.606, 2.39842, 844.939]]
}

entity{
  _template:t="czech_hedgehog_a"
  transform:m=[[0.922932, 0.0, -0.384963] [0.0, 1.0, 0.0] [0.384963, -0.0, 0.922932] [-388.108, 2.39843, 846.815]]
}

entity{
  _template:t="czech_hedgehog_a"
  transform:m=[[0.28875, 0.0, -0.957405] [0.0, 1.0, 0.0] [0.957405, -0.0, 0.28875] [-390.701, 2.39842, 846.743]]
}

entity{
  _template:t="sandbags_wall_8"
  transform:m=[[0.0506135, 0.0, -0.998718] [0.0, 1.0, 0.0] [0.998719, -0.0, 0.0506135] [-398.083, 3.45319, 847.15]]
}

entity{
  _template:t="sandbags_wall_9"
  transform:m=[[-0.0552575, 0.0, 0.998472] [0.0, 1.0, 0.0] [-0.998472, 0.0, -0.0552575] [-400.026, 3.45319, 847.048]]
}

entity{
  _template:t="sandbags_wall_9"
  transform:m=[[-0.0634513, 0.0, 0.997985] [0.0, 1.0, 0.0] [-0.997985, 0.0, -0.0634513] [-385.119, 3.45318, 848.653]]
}

entity{
  _template:t="sandbags_wall_8"
  transform:m=[[-0.0634513, 0.0, 0.997985] [0.0, 1.0, 0.0] [-0.997985, 0.0, -0.0634513] [-383.167, 3.45319, 848.749]]
}

entity{
  _template:t="sandbags_wall_9"
  transform:m=[[0.0621216, 0.0, -0.998069] [0.0, 1.0, 0.0] [0.998069, -0.0, 0.0621216] [-374.313, 3.45318, 849.174]]
}

entity{
  _template:t="sandbags_wall_8"
  transform:m=[[0.0621216, 0.0, -0.998069] [0.0, 1.0, 0.0] [0.998069, -0.0, 0.0621216] [-376.265, 3.45318, 849.08]]
}

entity{
  _template:t="sandbags_wall_8"
  transform:m=[[0.0621216, 0.0, -0.998069] [0.0, 1.0, 0.0] [0.998069, -0.0, 0.0621216] [-378.324, 3.45318, 849.019]]
}

entity{
  _template:t="czech_hedgehog_a"
  transform:m=[[-0.318152, 0.0, 0.94804] [0.0, 1.0, 0.0] [-0.94804, 0.0, -0.318152] [-391.851, 2.39843, 921.847]]
}

entity{
  _template:t="czech_hedgehog_a"
  transform:m=[[-0.357419, 0.0, -0.933944] [0.0, 1.0, 0.0] [0.933944, 0.0, -0.357419] [-394.112, 2.38891, 921.636]]
}

entity{
  _template:t="sandbags_wall_3"
  transform:m=[[0.0805012, 0.0, -0.996754] [0.0, 1.0, 0.0] [0.996754, -0.0, 0.0805013] [-393.191, 2.39843, 923.399]]
}

entity{
  _template:t="sandbags_wall_8"
  transform:m=[[-0.0437648, 0.0, 0.999042] [0.0, 1.0, 0.0] [-0.999042, 0.0, -0.0437648] [-381.046, 3.45319, 923.401]]
}

entity{
  _template:t="sandbags_wall_9"
  transform:m=[[0.0484103, 0.0, -0.998827] [0.0, 1.0, 0.0] [0.998828, -0.0, 0.0484103] [-379.106, 3.45319, 923.514]]
}

entity{
  _template:t="sandbags_wall_9"
  transform:m=[[-0.0437648, 0.0, 0.999042] [0.0, 1.0, 0.0] [-0.999042, 0.0, -0.0437648] [-389.293, 3.45319, 923.054]]
}

entity{
  _template:t="sandbags_wall_8"
  transform:m=[[-0.0437648, 0.0, 0.999042] [0.0, 1.0, 0.0] [-0.999042, 0.0, -0.0437648] [-387.34, 3.45319, 923.111]]
}

entity{
  _template:t="sandbags_wall_8"
  transform:m=[[-0.0437648, 0.0, 0.999042] [0.0, 1.0, 0.0] [-0.999042, 0.0, -0.0437648] [-385.228, 3.45319, 923.206]]
}

entity{
  _template:t="sandbags_wall_8"
  transform:m=[[-0.0437648, 0.0, 0.999042] [0.0, 1.0, 0.0] [-0.999042, 0.0, -0.0437648] [-383.139, 3.45319, 923.293]]
}

entity{
  _template:t="sandbags_wall_9"
  transform:m=[[-0.0437648, 0.0, 0.999042] [0.0, 1.0, 0.0] [-0.999042, 0.0, -0.0437648] [-422.679, 3.45319, 922.672]]
}

entity{
  _template:t="sandbags_wall_8"
  transform:m=[[-0.0437648, 0.0, 0.999042] [0.0, 1.0, 0.0] [-0.999042, 0.0, -0.0437648] [-420.726, 3.45319, 922.729]]
}

entity{
  _template:t="sandbags_wall_8"
  transform:m=[[-0.0437648, 0.0, 0.999042] [0.0, 1.0, 0.0] [-0.999042, 0.0, -0.0437648] [-416.634, 3.45319, 922.797]]
}

entity{
  _template:t="sandbags_wall_9"
  transform:m=[[0.0908577, 0.0, -0.995864] [0.0, 1.0, 0.0] [0.995864, -0.0, 0.0908577] [-414.701, 3.45319, 922.981]]
}

entity{
  _template:t="czech_hedgehog_a"
  transform:m=[[-0.438596, 0.0, 0.898684] [0.0, 1.0, 0.0] [-0.898685, 0.0, -0.438596] [-418.515, 3.45318, 922.467]]
}

entity{
  _template:t="sandbags_wall_8"
  transform:m=[[-0.0570775, 0.0, 0.99837] [0.0, 1.0, 0.0] [-0.99837, 0.0, -0.0570775] [-432.205, 3.56878, 922.532]]
}

entity{
  _template:t="sandbags_wall_8"
  transform:m=[[-0.0570775, 0.0, 0.99837] [0.0, 1.0, 0.0] [-0.99837, 0.0, -0.0570775] [-439.245, 3.49189, 921.883]]
}

entity{
  _template:t="sandbags_wall_8"
  transform:m=[[0.0506135, 0.0, -0.998718] [0.0, 1.0, 0.0] [0.998719, -0.0, 0.0506135] [-414.877, 3.45319, 847.355]]
}

entity{
  _template:t="czech_hedgehog_a"
  transform:m=[[0.786055, 0.0, -0.618156] [0.0, 1.0, 0.0] [0.618156, -0.0, 0.786055] [-422.562, 3.45318, 847.069]]
}

entity{
  _template:t="sandbags_wall_8"
  transform:m=[[-0.0570775, 0.0, 0.99837] [0.0, 1.0, 0.0] [-0.99837, 0.0, -0.0570775] [-446.676, 4.54983, 875.113]]
}

entity{
  _template:t="sandbags_wall_9"
  transform:m=[[-0.0490458, 0.0, 0.998796] [0.0, 1.0, 0.0] [-0.998797, 0.0, -0.0490459] [-372.819, 3.45319, 925.361]]
}

entity{
  _template:t="sandbags_wall_8"
  transform:m=[[0.99686, 0.0, 0.0791877] [0.0, 1.0, -0.0] [-0.0791877, 0.0, 0.99686] [-443.046, 3.53254, 918.846]]
}

entity{
  _template:t="sandbags_wall_8"
  transform:m=[[0.99686, 0.0, 0.0791877] [0.0, 1.0, -0.0] [-0.0791877, 0.0, 0.99686] [-442.39, 3.53254, 905.792]]
}

entity{
  _template:t="sandbags_wall_8"
  transform:m=[[-0.0570775, 0.0, 0.99837] [0.0, 1.0, 0.0] [-0.99837, 0.0, -0.0570775] [-441.321, 5.40341, 921.781]]
}

entity{
  _template:t="sandbags_wall_8"
  transform:m=[[-0.0570775, 0.0, 0.99837] [0.0, 1.0, 0.0] [-0.99837, 0.0, -0.0570775] [-439.233, 5.40341, 921.925]]
}

entity{
  _template:t="sandbags_wall_1"
  transform:m=[[0.398643, 0.0, -0.917107] [0.0, 1.0, 0.0] [0.917106, -0.0, 0.398642] [-365.803, 3.4532, 918.615]]
}

entity{
  _template:t="sandbags_wall_8"
  transform:m=[[0.999914, 0.0, 0.013107] [0.0, 1.0, -0.0] [-0.013107, 0.0, 0.999914] [-373.408, 3.49189, 887.549]]
}

entity{
  _template:t="sandbags_wall_8"
  transform:m=[[-0.0570775, 0.0, 0.99837] [0.0, 1.0, 0.0] [-0.99837, 0.0, -0.0570775] [-354.936, 3.49189, 898.211]]
}

entity{
  _template:t="sandbags_wall_8"
  transform:m=[[-0.0570775, 0.0, 0.99837] [0.0, 1.0, 0.0] [-0.99837, 0.0, -0.0570775] [-350.604, 3.49189, 898.39]]
}

entity{
  _template:t="sandbags_wall_8"
  transform:m=[[0.998075, 0.0, 0.0620299] [0.0, 1.0, -0.0] [-0.0620299, 0.0, 0.998075] [-345.973, 3.49189, 894.819]]
}