import{
  scene:t="content/enlisted/gamedata/scenes/_berlin_bridge_sounds.blk"
}

entity{
  _template:t="aircraft_box_battle_area"
  transform:m=[[11314.0, 0.0, 95.0636] [0.0, 8000.03, 0.0] [-95.5912, 0.0, 11313.9] [652.401, 240.916, 331.582]]
  battle_area__team:i=-1
}

entity{
  _template:t="box_battle_area"
  transform:m=[[1530.84, 0.0, 0.0] [0.0, 243.881, 0.0] [0.0, 0.0, 402.435] [252.352, 10.8968, 314.426]]
}

entity{
  _template:t="railroad"
}

entity{
  _template:t="shaderVars"

  "shader_vars__vars:object"{
    hmap_displacement_up:r=0.3
    ocean1:c=142, 137, 71, 0
    ocean0:c=76, 63, 5, 0
    ocean_density:r=0.1
    river1:c=64, 64, 29, 0
    river0:c=49, 47, 41, 0
    hmap_displacement_down:r=-0.15
    leaves_ss_profile:p4=1.0, 1.0, 1.0, 0.0
    paint_details_tex:t="germany_wall_color_tex_palette*"
    layered_fog_height:r=20.0
    water_color_noise_size:r=71.0
    water_depth_hardness:r=0.41
    river_density:r=0.5
  }
}

entity{
  _template:t="ri_gpu_object"
  ri_gpu_object__name:t="tree_fraxinus_bush_small_a"
  ri_gpu_object__biom_indexes:p4=22.0, -1.0, -1.0, -1.0
  ri_gpu_object__grid_size:i=16
  ri_gpu_object__grid_tiling:i=1
  ri_gpu_object__cell_size:r=8.0
  ri_gpu_object__incline_delta:r=0.0
  ri_gpu_object__scale_range:p2=0.9, 1.05
  ri_gpu_object__rotate_range:p2=0.0, 0.0
  ri_gpu_object__seed:i=1127
  ri_gpu_object__is_using_normal:b=no
  ri_gpu_object__sparse_weight:r=17.5

  "ri_gpu_object__multiple_objects:array"{

    "ri_gpu_object__multiple_objects:object"{
      name:t="tree_fraxinus_bush_small_a"
      weight:r=1.0
    }

    "ri_gpu_object__multiple_objects:object"{
      name:t="tree_fraxinus_bush_small_b"
      weight:r=1.0
    }

    "ri_gpu_object__multiple_objects:object"{
      name:t="tree_fraxinus_bush_small_c"
      weight:r=1.0
    }

    "ri_gpu_object__multiple_objects:object"{
      name:t="tree_fraxinus_bush_small_d"
      weight:r=1.0
    }

    "ri_gpu_object__multiple_objects:object"{
      name:t="tree_fraxinus_bush_small_e"
      weight:r=1.0
    }
  }
}

entity{
  _template:t="ri_gpu_object"
  ri_gpu_object__name:t="tree_dry_branches_a"
  ri_gpu_object__biom_indexes:p4=2.0, -1.0, -1.0, -1.0
  ri_gpu_object__grid_size:i=8
  ri_gpu_object__grid_tiling:i=2
  ri_gpu_object__cell_size:r=16.0
  ri_gpu_object__incline_delta:r=0.0
  ri_gpu_object__scale_range:p2=0.6, 1.05
  ri_gpu_object__rotate_range:p2=135.0, 960.0
  ri_gpu_object__seed:i=55112
  ri_gpu_object__is_using_normal:b=yes

  "ri_gpu_object__multiple_objects:array"{

    "ri_gpu_object__multiple_objects:object"{
      name:t="tree_dry_branches_a"
      weight:r=1.0
    }

    "ri_gpu_object__multiple_objects:object"{
      name:t="tree_dry_branches_b"
      weight:r=1.0
    }

    "ri_gpu_object__multiple_objects:object"{
      name:t="tree_dry_branches_c"
      weight:r=1.0
    }

    "ri_gpu_object__multiple_objects:object"{
      name:t="tree_branches_small_a"
      weight:r=0.33
    }

    "ri_gpu_object__multiple_objects:object"{
      name:t="tree_branches_small_b"
      weight:r=0.33
    }

    "ri_gpu_object__multiple_objects:object"{
      name:t="tree_branches_small_c"
      weight:r=0.33
    }

    "ri_gpu_object__multiple_objects:object"{
      name:t="tree_branches_small_d"
      weight:r=0.33
    }
  }
}

entity{
  _template:t="ri_gpu_object"
  ri_gpu_object__name:t="tree_dry_pine_branches_e"
  ri_gpu_object__biom_indexes:p4=22.0, 1.0, -1.0, -1.0
  ri_gpu_object__grid_size:i=8
  ri_gpu_object__grid_tiling:i=1
  ri_gpu_object__cell_size:r=8.0
  ri_gpu_object__incline_delta:r=0.0
  ri_gpu_object__scale_range:p2=0.5, 0.65
  ri_gpu_object__rotate_range:p2=135.0, 960.0
  ri_gpu_object__seed:i=5542
  ri_gpu_object__sparse_weight:r=5.0
  ri_gpu_object__is_using_normal:b=yes

  "ri_gpu_object__multiple_objects:array"{

    "ri_gpu_object__multiple_objects:object"{
      name:t="tree_dry_pine_branches_pile_a"
      weight:r=1.0
    }

    "ri_gpu_object__multiple_objects:object"{
      name:t="tree_dry_pine_branches_pile_b"
      weight:r=1.0
    }

    "ri_gpu_object__multiple_objects:object"{
      name:t="tree_dry_pine_branches_pile_c"
      weight:r=1.0
    }

    "ri_gpu_object__multiple_objects:object"{
      name:t="tree_dry_pine_branches_pile_d"
      weight:r=1.0
    }

    "ri_gpu_object__multiple_objects:object"{
      name:t="tree_dry_pine_branches_a"
      weight:r=1.0
    }

    "ri_gpu_object__multiple_objects:object"{
      name:t="tree_dry_pine_branches_b"
      weight:r=1.0
    }

    "ri_gpu_object__multiple_objects:object"{
      name:t="tree_dry_pine_branches_c"
      weight:r=1.0
    }

    "ri_gpu_object__multiple_objects:object"{
      name:t="tree_dry_pine_branches_d"
      weight:r=1.0
    }

    "ri_gpu_object__multiple_objects:object"{
      name:t="tree_dry_pine_branches_e"
      weight:r=1.0
    }
  }
}

entity{
  _template:t="ri_gpu_object"
  ri_gpu_object__name:t="generic_stone_small_a"
  ri_gpu_object__biom_indexes:p4=2.0, 3.0, 52.0, -1.0
  ri_gpu_object__grid_size:i=8
  ri_gpu_object__grid_tiling:i=8
  ri_gpu_object__cell_size:r=16.0
  ri_gpu_object__incline_delta:r=0.0
  ri_gpu_object__scale_range:p2=0.05, 1.4
  ri_gpu_object__rotate_range:p2=135.0, 960.0
  ri_gpu_object__seed:i=75112
  ri_gpu_object__sparse_weight:r=5.0
  ri_gpu_object__is_using_normal:b=yes

  "ri_gpu_object__multiple_objects:array"{

    "ri_gpu_object__multiple_objects:object"{
      name:t="generic_stone_small_a"
      weight:r=1.0
    }

    "ri_gpu_object__multiple_objects:object"{
      name:t="generic_stone_small_b"
      weight:r=1.0
    }

    "ri_gpu_object__multiple_objects:object"{
      name:t="generic_stone_small_c"
      weight:r=1.0
    }

    "ri_gpu_object__multiple_objects:object"{
      name:t="generic_stone_small_d"
      weight:r=1.0
    }

    "ri_gpu_object__multiple_objects:object"{
      name:t="generic_stone_small_e"
      weight:r=1.0
    }

    "ri_gpu_object__multiple_objects:object"{
      name:t="generic_stone_small_f"
      weight:r=1.0
    }
  }
}

entity{
  _template:t="ri_gpu_object"
  ri_gpu_object__name:t="clover_a"
  ri_gpu_object__biom_indexes:p4=22.0, -1.0, -1.0, -1.0
  ri_gpu_object__grid_size:i=8
  ri_gpu_object__grid_tiling:i=16
  ri_gpu_object__cell_size:r=8.0
  ri_gpu_object__incline_delta:r=15.0
  ri_gpu_object__scale_range:p2=0.5, 1.4
  ri_gpu_object__rotate_range:p2=180.0, 360.0
  ri_gpu_object__seed:i=2
  ri_gpu_object__is_using_normal:b=yes
  ri_gpu_object__sparse_weight:r=5.0
  ri_gpu_object__up_vector:p3=0.0, 1.0, 0.0
}

entity{
  _template:t="postfx_roundctrl"

  "post_fx:object"{
  }
}

entity{
  _template:t="postfx_color_grading_tonemap_death_alive_enlisted"
}

entity{
  _template:t="minimap_berlin_seelow_heights"
}

entity{
  _template:t="door_mult_ent_generator"
  ri_extra_gen__blk:t="content/e_berlin/gamedata/berlin_doors.blk"
}

entity{
  _template:t="session_finalizer"
  session_finalizer__timer:r=10.0
}

entity{
  _template:t="static_cam"
  camera__active:b=yes
  transform:m=[[0.458247, 0.0, 0.888825] [0.0, 1.0, 0.0] [-0.888825, 0.0, 0.458247] [374.706, 14.3633, 279.603]]
}

entity{
  _template:t="briefing_escort"
  mission_name:t="berlin_bridge_escort"

  "loading_images:list<t>"{
    item:t="ui/berlin_escort_01.jpg"
    item:t="ui/berlin_escort_04.jpg"
    item:t="ui/berlin_escort_07.jpg"
  }
}

entity{
  _template:t="team_ussr_berlin+team_narrator_escort_defence+respawn_creators_team"
  team__countAdd:r=0.5
  team__memberCount:r=0.5
  team__scoreCap:r=14000.0
  team__score:r=14000.0
  team__capturePenalty:r=1001.0
  team__id:i=1
  team__briefing:t="escort/defenders_goals"
  team__winSubtitle:t="debriefing/escort/won_defence_subtitle"
  team__loseSubtitle:t="debriefing/escort/lost_defence_subtitle"
  team__winTitle:t="debriefing/escort/allies_won_defence"
  team__spawnBotArmy:t="moscow_allies"
}

entity{
  _template:t="team_germany_berlin+team_narrator_escort_attack+respawn_creators_team"
  team__memberCount:r=0.0
  team__scoreCap:r=1600.0
  team__score:r=1600.0
  team__squadSpawnCost:i=250
  team__firstSpawnCostMul:r=0.0
  team__zeroScoreFailTimer:r=60.0
  team__id:i=2
  team__briefing:t="escort/attackers_goals"
  team__winSubtitle:t="debriefing/escort/won_attack_subtitle"
  team__loseSubtitle:t="debriefing/escort/lost_attack_subtitle"
  team__winTitle:t="debriefing/escort/axis_won_attack"
  team__spawnBotArmy:t="moscow_axis"
}

entity{
  _template:t="berlin_train_carts"
  transform:m=[[-1.0, 0.0, 0.0] [0.0, 1.0, 0.0] [0.0, 0.0, -1.0] [816.404, 10.1016, 319.403]]
  train__teamOffense:i=2
  train__teamDefense:i=1
  train__offenseTeamAdvantageWeight:i=1
  train__defenseTeamAdvantageWeight:i=1
}

entity{
  _template:t="train_destination_point"
  transform:m=[[1.0, 0.0, 0.0] [0.0, 1.0, 0.0] [0.0, 0.0, 1.0] [-366.684, 10.9087, 319.406]]
}

entity{
  _template:t="basic_box+building_restricted_zone"
  transform:m=[[1629.7, 0.0, 0.0] [0.0, 7.26678, 0.0] [0.0, 0.0, 8.43925] [251.733, 9.71422, 319.455]]
}

entity{
  _template:t="respawn_camera"
  respawnCameraForTeam:i=1
  transform:m=[[1.0, 0.0, 0.0] [0.0, 1.0, 0.0] [0.0, 0.0, 1.0] [-61.0213, 304.004, 346.092]]
}

entity{
  _template:t="respawn_camera"
  respawnCameraForTeam:i=2
  transform:m=[[1.0, 0.0, 0.0] [0.0, 1.0, 0.0] [0.0, 0.0, 1.0] [1138.09, 312.541, 313.673]]
}

entity{
  _template:t="group_activator"

  "activator__activateChoice:object"{
    sector_15:r=1.0
  }
}

entity{
  _template:t="objective_train_zone"
  capzone__onlyTeamCanCapture:i=2
  groupName:t="sector_15"
  active:b=no
  transform:m=[[1.0, 0.0, 0.0] [0.0, 1.0, 0.0] [0.0, 0.0, 1.0] [606.89, 8.57356, 319.43]]

  "capzone__activateChoice:object"{
    sector_16:r=1.0
  }
}

entity{
  _template:t="objective_train_zone"
  capzone__onlyTeamCanCapture:i=2
  groupName:t="sector_16"
  active:b=no
  transform:m=[[1.0, 0.0, 0.0] [0.0, 1.0, 0.0] [0.0, 0.0, 1.0] [544.762, 8.57356, 319.43]]

  "capzone__activateChoice:object"{
    sector_17:r=1.0
  }
}

entity{
  _template:t="objective_train_zone"
  capzone__onlyTeamCanCapture:i=2
  groupName:t="sector_17"
  active:b=no
  transform:m=[[1.0, 0.0, 0.0] [0.0, 1.0, 0.0] [0.0, 0.0, 1.0] [485.46, 8.57356, 319.43]]

  "capzone__activateChoice:object"{
    sector_18:r=1.0
  }
}

entity{
  _template:t="objective_train_zone"
  capzone__onlyTeamCanCapture:i=2
  groupName:t="sector_18"
  active:b=no
  transform:m=[[1.0, 0.0, 0.0] [0.0, 1.0, 0.0] [0.0, 0.0, 1.0] [425.018, 8.57356, 319.43]]

  "capzone__activateChoice:object"{
    sector_19:r=1.0
  }
}

entity{
  _template:t="objective_train_zone"
  capzone__onlyTeamCanCapture:i=2
  groupName:t="sector_19"
  active:b=no
  transform:m=[[1.0, 0.0, 0.0] [0.0, 1.0, 0.0] [0.0, 0.0, 1.0] [367.275, 8.57356, 319.43]]

  "capzone__activateChoice:object"{
    sector_20:r=1.0
  }
}

entity{
  _template:t="objective_train_zone"
  capzone__onlyTeamCanCapture:i=2
  groupName:t="sector_20"
  active:b=no
  transform:m=[[1.0, 0.0, 0.0] [0.0, 1.0, 0.0] [0.0, 0.0, 1.0] [310.104, 8.57356, 319.43]]

  "capzone__activateChoice:object"{
    sector_21:r=1.0
  }
}

entity{
  _template:t="objective_train_zone"
  capzone__onlyTeamCanCapture:i=2
  groupName:t="sector_21"
  capzone__capReward:r=750.0
  capzone__capRewardPartCap:r=1.375
  capzone__alwaysHide:b=no
  capzone_timer__timeLeft:r=2700.0
  capzone__icon:t="train_cross"
  capzone__iconOffsetY:r=3.0
  capzone__narrator_zoneCaptured:t="trainHalfWay"
  capzone__narrator_zoneCapturedMessage:t="Our train is halfway there"
  capzone__narrator_zoneCapturedEnemy:t="trainHalfWay"
  capzone__narrator_zoneCapturedEnemyMessage:t="Enemy train is halfway there"
  capzone__narrator_zoneCapturedEnable:b=yes
  active:b=no
  transform:m=[[1.0, 0.0, 0.0] [0.0, 1.0, 0.0] [0.0, 0.0, 1.0] [250.307, 8.57356, 319.43]]

  "capzone__activateChoice:object"{
    sector_22:r=1.0
  }
}

entity{
  _template:t="objective_train_zone"
  capzone__onlyTeamCanCapture:i=2
  groupName:t="sector_22"
  active:b=no
  transform:m=[[1.0, 0.0, 0.0] [0.0, 1.0, 0.0] [0.0, 0.0, 1.0] [189.862, 8.57356, 319.43]]

  "capzone__activateChoice:object"{
    sector_23:r=1.0
  }
}

entity{
  _template:t="objective_train_zone"
  capzone__onlyTeamCanCapture:i=2
  groupName:t="sector_23"
  active:b=no
  transform:m=[[1.0, 0.0, 0.0] [0.0, 1.0, 0.0] [0.0, 0.0, 1.0] [129.441, 8.57356, 319.43]]

  "capzone__activateChoice:object"{
    sector_24:r=1.0
  }
}

entity{
  _template:t="objective_train_zone"
  capzone__onlyTeamCanCapture:i=2
  groupName:t="sector_24"
  active:b=no
  transform:m=[[1.0, 0.0, 0.0] [0.0, 1.0, 0.0] [0.0, 0.0, 1.0] [69.1722, 9.43955, 319.43]]

  "capzone__activateChoice:object"{
    sector_25:r=1.0
  }
}

entity{
  _template:t="objective_train_zone"
  capzone__onlyTeamCanCapture:i=2
  groupName:t="sector_25"
  active:b=no
  transform:m=[[1.0, 0.0, 0.0] [0.0, 1.0, 0.0] [0.0, 0.0, 1.0] [10.4674, 10.2976, 319.43]]

  "capzone__activateChoice:object"{
    sector_26:r=1.0
  }
}

entity{
  _template:t="objective_train_zone"
  capzone__onlyTeamCanCapture:i=2
  groupName:t="sector_26"
  active:b=no
  capzone__narrator_zoneCaptured:t="trainAlmostWay"
  capzone__narrator_zoneCapturedMessage:t="Our train is almost there"
  capzone__narrator_zoneCapturedEnemy:t="trainAlmostWay"
  capzone__narrator_zoneCapturedEnemyMessage:t="Enemy train is almost there"
  capzone__narrator_zoneCapturedEnable:b=yes
  transform:m=[[1.0, 0.0, 0.0] [0.0, 1.0, 0.0] [0.0, 0.0, 1.0] [-47.7082, 10.2976, 319.43]]

  "capzone__activateChoice:object"{
    sector_27:r=1.0
  }
}

entity{
  _template:t="objective_train_zone"
  capzone__onlyTeamCanCapture:i=2
  groupName:t="sector_27"
  active:b=no
  transform:m=[[1.0, 0.0, 0.0] [0.0, 1.0, 0.0] [0.0, 0.0, 1.0] [-106.193, 10.2976, 319.43]]

  "capzone__activateChoice:object"{
    sector_28:r=1.0
  }
}

entity{
  _template:t="objective_train_zone"
  capzone__onlyTeamCanCapture:i=2
  groupName:t="sector_28"
  capzone__alwaysHide:b=no
  capzone_timer__timeLeft:r=2700.0
  capzone__icon:t="train_cross"
  capzone__iconOffsetY:r=3.0
  capzone__narrator_zoneCapturedEnable:b=yes
  active:b=no
  transform:m=[[1.0, 0.0, 0.0] [0.0, 1.0, 0.0] [0.0, 0.0, 1.0] [-172.14, 9.41165, 319.43]]
}

entity{
  _template:t="berlin_level"
  level__blk:t="content/enlisted/levels/battle_of_berlin_seelow_heights.blk"
}

entity{
  _template:t="water"
  water__strength:r=0.3
  water__level:r=0.0
}

entity{
  _template:t="wind"
  wind__strength:r=1.3
  wind__dir:r=190.0
}

entity{
  _template:t="clouds_hole_target"
  transform:m=[[1.0, 0.0, 0.0] [0.0, 1.0, 0.0] [0.0, 0.0, 1.0] [0.0, 0.0, 0.0]]
}

entity{
  _template:t="resupply_in_air_zone"
  transform:m=[[-0.999999, 0.0, -0.000445871] [0.0, 1.0, 0.0] [0.000445871, 0.0, -0.999999] [3547.42, 1000.0, 957.255]]
  resupply_zone__team:i=2
}

entity{
  _template:t="respAircraftInAir"
  respawnbaseType:t="aircraft_fighter"
  transform:m=[[0.808044, 0.0, 0.589123] [0.0, 1.0, 0.0] [-0.589123, 0.0, 0.808044] [-1341.3, 1023.92, -1281.53]]
  team:i=1
  maxVehicleOnSpawn:i=1
  respTime:i=120
}

entity{
  _template:t="respAircraftInAir"
  respawnbaseType:t="aircraft_assault"
  transform:m=[[0.746714, 0.0, 0.665145] [0.0, 1.0, 0.0] [-0.665145, 0.0, 0.746714] [-1450.05, 823.92, -1141.59]]
  team:i=1
  maxVehicleOnSpawn:i=1
  respTime:i=120
}

entity{
  _template:t="respAircraftInAir"
  respawnbaseType:t="aircraft_fighter"
  transform:m=[[0.78176, 0.0, 0.623581] [0.0, 1.0, 0.0] [-0.623581, 0.0, 0.78176] [-1431.36, 1023.92, -1153.38]]
  team:i=1
  maxVehicleOnSpawn:i=1
  respTime:i=120
}

entity{
  _template:t="respAircraftInAir"
  respawnbaseType:t="aircraft_assault"
  transform:m=[[0.787942, 0.0, 0.615749] [0.0, 1.0, 0.0] [-0.615749, 0.0, 0.787942] [-1341.3, 823.92, -1281.53]]
  team:i=1
  maxVehicleOnSpawn:i=1
  respTime:i=120
}

entity{
  _template:t="resupply_in_air_zone"
  transform:m=[[0.327869, 0.0, -0.944724] [0.0, 1.0, 0.0] [0.944724, 0.0, 0.327869] [-2825.47, 1023.92, -369.472]]
  resupply_zone__team:i=1
}

entity{
  _template:t="respAircraftInAir"
  respawnbaseType:t="aircraft_fighter"
  transform:m=[[-0.784018, 0.0, -0.620738] [0.0, 1.0, 0.0] [0.620738, 0.0, -0.784018] [2063.69, 988.137, 1912.87]]
  team:i=2
  maxVehicleOnSpawn:i=1
  respTime:i=120
}

entity{
  _template:t="respAircraftInAir"
  respawnbaseType:t="aircraft_assault"
  transform:m=[[-0.784018, 0.0, -0.620738] [0.0, 1.0, 0.0] [0.620738, 0.0, -0.784018] [2063.69, 788.137, 1912.87]]
  team:i=2
  maxVehicleOnSpawn:i=1
  respTime:i=120
}

entity{
  _template:t="respAircraftInAir"
  respawnbaseType:t="aircraft_fighter"
  transform:m=[[-0.784018, 0.0, -0.620738] [0.0, 1.0, 0.0] [0.620738, 0.0, -0.784018] [2178.05, 988.137, 1814.91]]
  team:i=2
  maxVehicleOnSpawn:i=1
  respTime:i=120
}

entity{
  _template:t="respAircraftInAir"
  respawnbaseType:t="aircraft_assault"
  transform:m=[[-0.784018, 0.0, -0.620738] [0.0, 1.0, 0.0] [0.620738, 0.0, -0.784018] [2172.23, 788.137, 1770.62]]
  team:i=2
  maxVehicleOnSpawn:i=1
  respTime:i=120
}

entity{
  _template:t="respawnChooser+respTeam1"
  transform:m=[[0.990969, 0.0, -0.134087] [0.0, 1.0, 0.0] [0.134087, 0.0, 0.990969] [477.962, 10.2178, 336.37]]
  groupName:t="sector_15"
  active:b=no
}

entity{
  _template:t="respawnChooser+respTeam1"
  transform:m=[[0.704619, 0.0, 0.709585] [0.0, 1.0, 0.0] [-0.709585, 0.0, 0.704619] [499.085, 7.98307, 278.37]]
  groupName:t="sector_15"
  active:b=no
}

entity{
  _template:t="respawnChooser+respTeam1"
  transform:m=[[0.998882, 0.0, -0.0472731] [0.0, 1.0, 0.0] [0.0472731, 0.0, 0.998882] [441.598, 8.15486, 298.998]]
  groupName:t="sector_16"
  active:b=no
}

entity{
  _template:t="respawnChooser+respTeam1"
  transform:m=[[0.975777, 0.0, -0.218766] [0.0, 1.0, 0.0] [0.218766, 0.0, 0.975777] [427.779, 9.6037, 333.446]]
  groupName:t="sector_16"
  active:b=no
}

entity{
  _template:t="respawnChooser+respTeam1"
  transform:m=[[0.337249, 0.0, -0.941415] [0.0, 1.0, 0.0] [0.941415, 0.0, 0.337249] [433.583, 9.82823, 340.289]]
  groupName:t="sector_16"
  active:b=no
}

entity{
  _template:t="respawnChooser+respTeam1"
  transform:m=[[0.968307, 0.0, 0.24976] [0.0, 1.0, 0.0] [-0.24976, 0.0, 0.968307] [413.596, 8.82931, 305.435]]
  groupName:t="sector_17"
  active:b=no
}

entity{
  _template:t="respawnChooser+respTeam1"
  transform:m=[[0.352492, 0.0, -0.935814] [0.0, 1.0, 0.0] [0.935814, 0.0, 0.352492] [393.131, 9.07848, 332.075]]
  groupName:t="sector_17"
  active:b=no
}

entity{
  _template:t="respawnChooser+respTeam1"
  transform:m=[[0.194347, 0.0, -0.980933] [0.0, 1.0, 0.0] [0.980933, 0.0, 0.194347] [397.708, 9.26809, 333.073]]
  groupName:t="sector_17"
  active:b=no
}

entity{
  _template:t="respawnChooser+respTeam1"
  transform:m=[[0.993919, 0.0, -0.11011] [0.0, 1.0, 0.0] [0.11011, 0.0, 0.993919] [335.025, 0.866199, 362.983]]
  groupName:t="sector_18"
  active:b=no
}

entity{
  _template:t="respawnChooser+respTeam1"
  transform:m=[[0.948897, 0.0, 0.315584] [0.0, 1.0, 0.0] [-0.315584, 0.0, 0.948897] [333.534, 1.87612, 291.167]]
  groupName:t="sector_18"
  active:b=no
}

entity{
  _template:t="respawnChooser+respTeam1"
  transform:m=[[0.999212, 0.0, -0.0396908] [0.0, 1.0, 0.0] [0.0396908, 0.0, 0.999212] [323.801, 2.32435, 329.183]]
  groupName:t="sector_18"
  active:b=no
}

entity{
  _template:t="respawnChooser+respTeam1"
  transform:m=[[0.922424, 0.0, 0.386178] [0.0, 1.0, 0.0] [-0.386178, 0.0, 0.922424] [197.642, 8.91254, 303.065]]
  groupName:t="sector_19"
  active:b=no
}

entity{
  _template:t="respawnChooser+respTeam1"
  transform:m=[[0.741295, 0.0, -0.67118] [0.0, 1.0, 0.0] [0.67118, 0.0, 0.741295] [185.026, 5.98011, 349.52]]
  groupName:t="sector_19"
  active:b=no
}

entity{
  _template:t="respawnChooser+respTeam1"
  transform:m=[[0.921624, 0.0, 0.388084] [0.0, 1.0, 0.0] [-0.388084, 0.0, 0.921624] [137.312, 8.6642, 298.459]]
  groupName:t="sector_20"
  active:b=no
}

entity{
  _template:t="respawnChooser+respTeam1"
  transform:m=[[0.913905, 0.0, -0.405929] [0.0, 1.0, 0.0] [0.405929, 0.0, 0.913905] [152.021, 7.53036, 360.904]]
  groupName:t="sector_20"
  active:b=no
}

entity{
  _template:t="respawnChooser+respTeam1"
  transform:m=[[0.708365, 0.0, 0.705846] [0.0, 1.0, 0.0] [-0.705846, 0.0, 0.708365] [82.3042, 8.76516, 301.066]]
  groupName:t="sector_21"
  active:b=no
}

entity{
  _template:t="respawnChooser+respTeam1"
  transform:m=[[0.9675, 0.0, 0.252872] [0.0, 1.0, 0.0] [-0.252872, 0.0, 0.9675] [97.1176, 9.10025, 290.073]]
  groupName:t="sector_21"
  active:b=no
}

entity{
  _template:t="respawnChooser+respTeam1"
  transform:m=[[0.749641, 0.0, 0.661845] [0.0, 1.0, 0.0] [-0.661845, 0.0, 0.749641] [103.497, 8.78022, 283.434]]
  groupName:t="sector_21"
  active:b=no
}

entity{
  _template:t="respawnChooser+respTeam1"
  transform:m=[[0.813095, 0.0, 0.582131] [0.0, 1.0, 0.0] [-0.582131, 0.0, 0.813095] [22.6358, 8.88932, 302.856]]
  groupName:t="sector_22"
  active:b=no
}

entity{
  _template:t="respawnChooser+respTeam1"
  transform:m=[[0.999271, 0.0, -0.0381758] [0.0, 1.0, 0.0] [0.0381758, 0.0, 0.999271] [20.9415, 9.10025, 296.448]]
  groupName:t="sector_22"
  active:b=no
}

entity{
  _template:t="respawnChooser+respTeam1"
  transform:m=[[0.9675, 0.0, 0.252872] [0.0, 1.0, 0.0] [-0.252872, 0.0, 0.9675] [-5.13674, 9.10025, 296.827]]
  groupName:t="sector_23"
  active:b=no
}

entity{
  _template:t="respawnChooser+respTeam1"
  transform:m=[[0.996656, 0.0, 0.0817152] [0.0, 1.0, 0.0] [-0.0817152, 0.0, 0.996656] [-5.67881, 9.10025, 300.003]]
  groupName:t="sector_23"
  active:b=no
}

entity{
  _template:t="respawnChooser+respTeam1"
  transform:m=[[0.983978, 0.0, 0.17829] [0.0, 1.0, 0.0] [-0.17829, 0.0, 0.983978] [-6.01875, 9.10025, 289.699]]
  groupName:t="sector_23"
  active:b=no
}

entity{
  _template:t="respawnChooser+respTeam1"
  transform:m=[[0.9675, 0.0, 0.252872] [0.0, 1.0, 0.0] [-0.252872, 0.0, 0.9675] [-85.3686, 10.0326, 299.442]]
  groupName:t="sector_24"
  active:b=no
}

entity{
  _template:t="respawnChooser+respTeam1"
  transform:m=[[0.459118, 0.0, -0.888376] [0.0, 1.0, 0.0] [0.888376, 0.0, 0.459118] [-84.0665, 9.87648, 337.57]]
  groupName:t="sector_24"
  active:b=no
}

entity{
  _template:t="respawnChooser+respTeam1"
  transform:m=[[0.834212, 0.0, -0.551445] [0.0, 1.0, 0.0] [0.551445, 0.0, 0.834212] [-145.672, 10.4354, 333.919]]
  groupName:t="sector_25"
  active:b=no
}

entity{
  _template:t="respawnChooser+respTeam1"
  transform:m=[[0.9675, 0.0, 0.252872] [0.0, 1.0, 0.0] [-0.252872, 0.0, 0.9675] [-151.168, 11.1771, 303.435]]
  groupName:t="sector_25"
  active:b=no
}

entity{
  _template:t="respawnChooser+respTeam1"
  transform:m=[[0.986408, 0.0, 0.164314] [0.0, 1.0, 0.0] [-0.164314, 0.0, 0.986408] [-269.47, 11.714, 286.765]]
  groupName:t="sector_27"
  active:b=no
}

entity{
  _template:t="respawnChooser+respTeam1"
  transform:m=[[0.96743, 0.0, -0.253138] [0.0, 1.0, 0.0] [0.253138, 0.0, 0.96743] [-270.11, 11.9167, 334.656]]
  groupName:t="sector_27"
  active:b=no
}

entity{
  _template:t="respawnChooser+respTeam1"
  transform:m=[[0.674583, 0.0, 0.738199] [0.0, 1.0, 0.0] [-0.738199, 0.0, 0.674583] [-279.117, 11.9982, 288.815]]
  groupName:t="sector_27"
  active:b=no
}

entity{
  _template:t="respawnChooser+respTeam1"
  transform:m=[[0.900913, 0.0, -0.434] [0.0, 1.0, 0.0] [0.434, 0.0, 0.900913] [-218.181, 11.8443, 337.167]]
  groupName:t="sector_26"
  active:b=no
}

entity{
  _template:t="respawnChooser+respTeam1"
  transform:m=[[0.996113, 0.0, 0.088085] [0.0, 1.0, 0.0] [-0.088085, 0.0, 0.996113] [-205.801, 10.9451, 296.107]]
  groupName:t="sector_26"
  active:b=no
}

entity{
  _template:t="respawnChooser+respTeam1"
  transform:m=[[0.995836, 0.0, 0.0911655] [0.0, 1.0, 0.0] [-0.0911655, 0.0, 0.995836] [-324.277, 11.7816, 278.204]]
  groupName:t="sector_28"
  active:b=no
}

entity{
  _template:t="respawnChooser+respTeam1"
  transform:m=[[0.398825, 0.0, -0.917027] [0.0, 1.0, 0.0] [0.917027, 0.0, 0.398825] [-316.478, 11.9443, 333.125]]
  groupName:t="sector_28"
  active:b=no
}

entity{
  _template:t="respawnChooser+respTeam1"
  transform:m=[[0.502403, 0.0, -0.864634] [0.0, 1.0, 0.0] [0.864634, 0.0, 0.502403] [-330.72, 11.8261, 334.686]]
  groupName:t="sector_28"
  active:b=no
}

entity{
  _template:t="respawnChooser+respTeam2"
  transform:m=[[-0.171267, 0.0, 0.985225] [0.0, 1.0, 0.0] [-0.985225, 0.0, -0.171267] [738.197, 9.33738, 280.499]]
  groupName:t="sector_15"
  active:b=no
}

entity{
  _template:t="respawnChooser+respTeam2"
  transform:m=[[-0.28084, 0.0, -0.959754] [0.0, 1.0, 0.0] [0.959754, 0.0, -0.28084] [795.48, 11.4567, 337.44]]
  groupName:t="sector_15"
  active:b=no
}

entity{
  _template:t="respawnChooser+respTeam2"
  transform:m=[[-0.884337, 0.0, -0.46685] [0.0, 1.0, 0.0] [0.46685, 0.0, -0.884337] [734.283, 10.4207, 344.501]]
  groupName:t="sector_16"
  active:b=no
}

entity{
  _template:t="respawnChooser+respTeam2"
  transform:m=[[-0.177618, 0.0, -0.984099] [0.0, 1.0, 0.0] [0.984099, 0.0, -0.177618] [728.433, 9.58671, 371.351]]
  groupName:t="sector_16"
  active:b=no
}

entity{
  _template:t="respawnChooser+respTeam2"
  transform:m=[[-0.990539, 0.0, 0.137227] [0.0, 1.0, 0.0] [-0.137227, 0.0, -0.990539] [727.412, 9.81866, 276.462]]
  groupName:t="sector_16"
  active:b=no
}

entity{
  _template:t="respawnChooser+respTeam2"
  transform:m=[[-0.946184, 0.0, 0.323631] [0.0, 1.0, 0.0] [-0.323631, 0.0, -0.946184] [673.676, 10.4207, 289.262]]
  groupName:t="sector_17"
  active:b=no
}

entity{
  _template:t="respawnChooser+respTeam2"
  transform:m=[[-0.992164, 0.0, -0.124938] [0.0, 1.0, 0.0] [0.124938, 0.0, -0.992164] [683.07, 10.8802, 345.195]]
  groupName:t="sector_17"
  active:b=no
}

entity{
  _template:t="respawnChooser+respTeam2"
  transform:m=[[-0.865862, 0.0, 0.500283] [0.0, 1.0, 0.0] [-0.500283, 0.0, -0.865862] [676.499, 10.0505, 295.971]]
  groupName:t="sector_17"
  active:b=no
}

entity{
  _template:t="respawnChooser+respTeam2"
  transform:m=[[-0.950429, 0.0, -0.310939] [0.0, 1.0, 0.0] [0.310939, 0.0, -0.950429] [640.091, 10.4207, 338.345]]
  groupName:t="sector_18"
  active:b=no
}

entity{
  _template:t="respawnChooser+respTeam2"
  transform:m=[[-0.968417, 0.0, 0.249333] [0.0, 1.0, 0.0] [-0.249333, 0.0, -0.968417] [604.224, 10.2181, 274.791]]
  groupName:t="sector_18"
  active:b=no
}

entity{
  _template:t="respawnChooser+respTeam2"
  transform:m=[[-0.326805, 0.0, 0.945092] [0.0, 1.0, 0.0] [-0.945092, 0.0, -0.326805] [544.839, 9.27679, 283.412]]
  groupName:t="sector_19"
  active:b=no
}

entity{
  _template:t="respawnChooser+respTeam2"
  transform:m=[[-0.986408, 0.0, -0.164312] [0.0, 1.0, 0.0] [0.164312, 0.0, -0.986408] [564.893, 10.4207, 354.078]]
  groupName:t="sector_19"
  active:b=no
}

entity{
  _template:t="respawnChooser+respTeam2"
  transform:m=[[-0.804762, 0.0, 0.593595] [0.0, 1.0, 0.0] [-0.593595, 0.0, -0.804762] [558.738, 10.4207, 304.105]]
  groupName:t="sector_19"
  active:b=no
}

entity{
  _template:t="respawnChooser+respTeam2"
  transform:m=[[-0.760173, 0.0, -0.64972] [0.0, 1.0, 0.0] [0.64972, 0.0, -0.760173] [508.971, 9.07623, 350.648]]
  groupName:t="sector_20"
  active:b=no
}

entity{
  _template:t="respawnChooser+respTeam2"
  transform:m=[[-0.824221, 0.0, -0.566267] [0.0, 1.0, 0.0] [0.566267, 0.0, -0.824221] [515.454, 9.21549, 338.466]]
  groupName:t="sector_20"
  active:b=no
}

entity{
  _template:t="respawnChooser+respTeam2"
  transform:m=[[-0.674978, 0.0, 0.737837] [0.0, 1.0, 0.0] [-0.737837, 0.0, -0.674978] [528.664, 9.12714, 304.552]]
  groupName:t="sector_20"
  active:b=no
}

entity{
  _template:t="respawnChooser+respTeam2"
  transform:m=[[-0.174009, 0.0, 0.984744] [0.0, 1.0, 0.0] [-0.984744, 0.0, -0.174009] [500.587, 8.1054, 278.557]]
  groupName:t="sector_20"
  active:b=no
}

entity{
  _template:t="respawnChooser+respTeam2"
  transform:m=[[-0.581577, 0.0, -0.813491] [0.0, 1.0, 0.0] [0.813491, 0.0, -0.581577] [455.335, 10.0423, 339.623]]
  groupName:t="sector_21"
  active:b=no
}

entity{
  _template:t="respawnChooser+respTeam2"
  transform:m=[[-0.694778, 0.0, -0.719224] [0.0, 1.0, 0.0] [0.719224, 0.0, -0.694778] [462.583, 10.4354, 336.2]]
  groupName:t="sector_21"
  active:b=no
}

entity{
  _template:t="respawnChooser+respTeam2"
  transform:m=[[-0.339554, 0.0, -0.940586] [0.0, 1.0, 0.0] [0.940586, 0.0, -0.339554] [435.768, 9.67287, 340.389]]
  groupName:t="sector_21"
  active:b=no
}

entity{
  _template:t="respawnChooser+respTeam2"
  transform:m=[[-0.741795, 0.0, -0.670626] [0.0, 1.0, 0.0] [0.670626, 0.0, -0.741795] [398.265, 8.74743, 332.495]]
  groupName:t="sector_22"
  active:b=no
}

entity{
  _template:t="respawnChooser+respTeam2"
  transform:m=[[-0.421863, 0.0, 0.906659] [0.0, 1.0, 0.0] [-0.906659, 0.0, -0.421863] [421.601, 8.92451, 304.478]]
  groupName:t="sector_22"
  active:b=no
}

entity{
  _template:t="respawnChooser+respTeam2"
  transform:m=[[-0.741139, 0.0, -0.67135] [0.0, 1.0, 0.0] [0.67135, 0.0, -0.741139] [375.429, 7.00387, 363.559]]
  groupName:t="sector_22"
  active:b=no
}

entity{
  _template:t="respawnChooser+respTeam2"
  transform:m=[[-0.996495, 0.0, -0.0836386] [0.0, 1.0, 0.0] [0.0836386, 0.0, -0.996495] [390.71, 8.92451, 305.563]]
  groupName:t="sector_23"
  active:b=no
}

entity{
  _template:t="respawnChooser+respTeam2"
  transform:m=[[-0.348669, 0.0, -0.937245] [0.0, 1.0, 0.0] [0.937245, 0.0, -0.348669] [394.592, 8.68187, 332.818]]
  groupName:t="sector_23"
  active:b=no
}

entity{
  _template:t="respawnChooser+respTeam2"
  transform:m=[[-0.721245, 0.0, 0.692678] [0.0, 1.0, 0.0] [-0.692678, 0.0, -0.721245] [275.363, 3.16585, 317.804]]
  groupName:t="sector_24"
  active:b=no
}

entity{
  _template:t="respawnChooser+respTeam2"
  transform:m=[[-0.745211, 0.0, -0.666828] [0.0, 1.0, 0.0] [0.666828, 0.0, -0.745211] [275.098, 3.10137, 315.763]]
  groupName:t="sector_24"
  active:b=no
}

entity{
  _template:t="respawnChooser+respTeam2"
  transform:m=[[-0.582755, 0.0, 0.812647] [0.0, 1.0, 0.0] [-0.812647, 0.0, -0.582755] [206.087, 8.46185, 301.039]]
  groupName:t="sector_25"
  active:b=no
}

entity{
  _template:t="respawnChooser+respTeam2"
  transform:m=[[-0.736313, 0.0, -0.676639] [0.0, 1.0, 0.0] [0.676639, 0.0, -0.736313] [196.21, 6.00644, 350.156]]
  groupName:t="sector_25"
  active:b=no
}

entity{
  _template:t="respawnChooser+respTeam2"
  transform:m=[[-0.19805, 0.0, -0.980191] [0.0, 1.0, 0.0] [0.980191, 0.0, -0.19805] [185.447, 5.83244, 351.369]]
  groupName:t="sector_25"
  active:b=no
}

entity{
  _template:t="respawnChooser+respTeam2"
  transform:m=[[-0.449834, 0.0, 0.893111] [0.0, 1.0, 0.0] [-0.893111, 0.0, -0.449834] [124.099, 8.26536, 273.106]]
  groupName:t="sector_26"
  active:b=no
}

entity{
  _template:t="respawnChooser+respTeam2"
  transform:m=[[-0.967552, 0.0, -0.252671] [0.0, 1.0, 0.0] [0.252671, 0.0, -0.967552] [155.681, 7.4027, 360.342]]
  groupName:t="sector_26"
  active:b=no
}

entity{
  _template:t="respawnChooser+respTeam2"
  transform:m=[[-0.957251, 0.0, 0.289255] [0.0, 1.0, 0.0] [-0.289255, 0.0, -0.957251] [139.989, 8.52202, 299.623]]
  groupName:t="sector_26"
  active:b=no
}

entity{
  _template:t="respawnChooser+respTeam2"
  transform:m=[[-0.243122, 0.0, 0.969995] [0.0, 1.0, 0.0] [-0.969995, 0.0, -0.243122] [84.2362, 8.85204, 302.16]]
  groupName:t="sector_27"
  active:b=no
}

entity{
  _template:t="respawnChooser+respTeam2"
  transform:m=[[-0.787762, 0.0, -0.615979] [0.0, 1.0, 0.0] [0.615979, 0.0, -0.787762] [84.171, 8.84342, 300.763]]
  groupName:t="sector_27"
  active:b=no
}

entity{
  _template:t="respawnChooser+respTeam2"
  transform:m=[[-0.371007, 0.0, -0.928629] [0.0, 1.0, 0.0] [0.928629, 0.0, -0.371007] [53.4145, 5.53821, 391.092]]
  groupName:t="sector_27"
  active:b=no
}

entity{
  _template:t="respawnChooser+respTeam2"
  transform:m=[[-0.988603, 0.0, 0.150539] [0.0, 1.0, 0.0] [-0.150539, 0.0, -0.988603] [26.0618, 8.84342, 302.203]]
  groupName:t="sector_28"
  active:b=no
}

entity{
  _template:t="respawnChooser+respTeam2"
  transform:m=[[-0.607014, 0.0, 0.79469] [0.0, 1.0, 0.0] [-0.79469, 0.0, -0.607014] [35.0624, 8.24981, 302.865]]
  groupName:t="sector_28"
  active:b=no
}

entity{
  _template:t="respawnChooser+respVehicle"
  transform:m=[[-0.995881, 0.0, 0.0906851] [0.0, 1.0, 0.0] [-0.0906851, 0.0, -0.995881] [924.013, 9.27682, 341.032]]
  groupName:t="sector_15"
  active:b=no
  team:i=2
  maxVehicleOnSpawn:i=2
  respTime:i=120
}

entity{
  _template:t="respawnChooser+respVehicle"
  transform:m=[[-0.930694, 0.0, 0.365801] [0.0, 1.0, 0.0] [-0.365801, 0.0, -0.930694] [903.027, 9.79385, 348.639]]
  groupName:t="sector_16"
  active:b=no
  team:i=2
  maxVehicleOnSpawn:i=2
  respTime:i=120
}

entity{
  _template:t="respawnChooser+respVehicle"
  transform:m=[[-0.555882, 0.0, 0.831262] [0.0, 1.0, 0.0] [-0.831262, 0.0, -0.555882] [780.973, 7.19279, 229.263]]
  groupName:t="sector_17"
  active:b=no
  team:i=2
  maxVehicleOnSpawn:i=2
  respTime:i=120
}

entity{
  _template:t="respawnChooser+respVehicle"
  transform:m=[[-0.999993, 0.0, 0.00403645] [0.0, 1.0, 0.0] [-0.00403645, 0.0, -0.999993] [714.258, 9.7368, 362.687]]
  groupName:t="sector_18"
  active:b=no
  team:i=2
  maxVehicleOnSpawn:i=2
  respTime:i=120
}

entity{
  _template:t="respawnChooser+respVehicle"
  transform:m=[[-0.999993, 0.0, 0.00403645] [0.0, 1.0, 0.0] [-0.00403645, 0.0, -0.999993] [655.647, 9.85382, 280.436]]
  groupName:t="sector_19"
  active:b=no
  team:i=2
  maxVehicleOnSpawn:i=2
  respTime:i=120
}

entity{
  _template:t="respawnChooser+respVehicle"
  transform:m=[[-0.999896, 0.0, -0.0145049] [0.0, 1.0, 0.0] [0.0145049, 0.0, -0.999896] [613.047, 9.7368, 386.319]]
  groupName:t="sector_20"
  active:b=no
  team:i=2
  maxVehicleOnSpawn:i=2
  respTime:i=120
}

entity{
  _template:t="respawnChooser+respVehicle"
  transform:m=[[-0.99048, 0.0, -0.137661] [0.0, 1.0, 0.0] [0.137661, 0.0, -0.99048] [540.386, 9.06774, 378.45]]
  groupName:t="sector_21"
  active:b=no
  team:i=2
  maxVehicleOnSpawn:i=2
  respTime:i=120
}

entity{
  _template:t="respawnChooser+respVehicle"
  transform:m=[[-0.990154, 0.0, -0.139991] [0.0, 1.0, 0.0] [0.139991, 0.0, -0.990154] [478.754, 8.43039, 357.129]]
  groupName:t="sector_22"
  active:b=no
  team:i=2
  maxVehicleOnSpawn:i=2
  respTime:i=120
}

entity{
  _template:t="respawnChooser+respVehicle"
  transform:m=[[-0.996778, 0.0, 0.0802252] [0.0, 1.0, 0.0] [-0.0802252, 0.0, -0.996778] [457.376, 9.25, 359.853]]
  groupName:t="sector_23"
  active:b=no
  team:i=2
  maxVehicleOnSpawn:i=2
  respTime:i=120
}

entity{
  _template:t="respawnChooser+respVehicle"
  transform:m=[[-0.999236, 0.0, 0.039116] [0.0, 1.0, 0.0] [-0.039116, 0.0, -0.999236] [407.043, 8.33603, 367.282]]
  groupName:t="sector_24"
  active:b=no
  team:i=2
  maxVehicleOnSpawn:i=2
  respTime:i=120
}

entity{
  _template:t="respawnChooser+respVehicle"
  transform:m=[[-0.983739, 0.0, 0.179608] [0.0, 1.0, 0.0] [-0.179608, 0.0, -0.983739] [280.873, 2.99002, 275.244]]
  groupName:t="sector_25"
  active:b=no
  team:i=2
  maxVehicleOnSpawn:i=2
  respTime:i=120
}

entity{
  _template:t="respawnChooser+respVehicle"
  transform:m=[[-0.944684, 0.0, -0.327985] [0.0, 1.0, 0.0] [0.327985, 0.0, -0.944684] [250.8, 2.24037, 378.966]]
  groupName:t="sector_26"
  active:b=no
  team:i=2
  maxVehicleOnSpawn:i=2
  respTime:i=120
}

entity{
  _template:t="respawnChooser+respVehicle"
  transform:m=[[-0.997625, 0.0, 0.0688911] [0.0, 1.0, 0.0] [-0.0688911, 0.0, -0.997625] [193.647, 4.64975, 335.317]]
  groupName:t="sector_27"
  active:b=no
  team:i=2
  maxVehicleOnSpawn:i=2
  respTime:i=120
}

entity{
  _template:t="respawnChooser+respVehicle"
  transform:m=[[-0.992517, 0.0, -0.122111] [0.0, 1.0, 0.0] [0.122111, 0.0, -0.992517] [126.208, 3.6482, 368.494]]
  groupName:t="sector_28"
  active:b=no
  team:i=2
  maxVehicleOnSpawn:i=2
  respTime:i=120
}

entity{
  _template:t="respawnChooser+respVehicle"
  transform:m=[[0.999148, 0.0, -0.0412611] [0.0, 1.0, 0.0] [0.0412611, 0.0, 0.999148] [380.725, 6.01901, 349.247]]
  groupName:t="sector_15"
  active:b=no
  team:i=1
  maxVehicleOnSpawn:i=2
  respTime:i=120
}

entity{
  _template:t="respawnChooser+respVehicle"
  transform:m=[[0.979486, 0.0, -0.20151] [0.0, 1.0, 0.0] [0.20151, 0.0, 0.979486] [360.735, 4.49659, 377.969]]
  groupName:t="sector_16"
  active:b=no
  team:i=1
  maxVehicleOnSpawn:i=2
  respTime:i=120
}

entity{
  _template:t="respawnChooser+respVehicle"
  transform:m=[[0.995855, 0.0, 0.0909586] [0.0, 1.0, 0.0] [-0.0909586, 0.0, 0.995855] [224.37, 1.21181, 401.522]]
  groupName:t="sector_17"
  active:b=no
  team:i=1
  maxVehicleOnSpawn:i=2
  respTime:i=120
}

entity{
  _template:t="respawnChooser+respVehicle"
  transform:m=[[0.999965, 0.0, -0.00836274] [0.0, 1.0, 0.0] [0.00836274, 0.0, 0.999965] [192.081, 4.7234, 335.385]]
  groupName:t="sector_18"
  active:b=no
  team:i=1
  maxVehicleOnSpawn:i=2
  respTime:i=120
}

entity{
  _template:t="respawnChooser+respVehicle"
  transform:m=[[0.946269, 0.0, -0.323382] [0.0, 1.0, 0.0] [0.323382, 0.0, 0.946269] [-16.6034, 4.81948, 401.61]]
  groupName:t="sector_20"
  active:b=no
  team:i=1
  maxVehicleOnSpawn:i=2
  respTime:i=120
}

entity{
  _template:t="respawnChooser+respVehicle"
  transform:m=[[0.950997, 0.0, -0.309201] [0.0, 1.0, 0.0] [0.309201, 0.0, 0.950997] [96.6672, 4.34131, 361.061]]
  groupName:t="sector_19"
  active:b=no
  team:i=1
  maxVehicleOnSpawn:i=2
  respTime:i=120
}

entity{
  _template:t="respawnChooser+respVehicle"
  transform:m=[[0.885967, 0.0, -0.463749] [0.0, 1.0, 0.0] [0.463749, 0.0, 0.885967] [-61.7463, 7.03255, 424.357]]
  groupName:t="sector_21"
  active:b=no
  team:i=1
  maxVehicleOnSpawn:i=2
  respTime:i=120
}

entity{
  _template:t="respawnChooser+respVehicle"
  transform:m=[[0.856656, 0.0, -0.515888] [0.0, 1.0, 0.0] [0.515888, 0.0, 0.856656] [-88.467, 6.93319, 438.83]]
  groupName:t="sector_22"
  active:b=no
  team:i=1
  maxVehicleOnSpawn:i=2
  respTime:i=120
}

entity{
  _template:t="respawnChooser+respVehicle"
  transform:m=[[0.998651, 0.0, 0.0519394] [0.0, 1.0, 0.0] [-0.0519394, 0.0, 0.998651] [-165.657, 10.5239, 388.792]]
  groupName:t="sector_23"
  active:b=no
  team:i=1
  maxVehicleOnSpawn:i=2
  respTime:i=120
}

entity{
  _template:t="respawnChooser+respVehicle"
  transform:m=[[0.977429, 0.0, -0.211266] [0.0, 1.0, 0.0] [0.211266, 0.0, 0.977429] [-194.292, 10.3501, 387.771]]
  groupName:t="sector_24"
  active:b=no
  team:i=1
  maxVehicleOnSpawn:i=2
  respTime:i=120
}

entity{
  _template:t="respawnChooser+respVehicle"
  transform:m=[[0.99914, 0.0, -0.0414603] [0.0, 1.0, 0.0] [0.0414603, 0.0, 0.99914] [-256.087, 10.9355, 348.061]]
  groupName:t="sector_25"
  active:b=no
  team:i=1
  maxVehicleOnSpawn:i=2
  respTime:i=120
}

entity{
  _template:t="respawnChooser+respVehicle"
  transform:m=[[0.964906, 0.0, 0.262597] [0.0, 1.0, 0.0] [-0.262597, 0.0, 0.964906] [-361.63, 12.1609, 285.244]]
  groupName:t="sector_26"
  active:b=no
  team:i=1
  maxVehicleOnSpawn:i=2
  respTime:i=120
}

entity{
  _template:t="respawnChooser+respVehicle"
  transform:m=[[0.998498, 0.0, 0.0548011] [0.0, 1.0, 0.0] [-0.0548011, 0.0, 0.998498] [-385.855, 11.9074, 287.349]]
  groupName:t="sector_27"
  active:b=no
  team:i=1
  maxVehicleOnSpawn:i=2
  respTime:i=120
}

entity{
  _template:t="respawnChooser+respVehicle"
  transform:m=[[0.993949, 0.0, 0.109845] [0.0, 1.0, 0.0] [-0.109845, 0.0, 0.993949] [-439.298, 12.0537, 287.941]]
  groupName:t="sector_28"
  active:b=no
  team:i=1
  maxVehicleOnSpawn:i=2
  respTime:i=120
}

entity{
  _template:t="respawnChooser+respMotorcycle"
  transform:m=[[-0.995881, 0.0, 0.0906851] [0.0, 1.0, 0.0] [-0.0906851, 0.0, -0.995881] [924.013, 9.27682, 341.032]]
  groupName:t="sector_15"
  active:b=no
  team:i=2
}

entity{
  _template:t="respawnChooser+respMotorcycle"
  transform:m=[[-0.998111, 0.0, 0.0614535] [0.0, 1.0, 0.0] [-0.0614535, 0.0, -0.998111] [903.027, 9.79385, 348.639]]
  groupName:t="sector_16"
  active:b=no
  team:i=2
}

entity{
  _template:t="respawnChooser+respMotorcycle"
  transform:m=[[-0.555882, 0.0, 0.831262] [0.0, 1.0, 0.0] [-0.831262, 0.0, -0.555882] [780.973, 7.19279, 229.263]]
  groupName:t="sector_17"
  active:b=no
  team:i=2
}

entity{
  _template:t="respawnChooser+respMotorcycle"
