import{
  scene:t="content/enlisted/gamedata/scenes/_berlin_village_sounds.blk"
}

entity{
  _template:t="shaderVars"

  "shader_vars__vars:object"{
    hmap_displacement_up:r=0.3
    ocean1:c=142, 137, 71, 0
    ocean0:c=76, 63, 5, 0
    ocean_density:r=0.1
    river1:c=64, 64, 29, 0
    river0:c=49, 47, 41, 0
    hmap_displacement_down:r=-0.15
    leaves_ss_profile:p4=1.0, 1.0, 1.0, 0.0
    paint_details_tex:t="germany_wall_color_tex_palette*"
    layered_fog_height:r=20.0
    water_color_noise_size:r=71.0
    water_depth_hardness:r=0.41
    river_density:r=0.5
  }
}

entity{
  _template:t="postfx_roundctrl"

  "post_fx:object"{
  }
}

entity{
  _template:t="postfx_color_grading_tonemap_death_alive_enlisted"
}

entity{
  _template:t="water"
  water__strength:r=0.3
  water__level:r=0.0
}

entity{
  _template:t="wind"
  wind__strength:r=1.3
  wind__dir:r=190.0
}

entity{
  _template:t="minimap_berlin_seelow_heights"
}

entity{
  _template:t="door_mult_ent_generator"
  ri_extra_gen__blk:t="content/e_berlin/gamedata/berlin_doors.blk"
}

entity{
  _template:t="session_finalizer"
  session_finalizer__timer:r=10.0
}

entity{
  _template:t="team_ussr_berlin+team_narrator_invasion_attack+respawn_creators_team"
  team__memberCount:r=0.0
  team__scoreCap:r=2000.0
  team__score:r=2000.0
  team__squadSpawnCost:i=250
  team__firstSpawnCostMul:r=0.0
  team__zeroScoreFailTimer:r=60.0
  team__id:i=1
  team__haveScores:b=no
  team__briefing:t="invasion/attackers_goals"
  team__winSubtitle:t="debriefing/won_invasion_subtitle"
  team__loseSubtitle:t="debriefing/lost_invasion_subtitle"
  team__winTitle:t="debriefing/ussr_won_invasion"
  team__spawnBotArmy:t="moscow_allies"
}

entity{
  _template:t="team_germany_berlin+team_narrator_invasion_defence+respawn_creators_team"
  team__countAdd:r=0.5
  team__memberCount:r=0.5
  team__scoreCap:r=5000.0
  team__capturePenalty:r=1001.0
  team__score:r=5000.0
  team__id:i=2
  team__briefing:t="invasion/defenders_goals"
  team__winSubtitle:t="debriefing/won_defence_subtitle"
  team__loseSubtitle:t="debriefing/lost_defence_subtitle"
  team__winTitle:t="debriefing/ger_won_defence"
  team__spawnBotArmy:t="moscow_axis"
}

entity{
  _template:t="respawn_camera"
  respawnCameraForTeam:i=1
  transform:m=[[1.0, 0.0, 0.0] [0.0, 1.0, 0.0] [0.0, 0.0, 1.0] [576.488, 314.538, 1174.67]]
}

entity{
  _template:t="respawn_camera"
  respawnCameraForTeam:i=2
  transform:m=[[1.0, 0.0, 0.0] [0.0, 1.0, 0.0] [0.0, 0.0, 1.0] [625.971, 310.226, 253.227]]
}

entity{
  _template:t="group_activator"

  "activator__activateChoice:object"{
    sector_1:r=1.0
  }
}

entity{
  _template:t="defend_zone_chained_sphere+defend_zone_respawnbase"
  transform:m=[[1.06625, 0.0, 0.299926] [0.0, 0.782289, 0.0] [-0.284488, 0.0, 1.12257] [840.583, 1.95088, 691.438]]
  groupName:t="sector_1"
  capzone__capRewardPartCap:r=1.125
  capzone__onlyTeamCanCapture:i=1
  capzone__capReward:r=250.0
  capzone__icon:t="AAA"
  capzone__caption:t="capzone/construction"
  capzone__capTime:r=45.0
  capzone__capTeam:i=-1
  active:b=no
  capzone__deactivateAfterTimeout:r=25.0
  capzone__spawnAtZoneTimeout:r=25.0
  capzone__createRespawnBaseForTeam:i=2
  decal__thickness:r=0.5
  decal__height:r=4.0
  sphere_zone__radius:r=12.0
  capzone__createRespawnBase:t="respawnBaseGroupActivator"
  capzone__createdRespawnBaseGroup:i=3

  "capzone__activateChoice:object"{
    sector_2:r=1.0
  }
}

entity{
  _template:t="defend_zone_chained_sphere+defend_zone_respawnbase"
  transform:m=[[1.24892, 0.0, 0.112815] [0.0, 0.657268, 0.0] [-0.0445852, 0.0, 0.948076] [799.305, 2.14074, 585.624]]
  groupName:t="sector_2"
  capzone__capRewardPartCap:r=1.125
  capzone__onlyTeamCanCapture:i=1
  capzone__capReward:r=250.0
  capzone__icon:t="AAA"
  capzone__caption:t="capzone/village_house"
  capzone__capTime:r=45.0
  capzone__capTeam:i=-1
  active:b=no
  capzone__deactivateAfterTimeout:r=25.0
  capzone__spawnAtZoneTimeout:r=25.0
  capzone__createRespawnBaseForTeam:i=2
  decal__thickness:r=0.5
  decal__height:r=3.0
  sphere_zone__radius:r=12.0
  capzone__createRespawnBase:t="respawnBaseGroupActivator"
  capzone__createdRespawnBaseGroup:i=4

  "capzone__activateChoice:object"{
    sector_3_a:r=1.0
  }
}

entity{
  _template:t="defend_zone_chained_box+defend_zone_respawnbase"
  transform:m=[[9.80717, 0.0, -3.10326] [0.0, 3.49975, 0.0] [3.6939, 0.0, 10.6983] [720.438, 3.82075, 486.9]]
  capzone__capRewardPartCap:r=1.3
  capzone__curTeamCapturingZone:i=-1
  capzone__onlyTeamCanCapture:i=1
  groupName:t="sector_3_a"
  capzone__capTime:r=30.0
  capzone__capTeam:i=-1
  active:b=no
  capzone__decapTime:r=600.0
  ui_order:i=3
  capzone__capReward:r=1500.0
  capzone__icon:t="AAA"
  capzone__caption:t="capzone/bunker"
  capzone__deactivateAfterTimeout:r=25.0
  capzone__spawnAtZoneTimeout:r=25.0
  capzone__createRespawnBaseForTeam:i=2
  capzone__createRespawnBase:t="respawnBaseGroupActivator"
  capzone__createdRespawnBaseGroup:i=5
  decal__thickness:r=0.4
  decal__height:r=6.0

  "capzone__activateChoice:object"{
    sector_4_b:r=1.0
    sector_4_a:r=0.0
  }
}

entity{
  _template:t="defend_zone_chained_box+defend_zone_respawnbase"
  transform:m=[[-0.159749, 0.0, 15.7814] [0.0, 5.61293, 0.0] [-20.5091, 0.0, -0.242375] [729.582, 11.0739, 347.819]]
  capzone__capRewardPartCap:r=1.3
  capzone__curTeamCapturingZone:i=-1
  capzone__onlyTeamCanCapture:i=1
  groupName:t="sector_4_a"
  capzone__capTime:r=30.0
  capzone__capTeam:i=-1
  active:b=no
  capzone__decapTime:r=600.0
  ui_order:i=3
  capzone__capReward:r=1500.0
  capzone__icon:t="AAA"
  capzone__caption:t="capzone/guest_house"
  capzone__deactivateAfterTimeout:r=25.0
  capzone__spawnAtZoneTimeout:r=25.0
  capzone__createRespawnBaseForTeam:i=2
  capzone__createRespawnBase:t="respawnBaseGroupActivator"
  capzone__createdRespawnBaseGroup:i=7
  decal__thickness:r=0.4
  decal__height:r=2.0

  "capzone__activateChoice:object"{
    sector_5:r=1.0
  }
}

entity{
  _template:t="defend_zone_chained_box+defend_zone_respawnbase"
  transform:m=[[0.569345, 0.0, 44.5476] [0.0, 5.61293, 0.0] [-32.2532, 0.0, -0.034249] [667.245, 11.1385, 392.158]]
  capzone__capRewardPartCap:r=1.3
  capzone__curTeamCapturingZone:i=-1
  capzone__onlyTeamCanCapture:i=1
  groupName:t="sector_4_b"
  capzone__capTime:r=30.0
  capzone__capTeam:i=-1
  active:b=no
  capzone__decapTime:r=600.0
  ui_order:i=3
  capzone__capReward:r=1500.0
  capzone__icon:t="AAA"
  capzone__caption:t="capzone/farm_house"
  capzone__deactivateAfterTimeout:r=25.0
  capzone__spawnAtZoneTimeout:r=25.0
  capzone__createRespawnBaseForTeam:i=2
  capzone__createRespawnBase:t="respawnBaseGroupActivator"
  capzone__createdRespawnBaseGroup:i=8
  decal__thickness:r=0.4
  decal__height:r=3.0

  "capzone__activateChoice:object"{
    sector_5:r=1.0
  }
}

entity{
  _template:t="defend_zone_chained_box+defend_zone_respawnbase"
  transform:m=[[0.190285, 0.0, 34.7257] [0.0, 6.6381, 0.0] [-22.3391, 0.0, 0.0774148] [600.757, 11.3663, 286.194]]
  capzone__capRewardPartCap:r=1.3
  capzone__curTeamCapturingZone:i=-1
  capzone__onlyTeamCanCapture:i=1
  groupName:t="sector_5"
  capzone__capTime:r=30.0
  capzone__capTeam:i=-1
  active:b=no
  capzone__decapTime:r=600.0
  ui_order:i=3
  capzone__capReward:r=1500.0
  capzone__icon:t="AAA"
  capzone__caption:t="capzone/farm_house"
  capzone__deactivateAfterTimeout:r=25.0
  capzone__spawnAtZoneTimeout:r=25.0
  capzone__createRespawnBaseForTeam:i=2
  capzone__createRespawnBase:t="respawnBaseGroupActivator"
  capzone__createdRespawnBaseGroup:i=9
  decal__thickness:r=0.4
  decal__height:r=6.0
}

entity{
  _template:t="resupply_in_air_zone"
  transform:m=[[-0.999999, 0.0, -0.000445871] [0.0, 1.0, 0.0] [0.000445871, 0.0, -0.999999] [1075.41, 1000.0, 2792.75]]
  resupply_zone__team:i=1
}

entity{
  _template:t="respAircraftInAir"
  respawnbaseType:t="aircraft_fighter"
  transform:m=[[-0.0476611, 0.0, 0.998864] [0.0, 1.0, 0.0] [-0.998864, 0.0, -0.0476611] [-264.888, 1023.92, -2133.04]]
  team:i=2
  maxVehicleOnSpawn:i=1
  respTime:i=120
}

entity{
  _template:t="respAircraftInAir"
  respawnbaseType:t="aircraft_assault"
  transform:m=[[-0.144883, 0.0, 0.989449] [0.0, 1.0, 0.0] [-0.989449, 0.0, -0.144883] [-441.565, 823.92, -2146.91]]
  team:i=2
  maxVehicleOnSpawn:i=1
  respTime:i=120
}

entity{
  _template:t="respAircraftInAir"
  respawnbaseType:t="aircraft_fighter"
  transform:m=[[-0.0908955, 0.0, 0.995861] [0.0, 1.0, 0.0] [-0.995861, 0.0, -0.0908955] [-421.445, 1023.92, -2137.78]]
  team:i=2
  maxVehicleOnSpawn:i=1
  respTime:i=120
}

entity{
  _template:t="respAircraftInAir"
  respawnbaseType:t="aircraft_assault"
  transform:m=[[-0.0809542, 0.0, 0.996718] [0.0, 1.0, 0.0] [-0.996718, 0.0, -0.0809542] [-264.888, 823.92, -2133.04]]
  team:i=2
  maxVehicleOnSpawn:i=1
  respTime:i=120
}

entity{
  _template:t="resupply_in_air_zone"
  transform:m=[[0.327869, 0.0, -0.944724] [0.0, 1.0, 0.0] [0.944724, 0.0, 0.327869] [-1891.65, 1023.92, -2776.5]]
  resupply_zone__team:i=2
}

entity{
  _template:t="respAircraftInAir"
  respawnbaseType:t="aircraft_fighter"
  transform:m=[[-0.0808384, 0.0, -0.996727] [0.0, 1.0, 0.0] [0.996727, 0.0, -0.0808384] [-313.775, 1000.0, 2528.12]]
  team:i=1
  maxVehicleOnSpawn:i=1
  respTime:i=120
}

entity{
  _template:t="respAircraftInAir"
  respawnbaseType:t="aircraft_assault"
  transform:m=[[-0.0808384, 0.0, -0.996727] [0.0, 1.0, 0.0] [0.996727, 0.0, -0.0808384] [-313.775, 800.0, 2528.12]]
  team:i=1
  maxVehicleOnSpawn:i=1
  respTime:i=120
}

entity{
  _template:t="respAircraftInAir"
  respawnbaseType:t="aircraft_fighter"
  transform:m=[[-0.0808384, 0.0, -0.996727] [0.0, 1.0, 0.0] [0.996727, 0.0, -0.0808384] [-164.128, 1000.0, 2544.93]]
  team:i=1
  maxVehicleOnSpawn:i=1
  respTime:i=120
}

entity{
  _template:t="respAircraftInAir"
  respawnbaseType:t="aircraft_assault"
  transform:m=[[-0.0808384, 0.0, -0.996727] [0.0, 1.0, 0.0] [0.996727, 0.0, -0.0808384] [-135.715, 800.0, 2510.46]]
  team:i=1
  maxVehicleOnSpawn:i=1
  respTime:i=120
}

entity{
  _template:t="aircraft_box_battle_area"
  transform:m=[[10917.9, 0.0, -2968.94] [0.0, 8000.03, 0.0] [2968.42, 0.0, 10918.0] [-430.604, 240.916, 194.232]]
  battle_area__timeToDamage:r=30.0
  battle_area__damage:r=1.0
  battle_area__team:i=-1
}

entity{
  _template:t="respawnChooser+respTeam1"
  transform:m=[[-0.24516, 0.0, -0.969482] [0.0, 1.0, 0.0] [0.969482, 0.0, -0.24516] [884.498, 9.89935, 852.046]]
  groupName:t="sector_1"
  respawnBaseGroup:i=2
  active:b=no
}

entity{
  _template:t="respawnChooser+respTeam1"
  transform:m=[[0.649411, 0.0, -0.760438] [0.0, 1.0, 0.0] [0.760438, 0.0, 0.649411] [738.774, 3.59507, 821.438]]
  groupName:t="sector_1"
  active:b=no
}

entity{
  _template:t="respawnChooser+respTeam2"
  transform:m=[[-0.540612, 0.0, 0.841273] [0.0, 1.0, 0.0] [-0.841273, 0.0, -0.540612] [789.34, 4.82757, 575.773]]
  groupName:t="sector_1"
  respawnBaseGroup:i=2
  active:b=no
}

entity{
  _template:t="respawnChooser+respTeam2"
  transform:m=[[0.948894, 0.0, 0.315595] [0.0, 1.0, 0.0] [-0.315595, 0.0, 0.948894] [864.704, 3.11337, 559.729]]
  groupName:t="sector_1"
  active:b=no
}

entity{
  _template:t="respawnChooser+respTeam2"
  transform:m=[[-0.889702, 0.0, 0.456541] [0.0, 1.0, 0.0] [-0.456541, 0.0, -0.889702] [861.247, 3.10263, 559.425]]
  groupName:t="sector_1"
  active:b=no
}

entity{
  _template:t="respawnChooser+respVehicle"
  transform:m=[[0.686066, 0.0, -0.727538] [0.0, 1.0, 0.0] [0.727538, 0.0, 0.686066] [623.705, 5.32022, 881.144]]
  team:i=1
  maxVehicleOnSpawn:i=2
  respTime:i=120
  respawnBaseGroup:i=1
  groupName:t="sector_1"
  active:b=no
}

entity{
  _template:t="respawnChooser+respVehicle"
  transform:m=[[0.712278, 0.0, 0.701896] [0.0, 1.0, 0.0] [-0.701896, 0.0, 0.712278] [666.776, 6.61197, 506.589]]
  team:i=2
  maxVehicleOnSpawn:i=2
  respTime:i=120
  respawnBaseGroup:i=1
  groupName:t="sector_1"
  active:b=no
}

entity{
  _template:t="respawnChooser+respTeam1"
  transform:m=[[0.0633928, 0.0, -0.997989] [0.0, 1.0, 0.0] [0.997989, 0.0, 0.0633928] [889.853, 9.03615, 850.194]]
  groupName:t="sector_1"
  respawnBaseGroup:i=2
  active:b=no
}

entity{
  _template:t="respawnChooser+respTeam1"
  transform:m=[[0.893384, 0.0, -0.449294] [0.0, 1.0, 0.0] [0.449294, 0.0, 0.893384] [754.773, 3.70897, 829.123]]
  groupName:t="sector_1"
  active:b=no
}

entity{
  _template:t="respawnChooser+respTeam1"
  transform:m=[[0.724232, 0.0, 0.689556] [0.0, 1.0, 0.0] [-0.689556, 0.0, 0.724232] [792.153, 4.09493, 575.798]]
  groupName:t="sector_1"
  respawnBaseGroup:i=2
  active:b=no
  team:i=2
}

entity{
  _template:t="respawnChooser+respTeam1"
  transform:m=[[-0.885867, 0.0, -0.463938] [0.0, 1.0, 0.0] [0.463938, 0.0, -0.885867] [872.707, 0.948695, 722.041]]
  groupName:t="sector_2"
  active:b=no
}

entity{
  _template:t="respawnChooser+respTeam1"
  transform:m=[[-0.890053, 0.0, -0.455856] [0.0, 1.0, 0.0] [0.455856, 0.0, -0.890053] [885.758, 2.22847, 708.85]]
  groupName:t="sector_2"
  respawnBaseGroup:i=1
  active:b=no
}

entity{
  _template:t="respawnChooser+respTeam2"
  transform:m=[[-0.600959, 0.0, 0.799279] [0.0, 1.0, 0.0] [-0.799279, 0.0, -0.600959] [864.288, 12.7348, 474.377]]
  groupName:t="sector_2"
  active:b=no
}

entity{
  _template:t="respawnChooser+respTeam2"
  transform:m=[[-0.415146, 0.0, 0.909754] [0.0, 1.0, 0.0] [-0.909754, 0.0, -0.415146] [866.465, 12.2271, 476.888]]
  groupName:t="sector_2"
  active:b=no
}

entity{
  _template:t="respawnChooser+respTeam2"
  transform:m=[[0.607059, 0.0, 0.794656] [0.0, 1.0, 0.0] [-0.794656, 0.0, 0.607059] [716.444, 5.44336, 482.267]]
  groupName:t="sector_2"
  respawnBaseGroup:i=2
  active:b=no
}

entity{
  _template:t="respawnChooser+respTeam2"
  transform:m=[[0.360136, 0.0, 0.9329] [0.0, 1.0, 0.0] [-0.9329, 0.0, 0.360136] [726.059, 5.21338, 474.915]]
  groupName:t="sector_2"
  respawnBaseGroup:i=2
  active:b=no
}

entity{
  _template:t="respawnChooser+respVehicle"
  transform:m=[[0.661977, 0.0, -0.749524] [0.0, 1.0, 0.0] [0.749524, 0.0, 0.661977] [760.03, 4.00461, 835.701]]
  groupName:t="sector_2"
  team:i=1
  active:b=no
}

entity{
  _template:t="respawnChooser+respVehicle"
  transform:m=[[0.00767696, 0.0, 0.999971] [0.0, 1.0, 0.0] [-0.999971, 0.0, 0.00767696] [765.654, 8.77772, 367.287]]
  groupName:t="sector_2"
  team:i=2
  active:b=no
}

entity{
  _template:t="respawnChooser+respTeam1"
  transform:m=[[-0.950597, 0.0, -0.310429] [0.0, 1.0, 0.0] [0.310429, 0.0, -0.950597] [808.013, 4.34233, 585.849]]
  groupName:t="sector_3_a"
  active:b=no
}

entity{
  _template:t="respawnChooser+respTeam1"
  transform:m=[[-0.97046, 0.0, -0.241264] [0.0, 1.0, 0.0] [0.241264, 0.0, -0.97046] [795.732, 3.99521, 594.912]]
  groupName:t="sector_3_a"
  active:b=no
}

entity{
  _template:t="respawnChooser+respTeam1"
  transform:m=[[-0.141598, 0.0, -0.989925] [0.0, 1.0, 0.0] [0.989925, 0.0, -0.141598] [738.189, 2.08818, 619.875]]
  groupName:t="sector_3_a"
  respawnBaseGroup:i=2
  active:b=no
}

entity{
  _template:t="respawnChooser+respTeam1"
  transform:m=[[-0.220251, 0.0, -0.975443] [0.0, 1.0, 0.0] [0.975443, 0.0, -0.220251] [744.986, 1.64466, 617.633]]
  groupName:t="sector_3_a"
  respawnBaseGroup:i=2
  active:b=no
}

entity{
  _template:t="respawnChooser+respVehicle"
  transform:m=[[-0.61113, 0.0, -0.791529] [0.0, 1.0, 0.0] [0.791529, 0.0, -0.61113] [902.684, 4.13107, 683.56]]
  groupName:t="sector_3_a"
  team:i=1
  active:b=no
}

entity{
  _template:t="respawnChooser+respVehicle"
  transform:m=[[-0.61113, 0.0, -0.791529] [0.0, 1.0, 0.0] [0.791529, 0.0, -0.61113] [902.684, 4.13107, 683.56]]
  groupName:t="sector_3_a"
  team:i=1
  active:b=no
}

entity{
  _template:t="respawnChooser+respTeam2"
  transform:m=[[0.115091, 0.0, 0.993355] [0.0, 1.0, 0.0] [-0.993355, 0.0, 0.115091] [696.808, 8.8547, 394.186]]
  groupName:t="sector_3_a"
  respawnBaseGroup:i=2
  active:b=no
}

entity{
  _template:t="respawnChooser+respTeam2"
  transform:m=[[0.0614843, 0.0, 0.998108] [0.0, 1.0, 0.0] [-0.998108, 0.0, 0.0614843] [703.233, 8.58504, 394.394]]
  groupName:t="sector_3_a"
  respawnBaseGroup:i=2
  active:b=no
}

entity{
  _template:t="respawnChooser+respVehicle"
  transform:m=[[0.225698, 0.0, 0.974197] [0.0, 1.0, 0.0] [-0.974197, 0.0, 0.225698] [740.857, 8.57609, 260.618]]
  groupName:t="sector_3_a"
  team:i=2
  active:b=no
}

entity{
  _template:t="respawnChooser+respTeam1"
  transform:m=[[-0.331775, 0.0, -0.943358] [0.0, 1.0, 0.0] [0.943358, 0.0, -0.331775] [791.631, 6.36011, 444.807]]
  groupName:t="sector_4_a"
  active:b=no
}

entity{
  _template:t="respawnChooser+respTeam1"
  transform:m=[[-0.999968, 0.0, -0.00803382] [0.0, 1.0, 0.0] [0.00803382, 0.0, -0.999968] [798.005, 6.31956, 437.653]]
  groupName:t="sector_4_a"
  active:b=no
}

entity{
  _template:t="respawnChooser+respTeam1"
  transform:m=[[0.37532, 0.0, -0.926895] [0.0, 1.0, 0.0] [0.926895, 0.0, 0.37532] [718.955, 3.02923, 485.968]]
  groupName:t="sector_4_a"
  respawnBaseGroup:i=2
  active:b=no
}

entity{
  _template:t="respawnChooser+respTeam1"
  transform:m=[[-0.234394, 0.0, -0.972142] [0.0, 1.0, 0.0] [0.972142, 0.0, -0.234394] [723.197, 3.05804, 486.546]]
  groupName:t="sector_4_a"
  respawnBaseGroup:i=2
  active:b=no
}

entity{
  _template:t="respawnChooser+respVehicle"
  transform:m=[[-0.899892, 0.0, -0.436113] [0.0, 1.0, 0.0] [0.436113, 0.0, -0.899892] [806.527, 3.74294, 559.662]]
  groupName:t="sector_4_a"
  team:i=1
  active:b=no
}

entity{
  _template:t="respawnChooser+respVehicle"
  transform:m=[[-0.899892, 0.0, -0.436113] [0.0, 1.0, 0.0] [0.436113, 0.0, -0.899892] [806.527, 3.74294, 559.662]]
  groupName:t="sector_4_a"
  team:i=1
  active:b=no
}

entity{
  _template:t="respawnChooser+respTeam2"
  transform:m=[[0.612303, 0.0, 0.790624] [0.0, 1.0, 0.0] [-0.790624, 0.0, 0.612303] [727.479, 8.6531, 261.608]]
  groupName:t="sector_4_a"
  active:b=no
}

entity{
  _template:t="respawnChooser+respTeam2"
  transform:m=[[0.973895, 0.0, 0.226998] [0.0, 1.0, 0.0] [-0.226998, 0.0, 0.973895] [667.917, 9.84088, 282.403]]
  groupName:t="sector_4_a"
  active:b=no
}

entity{
  _template:t="respawnChooser+respTeam2"
  transform:m=[[0.358298, 0.0, 0.933608] [0.0, 1.0, 0.0] [-0.933608, 0.0, 0.358298] [706.956, 9.27888, 259.207]]
  groupName:t="sector_4_a"
  active:b=no
}

entity{
  _template:t="respawnChooser+respTeam1"
  transform:m=[[0.0727373, 0.0, -0.997351] [0.0, 1.0, 0.0] [0.997351, 0.0, 0.0727373] [703.028, 8.47831, 396.783]]
  groupName:t="sector_5"
  active:b=no
}

entity{
  _template:t="respawnChooser+respTeam1"
  transform:m=[[-0.055064, 0.0, -0.998483] [0.0, 1.0, 0.0] [0.998483, 0.0, -0.055064] [672.447, 8.37548, 411.982]]
  groupName:t="sector_5"
  active:b=no
}

entity{
  _template:t="respawnChooser+respTeam1"
  transform:m=[[-0.154139, 0.0, -0.988049] [0.0, 1.0, 0.0] [0.988049, 0.0, -0.154139] [680.992, 9.10328, 409.151]]
  groupName:t="sector_5"
  respawnBaseGroup:i=1
  active:b=no
}

entity{
  _template:t="respawnChooser+respVehicle"
  transform:m=[[0.431274, 0.0, -0.90222] [0.0, 1.0, 0.0] [0.90222, 0.0, 0.431274] [644.162, 7.73968, 492.412]]
  groupName:t="sector_5"
  team:i=1
  active:b=no
}

entity{
  _template:t="respawnChooser+respVehicle"
  transform:m=[[0.431274, 0.0, -0.90222] [0.0, 1.0, 0.0] [0.90222, 0.0, 0.431274] [644.162, 7.73968, 492.412]]
  groupName:t="sector_5"
  team:i=1
  active:b=no
}

entity{
  _template:t="respawnChooser+respTeam2"
  transform:m=[[0.732188, 0.0, -0.681103] [0.0, 1.0, 0.0] [0.681103, 0.0, 0.732188] [477.238, 8.73145, 295.208]]
  groupName:t="sector_5"
  active:b=no
}

entity{
  _template:t="respawnChooser+respTeam2"
  transform:m=[[0.826891, 0.0, 0.562363] [0.0, 1.0, 0.0] [-0.562363, 0.0, 0.826891] [485.536, 8.43693, 301.824]]
  groupName:t="sector_5"
  active:b=no
}

entity{
  _template:t="respawnChooser+respTeam2"
  transform:m=[[0.490844, 0.0, -0.871247] [0.0, 1.0, 0.0] [0.871247, 0.0, 0.490844] [508.048, 8.77798, 339.213]]
  groupName:t="sector_5"
  respawnBaseGroup:i=2
  active:b=no
}

entity{
  _template:t="respawnChooser+respTeam2"
  transform:m=[[0.998803, 0.0, 0.0489233] [0.0, 1.0, 0.0] [-0.0489233, 0.0, 0.998803] [506.718, 8.60058, 349.986]]
  groupName:t="sector_5"
  respawnBaseGroup:i=2
  active:b=no
}

entity{
  _template:t="respawnChooser+respVehicle"
  transform:m=[[0.580307, 0.0, -0.814397] [0.0, 1.0, 0.0] [0.814397, 0.0, 0.580307] [414.87, 8.52572, 340.859]]
  groupName:t="sector_5"
  team:i=1
  active:b=no
}

entity{
  _template:t="enemy_attack_marker"
  transform:m=[[-0.0365222, 0.0, 0.999333] [0.0, 1.0, 0.0] [-0.999333, 0.0, -0.0365222] [830.513, 3.78462, 467.748]]
}

entity{
  _template:t="static_cam"
  camera__active:b=yes
  transform:m=[[-0.906377, 0.0, -0.42247] [0.0, 1.0, 0.0] [0.42247, 0.0, -0.906377] [785.017, 20.7332, 797.748]]
}

entity{
  _template:t="respawnChooser+respTeam1"
  transform:m=[[-0.1962, 0.0, -0.980564] [0.0, 1.0, 0.0] [0.980564, 0.0, -0.1962] [722.839, 3.99836, 489.706]]
  groupName:t="sector_4_b"
  active:b=no
}

entity{
  _template:t="respawnChooser+respTeam1"
  transform:m=[[0.0855734, 0.0, -0.996332] [0.0, 1.0, 0.0] [0.996332, 0.0, 0.0855734] [719.211, 3.46978, 487.251]]
  groupName:t="sector_4_b"
  active:b=no
}

entity{
  _template:t="respawnChooser+respTeam1"
  transform:m=[[-0.563456, 0.0, -0.826145] [0.0, 1.0, 0.0] [0.826145, 0.0, -0.563456] [785.681, 6.05582, 444.526]]
  groupName:t="sector_4_b"
  respawnBaseGroup:i=2
  active:b=no
}

entity{
  _template:t="respawnChooser+respTeam1"
  transform:m=[[-0.998392, 0.0, 0.056679] [0.0, 1.0, 0.0] [-0.056679, 0.0, -0.998392] [788.583, 5.86989, 437.942]]
  groupName:t="sector_4_b"
  respawnBaseGroup:i=2
  active:b=no
}

entity{
  _template:t="respawnChooser+respVehicle"
  transform:m=[[-0.99726, 0.0, -0.0739672] [0.0, 1.0, 0.0] [0.0739672, 0.0, -0.99726] [825.054, 3.32146, 558.896]]
  groupName:t="sector_4_b"
  team:i=1
  active:b=no
}

entity{
  _template:t="respawnChooser+respVehicle"
  transform:m=[[-0.99726, 0.0, -0.0739672] [0.0, 1.0, 0.0] [0.0739672, 0.0, -0.99726] [825.054, 3.32146, 558.896]]
  groupName:t="sector_4_b"
  team:i=1
  active:b=no
}

entity{
  _template:t="respawnChooser+respTeam2"
  transform:m=[[-0.878526, 0.0, 0.477695] [0.0, 1.0, 0.0] [-0.477695, 0.0, -0.878526] [709.037, 8.89971, 261.825]]
  groupName:t="sector_4_b"
  active:b=no
}

entity{
  _template:t="respawnChooser+respTeam2"
  transform:m=[[-0.846453, 0.0, 0.532463] [0.0, 1.0, 0.0] [-0.532463, 0.0, -0.846453] [727.007, 8.95045, 269.219]]
  groupName:t="sector_4_b"
  active:b=no
}

entity{
  _template:t="respawnChooser+respTeam2"
  transform:m=[[0.659442, 0.0, 0.751756] [0.0, 1.0, 0.0] [-0.751756, 0.0, 0.659442] [556.386, 9.45199, 303.258]]
  groupName:t="sector_4_b"
  respawnBaseGroup:i=2
  active:b=no
}

entity{
  _template:t="respawnChooser+respTeam2"
  transform:m=[[0.995274, 0.0, -0.0971023] [0.0, 1.0, 0.0] [0.0971023, 0.0, 0.995274] [535.01, 9.27579, 339.859]]
  groupName:t="sector_4_b"
  respawnBaseGroup:i=2
  active:b=no
}

entity{
  _template:t="respawnChooser+respVehicle"
  transform:m=[[0.994801, 0.0, 0.101835] [0.0, 1.0, 0.0] [-0.101835, 0.0, 0.994801] [465.975, 7.97271, 284.004]]
  groupName:t="sector_4_b"
  team:i=2
  active:b=no
}

entity{
  _template:t="respawnChooser+respMotorcycle"
  active:b=no
  transform:m=[[0.686066, 0.0, -0.727538] [0.0, 1.0, 0.0] [0.727538, 0.0, 0.686066] [623.705, 5.32022, 881.144]]
  team:i=1
  groupName:t="sector_1"
}

entity{
  _template:t="respawnChooser+respMotorcycle"
  active:b=no
  transform:m=[[0.712278, 0.0, 0.701896] [0.0, 1.0, 0.0] [-0.701896, 0.0, 0.712278] [666.776, 6.61197, 506.589]]
  team:i=2
  groupName:t="sector_1"
}

entity{
  _template:t="respawnChooser+respMotorcycle"
  active:b=no
  transform:m=[[0.661977, 0.0, -0.749524] [0.0, 1.0, 0.0] [0.749524, 0.0, 0.661977] [760.03, 4.00461, 835.701]]
  team:i=1
  groupName:t="sector_2"
}

entity{
  _template:t="respawnChooser+respMotorcycle"
  active:b=no
  transform:m=[[0.00767696, 0.0, 0.999971] [0.0, 1.0, 0.0] [-0.999971, 0.0, 0.00767696] [765.654, 8.77772, 367.287]]
  team:i=2
  groupName:t="sector_2"
}

entity{
  _template:t="respawnChooser+respMotorcycle"
  active:b=no
  transform:m=[[-0.61113, 0.0, -0.791529] [0.0, 1.0, 0.0] [0.791529, 0.0, -0.61113] [902.684, 4.13107, 683.56]]
  team:i=1
  groupName:t="sector_3_a"
}

entity{
  _template:t="respawnChooser+respMotorcycle"
  active:b=no
  transform:m=[[-0.61113, 0.0, -0.791529] [0.0, 1.0, 0.0] [0.791529, 0.0, -0.61113] [902.684, 4.13107, 683.56]]
  team:i=1
  groupName:t="sector_3_a"
}

entity{
  _template:t="respawnChooser+respMotorcycle"
  active:b=no
  transform:m=[[0.148924, 0.0, 0.988849] [0.0, 1.0, 0.0] [-0.988849, 0.0, 0.148924] [740.166, 8.57609, 260.832]]
  team:i=2
  groupName:t="sector_3_a"
}

entity{
  _template:t="respawnChooser+respMotorcycle"
  active:b=no
  transform:m=[[-0.899892, 0.0, -0.436113] [0.0, 1.0, 0.0] [0.436113, 0.0, -0.899892] [806.527, 3.74294, 559.662]]
  team:i=1
  groupName:t="sector_4_a"
}

entity{
  _template:t="respawnChooser+respMotorcycle"
  active:b=no
  transform:m=[[-0.899892, 0.0, -0.436113] [0.0, 1.0, 0.0] [0.436113, 0.0, -0.899892] [806.527, 3.74294, 559.662]]
  team:i=1
  groupName:t="sector_4_a"
}

entity{
  _template:t="respawnChooser+respMotorcycle"
  active:b=no
  transform:m=[[0.431274, 0.0, -0.90222] [0.0, 1.0, 0.0] [0.90222, 0.0, 0.431274] [644.162, 7.73968, 492.412]]
  team:i=1
  groupName:t="sector_5"
}

entity{
  _template:t="respawnChooser+respMotorcycle"
  active:b=no
  transform:m=[[0.431274, 0.0, -0.90222] [0.0, 1.0, 0.0] [0.90222, 0.0, 0.431274] [644.162, 7.73968, 492.412]]
  team:i=1
  groupName:t="sector_5"
}

entity{
  _template:t="respawnChooser+respMotorcycle"
  active:b=no
  transform:m=[[0.580307, 0.0, -0.814397] [0.0, 1.0, 0.0] [0.814397, 0.0, 0.580307] [414.87, 8.52572, 340.859]]
  team:i=1
  groupName:t="sector_5"
}

entity{
  _template:t="respawnChooser+respMotorcycle"
  active:b=no
  transform:m=[[-0.99726, 0.0, -0.0739672] [0.0, 1.0, 0.0] [0.0739672, 0.0, -0.99726] [825.054, 3.32146, 558.896]]
  team:i=1
  groupName:t="sector_4_b"
}

entity{
  _template:t="respawnChooser+respMotorcycle"
  active:b=no
  transform:m=[[-0.99726, 0.0, -0.0739672] [0.0, 1.0, 0.0] [0.0739672, 0.0, -0.99726] [825.054, 3.32146, 558.896]]
  team:i=1
  groupName:t="sector_4_b"
}

entity{
  _template:t="respawnChooser+respMotorcycle"
  active:b=no
  transform:m=[[0.994801, 0.0, 0.101835] [0.0, 1.0, 0.0] [-0.101835, 0.0, 0.994801] [465.975, 7.97271, 284.004]]
  team:i=2
  groupName:t="sector_4_b"
}

entity{
  _template:t="poluglisser_pg_117+requires_trans_render"
  transform:m=[[-0.461865, 0.0430939, 0.885903] [-0.0324363, 0.99733, -0.0654249] [-0.886357, -0.0589529, -0.459235] [763.05, 0.241409, 627.504]]
}

entity{
  _template:t="poluglisser_pg_117+requires_trans_render"
  transform:m=[[-0.0526452, 0.0430939, 0.997683] [-0.0566589, 0.99733, -0.0460684] [-0.997005, -0.0589529, -0.050063] [728.959, 0.241409, 626.462]]
}

entity{
  _template:t="ford_gpa"
  transform:m=[[-0.00748117, -0.0812774, -0.996663] [0.0349634, 0.996061, -0.0814907] [0.999361, -0.0354564, -0.00460997] [765.164, 2.77018, 809.204]]
}

entity{
  _template:t="ford_gpa"
  transform:m=[[0.311196, -0.110006, -0.943957] [0.0350066, 0.993931, -0.104289] [0.949701, -0.000590398, 0.313159] [769.687, 2.63722, 811.032]]
}

entity{
  _template:t="ford_gpa"
  transform:m=[[0.76489, 0.0157736, -0.643968] [0.0397676, 0.996637, 0.0716471] [0.642932, -0.0804112, 0.76169] [747.312, 3.31962, 809.471]]
}

entity{
  _template:t="poluglisser_pg_117+requires_trans_render"
  transform:m=[[-0.21305, 0.0430939, 0.976091] [-0.0484767, 0.99733, -0.0546126] [-0.975838, -0.0589529, -0.210392] [799.157, 0.241409, 636.743]]
}

entity{
  _template:t="respawnChooser+respVehicle"
  transform:m=[[-0.155622, 0.0, 0.987817] [0.0, 1.0, 0.0] [-0.987817, 0.0, -0.155622] [803.078, 6.67723, 162.04]]
  groupName:t="sector_4_a"
  maxVehicleOnSpawn:i=2
  respTime:i=150
  team:i=2
  active:b=no
}

entity{
  _template:t="respawnChooser+respVehicle"
  transform:m=[[-0.155622, 0.0, 0.987817] [0.0, 1.0, 0.0] [-0.987817, 0.0, -0.155622] [803.078, 6.67723, 162.04]]
  groupName:t="sector_4_a"
  maxVehicleOnSpawn:i=2
  respTime:i=150
  team:i=2
  active:b=no
}

entity{
  _template:t="respawnChooser+respMotorcycle"
  transform:m=[[-0.0934563, 0.0, 0.995623] [0.0, 1.0, 0.0] [-0.995623, 0.0, -0.0934563] [803.422, 6.38701, 161.324]]
  groupName:t="sector_4_a"
  team:i=2
  maxVehicleOnSpawn:i=2
  respTime:i=150
  active:b=no
}

entity{
  _template:t="poly_battle_area"
  transform:m=[[1.0, 0.0, 0.0] [0.0, 1.0, 0.0] [0.0, 0.0, 1.0] [771.913, 2.70552, 771.196]]
  battleAreaId:t="1_area1"
  active:b=no
  groupName:t="sector_1"
  battle_area__team:i=1
  battle_area__timeToDamage:r=5.0
  battle_area__damage:r=3.0
}

entity{
  _template:t="battle_area_polygon_point"
  transform:m=[[1.0, 0.0, 0.0] [0.0, 1.0, 0.0] [0.0, 0.0, 1.0] [946.861, 7.28031, 865.157]]
  battle_area_polygon_point__forBattleAreaId:t="1_area1"
  battle_area_polygon_point__id:t="point1"
  battle_area_polygon_point__nextId:t="point2"
}

entity{
  _template:t="battle_area_polygon_point"
  transform:m=[[1.0, 0.0, 0.0] [0.0, 1.0, 0.0] [0.0, 0.0, 1.0] [830.328, 5.00297, 889.561]]
  battle_area_polygon_point__forBattleAreaId:t="1_area1"
  battle_area_polygon_point__id:t="point2"
  battle_area_polygon_point__nextId:t="point3"
}

entity{
  _template:t="battle_area_polygon_point"
  transform:m=[[1.0, 0.0, 0.0] [0.0, 1.0, 0.0] [0.0, 0.0, 1.0] [664.351, 4.18087, 881.635]]
  battle_area_polygon_point__forBattleAreaId:t="1_area1"
  battle_area_polygon_point__id:t="point3"
  battle_area_polygon_point__nextId:t="point4"
}

entity{
  _template:t="battle_area_polygon_point"
  transform:m=[[1.0, 0.0, 0.0] [0.0, 1.0, 0.0] [0.0, 0.0, 1.0] [613.911, 4.13283, 919.486]]
  battle_area_polygon_point__forBattleAreaId:t="1_area1"
  battle_area_polygon_point__id:t="point4"
  battle_area_polygon_point__nextId:t="point5"
}

entity{
  _template:t="battle_area_polygon_point"
  transform:m=[[1.0, 0.0, 0.0] [0.0, 1.0, 0.0] [0.0, 0.0, 1.0] [576.891, 2.48056, 866.743]]
  battle_area_polygon_point__forBattleAreaId:t="1_area1"
  battle_area_polygon_point__id:t="point5"
  battle_area_polygon_point__nextId:t="point6"
}

entity{
  _template:t="battle_area_polygon_point"
  transform:m=[[1.0, 0.0, 0.0] [0.0, 1.0, 0.0] [0.0, 0.0, 1.0] [635.347, 1.97595, 763.366]]
  battle_area_polygon_point__forBattleAreaId:t="1_area1"
  battle_area_polygon_point__id:t="point6"
  battle_area_polygon_point__nextId:t="point7"
}

entity{
  _template:t="battle_area_polygon_point"
  transform:m=[[1.0, 0.0, 0.0] [0.0, 1.0, 0.0] [0.0, 0.0, 1.0] [697.578, -0.647502, 651.701]]
  battle_area_polygon_point__forBattleAreaId:t="1_area1"
  battle_area_polygon_point__id:t="point7"
  battle_area_polygon_point__nextId:t="point8"
}

entity{
  _template:t="battle_area_polygon_point"
  transform:m=[[1.0, 0.0, 0.0] [0.0, 1.0, 0.0] [0.0, 0.0, 1.0] [962.299, -1.29579, 640.287]]
  battle_area_polygon_point__forBattleAreaId:t="1_area1"
  battle_area_polygon_point__id:t="point8"
  battle_area_polygon_point__nextId:t="point9"
}

entity{
  _template:t="battle_area_polygon_point"
  transform:m=[[1.0, 0.0, 0.0] [0.0, 1.0, 0.0] [0.0, 0.0, 1.0] [973.243, -0.836853, 725.549]]
  battle_area_polygon_point__forBattleAreaId:t="1_area1"
  battle_area_polygon_point__id:t="point9"
  battle_area_polygon_point__nextId:t="point1"
}

entity{
  _template:t="poly_battle_area"
  transform:m=[[1.0, 0.0, 0.0] [0.0, 1.0, 0.0] [0.0, 0.0, 1.0] [833.915, 1.63896, 756.572]]
  active:b=no
  battleAreaId:t="1_area2"
  battle_area__team:i=2
  groupName:t="sector_1"
  battle_area__timeToDamage:r=5.0
  battle_area__damage:r=3.0
}

entity{
  _template:t="battle_area_polygon_point"
  transform:m=[[1.0, 0.0, 0.0] [0.0, 1.0, 0.0] [0.0, 0.0, 1.0] [979.421, -0.618856, 723.171]]
  battle_area_polygon_point__forBattleAreaId:t="1_area2"
  battle_area_polygon_point__id:t="point1"
  battle_area_polygon_point__nextId:t="point2"
}

entity{
  _template:t="battle_area_polygon_point"
  transform:m=[[1.0, 0.0, 0.0] [0.0, 1.0, 0.0] [0.0, 0.0, 1.0] [721.384, -1.02445, 733.268]]
  battle_area_polygon_point__forBattleAreaId:t="1_area2"
  battle_area_polygon_point__id:t="point2"
  battle_area_polygon_point__nextId:t="point3"
}

entity{
  _template:t="battle_area_polygon_point"
  transform:m=[[1.0, 0.0, 0.0] [0.0, 1.0, 0.0] [0.0, 0.0, 1.0] [613.055, 5.34522, 574.21]]
  battle_area_polygon_point__forBattleAreaId:t="1_area2"
  battle_area_polygon_point__id:t="point3"
  battle_area_polygon_point__nextId:t="point4"
}

entity{
  _template:t="battle_area_polygon_point"
  transform:m=[[1.0, 0.0, 0.0] [0.0, 1.0, 0.0] [0.0, 0.0, 1.0] [635.179, 6.24834, 496.855]]
  battle_area_polygon_point__forBattleAreaId:t="1_area2"
  battle_area_polygon_point__id:t="point4"
  battle_area_polygon_point__nextId:t="point5"
}

entity{
  _template:t="battle_area_polygon_point"
  transform:m=[[1.0, 0.0, 0.0] [0.0, 1.0, 0.0] [0.0, 0.0, 1.0] [944.884, 8.56462, 479.639]]
  battle_area_polygon_point__forBattleAreaId:t="1_area2"
  battle_area_polygon_point__id:t="point5"
  battle_area_polygon_point__nextId:t="point1"
}

entity{
  _template:t="poly_battle_area"
  transform:m=[[1.0, 0.0, 0.0] [0.0, 1.0, 0.0] [0.0, 0.0, 1.0] [832.59, 2.76687, 598.187]]
  active:b=no
  battleAreaId:t="2_area1"
  battle_area__team:i=1
  groupName:t="sector_2"
  battle_area__timeToDamage:r=5.0
  battle_area__damage:r=3.0
}

entity{
  _template:t="battle_area_polygon_point"
  transform:m=[[1.0, 0.0, 0.0] [0.0, 1.0, 0.0] [0.0, 0.0, 1.0] [593.638, 5.73052, 561.523]]
  battle_area_polygon_point__forBattleAreaId:t="2_area1"
  battle_area_polygon_point__id:t="point1"
  battle_area_polygon_point__nextId:t="point2"
}

entity{
  _template:t="battle_area_polygon_point"
  transform:m=[[1.0, 0.0, 0.0] [0.0, 1.0, 0.0] [0.0, 0.0, 1.0] [839.333, 3.02447, 546.005]]
  battle_area_polygon_point__forBattleAreaId:t="2_area1"
  battle_area_polygon_point__id:t="point2"
  battle_area_polygon_point__nextId:t="point3"
}

entity{
  _template:t="battle_area_polygon_point"
  transform:m=[[0.99905, 0.0, -0.0435872] [0.0, 1.0, 0.0] [0.0435872, 0.0, 0.99905] [938.064, 2.79303, 603.081]]
  battle_area_polygon_point__forBattleAreaId:t="2_area1"
  battle_area_polygon_point__id:t="point3"
  battle_area_polygon_point__nextId:t="point4"
}

entity{
  _template:t="battle_area_polygon_point"
  transform:m=[[0.99905, 0.0, -0.0435872] [0.0, 1.0, 0.0] [0.0435872, 0.0, 0.99905] [961.314, 3.78683, 783.133]]
  battle_area_polygon_point__forBattleAreaId:t="2_area1"
  battle_area_polygon_point__id:t="point4"
  battle_area_polygon_point__nextId:t="point5"
}

entity{
  _template:t="battle_area_polygon_point"
  transform:m=[[1.0, 0.0, 0.0] [0.0, 1.0, 0.0] [0.0, 0.0, 1.0] [843.412, 7.64651, 863.546]]
  battle_area_polygon_point__forBattleAreaId:t="2_area1"
  battle_area_polygon_point__id:t="point5"
  battle_area_polygon_point__nextId:t="point6"
}

entity{
  _template:t="battle_area_polygon_point"
  transform:m=[[1.0, 0.0, 0.0] [0.0, 1.0, 0.0] [0.0, 0.0, 1.0] [598.499, 5.20457, 867.647]]
  battle_area_polygon_point__forBattleAreaId:t="2_area1"
  battle_area_polygon_point__id:t="point6"
  battle_area_polygon_point__nextId:t="point1"
}

entity{
  _template:t="poly_battle_area"
  transform:m=[[1.0, 0.0, 0.0] [0.0, 1.0, 0.0] [0.0, 0.0, 1.0] [786.502, 3.62457, 570.132]]
  active:b=no
  battleAreaId:t="2_area2"
  battle_area__team:i=2
  groupName:t="sector_2"
  battle_area__timeToDamage:r=5.0
  battle_area__damage:r=3.0
}

entity{
  _template:t="battle_area_polygon_point"
  transform:m=[[1.0, 0.0, 0.0] [0.0, 1.0, 0.0] [0.0, 0.0, 1.0] [895.186, 9.89305, 347.739]]
  battle_area_polygon_point__forBattleAreaId:t="2_area2"
  battle_area_polygon_point__id:t="point1"
  battle_area_polygon_point__nextId:t="point2"
}

entity{
  _template:t="battle_area_polygon_point"
  transform:m=[[1.0, 0.0, 0.0] [0.0, 1.0, 0.0] [0.0, 0.0, 1.0] [928.314, 2.76581, 613.751]]
  battle_area_polygon_point__forBattleAreaId:t="2_area2"
  battle_area_polygon_point__id:t="point2"
  battle_area_polygon_point__nextId:t="point3"
}

entity{
  _template:t="battle_area_polygon_point"
  transform:m=[[1.0, 0.0, 0.0] [0.0, 1.0, 0.0] [0.0, 0.0, 1.0] [755.874, 2.47045, 608.854]]
  battle_area_polygon_point__forBattleAreaId:t="2_area2"
  battle_area_polygon_point__id:t="point3"
  battle_area_polygon_point__nextId:t="point4"
}

entity{
  _template:t="battle_area_polygon_point"
  transform:m=[[1.0, 0.0, 0.0] [0.0, 1.0, 0.0] [0.0, 0.0, 1.0] [561.058, 3.29997, 580.485]]
  battle_area_polygon_point__forBattleAreaId:t="2_area2"
  battle_area_polygon_point__id:t="point4"
  battle_area_polygon_point__nextId:t="point5"
}

entity{
  _template:t="battle_area_polygon_point"
  transform:m=[[1.0, 0.0, 0.0] [0.0, 1.0, 0.0] [0.0, 0.0, 1.0] [765.724, 7.71309, 341.425]]
  battle_area_polygon_point__forBattleAreaId:t="2_area2"
  battle_area_polygon_point__id:t="point5"
  battle_area_polygon_point__nextId:t="point1"
}

entity{
  _template:t="poly_battle_area"
  transform:m=[[1.0, 0.0, 0.0] [0.0, 1.0, 0.0] [0.0, 0.0, 1.0] [756.598, 4.43832, 552.383]]
  active:b=no
  battleAreaId:t="3a_area1"
  battle_area__team:i=1
  groupName:t="sector_3_a"
  battle_area__timeToDamage:r=5.0
  battle_area__damage:r=3.0
}

entity{
  _template:t="battle_area_polygon_point"
  transform:m=[[1.0, 0.0, 0.0] [0.0, 1.0, 0.0] [0.0, 0.0, 1.0] [928.86, -1.05793, 716.675]]
  battle_area_polygon_point__forBattleAreaId:t="3a_area1"
  battle_area_polygon_point__id:t="point1"
  battle_area_polygon_point__nextId:t="point2"
}

entity{
  _template:t="battle_area_polygon_point"
  transform:m=[[1.0, 0.0, 0.0] [0.0, 1.0, 0.0] [0.0, 0.0, 1.0] [683.33, -0.628143, 725.687]]
  battle_area_polygon_point__forBattleAreaId:t="3a_area1"
  battle_area_polygon_point__id:t="point2"
  battle_area_polygon_point__nextId:t="point3"
}

entity{
  _template:t="battle_area_polygon_point"
  transform:m=[[1.0, 0.0, 0.0] [0.0, 1.0, 0.0] [0.0, 0.0, 1.0] [656.46, 4.31467, 582.807]]
  battle_area_polygon_point__forBattleAreaId:t="3a_area1"
  battle_area_polygon_point__id:t="point3"
  battle_area_polygon_point__nextId:t="point4"
}

entity{
  _template:t="battle_area_polygon_point"
  transform:m=[[1.0, 0.0, 0.0] [0.0, 1.0, 0.0] [0.0, 0.0, 1.0] [670.182, 4.68101, 452.059]]
  battle_area_polygon_point__forBattleAreaId:t="3a_area1"
  battle_area_polygon_point__id:t="point4"
  battle_area_polygon_point__nextId:t="point5"
}

entity{
  _template:t="battle_area_polygon_point"
  transform:m=[[1.0, 0.0, 0.0] [0.0, 1.0, 0.0] [0.0, 0.0, 1.0] [785.781, 7.38811, 431.351]]
  battle_area_polygon_point__forBattleAreaId:t="3a_area1"
  battle_area_polygon_point__id:t="point5"
  battle_area_polygon_point__nextId:t="point6"
}

entity{
  _template:t="battle_area_polygon_point"
  transform:m=[[1.0, 0.0, 0.0] [0.0, 1.0, 0.0] [0.0, 0.0, 1.0] [858.57, 6.23677, 453.708]]
  battle_area_polygon_point__forBattleAreaId:t="3a_area1"
  battle_area_polygon_point__id:t="point6"
  battle_area_polygon_point__nextId:t="point7"
}

entity{
  _template:t="battle_area_polygon_point"
  transform:m=[[1.0, 0.0, 0.0] [0.0, 1.0, 0.0] [0.0, 0.0, 1.0] [906.047, 7.09041, 541.154]]
  battle_area_polygon_point__forBattleAreaId:t="3a_area1"
  battle_area_polygon_point__id:t="point7"
  battle_area_polygon_point__nextId:t="point1"
}

entity{
  _template:t="poly_battle_area"
  transform:m=[[1.0, 0.0, 0.0] [0.0, 1.0, 0.0] [0.0, 0.0, 1.0] [771.672, 6.67062, 464.507]]
  active:b=no
  battleAreaId:t="3a_area2"
  battle_area__team:i=2
  groupName:t="sector_3_a"
  battle_area__timeToDamage:r=5.0
  battle_area__damage:r=3.0
}

entity{
  _template:t="battle_area_polygon_point"
  transform:m=[[1.0, 0.0, 0.0] [0.0, 1.0, 0.0] [0.0, 0.0, 1.0] [661.942, 5.44995, 517.506]]
  battle_area_polygon_point__forBattleAreaId:t="3a_area2"
  battle_area_polygon_point__id:t="point1"
  battle_area_polygon_point__nextId:t="point2"
}

entity{
  _template:t="battle_area_polygon_point"
  transform:m=[[1.0, 0.0, 0.0] [0.0, 1.0, 0.0] [0.0, 0.0, 1.0] [622.494, 5.66998, 212.64]]
