import{
  scene:t="content/enlisted/gamedata/scenes/_berlin_city_battle_sounds.blk"
}

entity{
  _template:t="shaderVars"

  "shader_vars__vars:object"{
    hmap_displacement_up:r=0.3
    ocean1:c=142, 137, 71, 0
    ocean0:c=76, 63, 5, 0
    ocean_density:r=0.1
    puddle_hardness:r=12.0
    puddle_flat_noise_normal_effect:r=0.015
    puddle_flat_normal_hardness:r=25.0
    layered_fog_density:r=0.005
    land_selfillum_worldscale:r=1.0
    river1:c=64, 64, 29, 0
    river0:c=49, 47, 41, 0
    hmap_displacement_down:r=-0.15
    puddle_flat_hmap_reduce:r=-0.2
    leaves_ss_profile:p4=1.0, 1.0, 1.0, 0.0
    autodetect_land_selfillum_color:p4=0.176, 0.051, 0.0, 0.094
    paint_details_tex:t="berlin_wall_color_tex_palette*"
    layered_fog_height:r=20.0
    puddle_increase:r=0.0
    land_selfillum_strength:r=50.0
    water_color_noise_size:r=71.0
    puddle_flat_noise_height_reduce:r=0.09
    water_depth_hardness:r=0.41
    river_density:r=0.5
  }
}

entity{
  _template:t="postfx_roundctrl"

  "post_fx:object"{
  }
}

entity{
  _template:t="postfx_color_grading_tonemap_death_alive_enlisted"
}

entity{
  _template:t="wind"
  wind__strength:r=1.3
  wind__dir:r=190.0
}

entity{
  _template:t="minimap_berlin_opera"
}

entity{
  _template:t="door_mult_ent_generator"
  ri_extra_gen__blk:t="content/e_berlin/gamedata/berlin_doors.blk"
}

entity{
  _template:t="session_finalizer"
  session_finalizer__timer:r=10.0
}

entity{
  _template:t="ri_gpu_object"
  ri_gpu_object__name:t="decal_broken_glass_a"
  ri_gpu_object__biom_indexes:p4=33.0, -1.0, -1.0, -1.0
  ri_gpu_object__grid_size:i=8
  ri_gpu_object__grid_tiling:i=1
  ri_gpu_object__cell_size:r=8.0
  ri_gpu_object__incline_delta:r=0.0
  ri_gpu_object__scale_range:p2=1.0, 1.75
  ri_gpu_object__rotate_range:p2=180.0, 360.0
  ri_gpu_object__seed:i=3
  ri_gpu_object__is_using_normal:b=no
  ri_gpu_object__up_vector:p3=0.0, 1.0, 0.0
  ri_gpu_object__decal:b=yes
  ri_gpu_object__transparent:b=yes
}

entity{
  _template:t="ri_gpu_object"
  ri_gpu_object__name:t="decal_broken_glass_a"
  ri_gpu_object__biom_indexes:p4=51.0, -1.0, -1.0, -1.0
  ri_gpu_object__grid_size:i=8
  ri_gpu_object__grid_tiling:i=1
  ri_gpu_object__cell_size:r=16.0
  ri_gpu_object__incline_delta:r=0.0
  ri_gpu_object__scale_range:p2=1.0, 1.25
  ri_gpu_object__rotate_range:p2=180.0, 360.0
  ri_gpu_object__seed:i=3
  ri_gpu_object__is_using_normal:b=no
  ri_gpu_object__up_vector:p3=0.0, 1.0, 0.0
  ri_gpu_object__decal:b=yes
  ri_gpu_object__transparent:b=yes

  "ri_gpu_object__multiple_objects:array"{

    "ri_gpu_object__multiple_objects:object"{
      name:t="decal_broken_glass_a"
      weight:r=0.3
    }

    "ri_gpu_object__multiple_objects:object"{
      name:t="decal_paper_trash_b"
      weight:r=1.0
    }
  }
}

entity{
  _template:t="ri_gpu_object"
  ri_gpu_object__name:t="debris_bricks_a"
  ri_gpu_object__biom_indexes:p4=33.0, 51.0, 50.0, -1.0
  ri_gpu_object__grid_size:i=8
  ri_gpu_object__grid_tiling:i=5
  ri_gpu_object__cell_size:r=16.0
  ri_gpu_object__incline_delta:r=10.0
  ri_gpu_object__scale_range:p2=0.9, 1.05
  ri_gpu_object__rotate_range:p2=0.0, 960.0
  ri_gpu_object__seed:i=812
  ri_gpu_object__is_using_normal:b=yes

  "ri_gpu_object__multiple_objects:array"{

    "ri_gpu_object__multiple_objects:object"{
      name:t="debris_bricks_a"
      weight:r=1.0
    }

    "ri_gpu_object__multiple_objects:object"{
      name:t="debris_bricks_b"
      weight:r=1.0
    }

    "ri_gpu_object__multiple_objects:object"{
      name:t="debris_bricks_c"
      weight:r=0.5
    }

    "ri_gpu_object__multiple_objects:object"{
      name:t="debris_bricks_d"
      weight:r=1.0
    }

    "ri_gpu_object__multiple_objects:object"{
      name:t="debris_trash_concrete_small_part_c3"
      weight:r=1.0
    }

    "ri_gpu_object__multiple_objects:object"{
      name:t="debris_trash_concrete_small_part_c2"
      weight:r=1.0
    }

    "ri_gpu_object__multiple_objects:object"{
      name:t="debris_trash_concrete_small_part_b3"
      weight:r=0.5
    }

    "ri_gpu_object__multiple_objects:object"{
      name:t="debris_trash_concrete_small_part_b1"
      weight:r=0.5
    }
  }
}

entity{
  _template:t="ri_gpu_object"
  ri_gpu_object__name:t="debris_bricks_a"
  ri_gpu_object__biom_indexes:p4=33.0, 50.0, -1.0, -1.0
  ri_gpu_object__grid_size:i=8
  ri_gpu_object__grid_tiling:i=5
  ri_gpu_object__cell_size:r=16.0
  ri_gpu_object__incline_delta:r=0.0
  ri_gpu_object__scale_range:p2=0.9, 1.05
  ri_gpu_object__rotate_range:p2=0.0, 960.0
  ri_gpu_object__seed:i=112
  ri_gpu_object__is_using_normal:b=yes

  "ri_gpu_object__multiple_objects:array"{

    "ri_gpu_object__multiple_objects:object"{
      name:t="debris_wooden_plank_a"
      weight:r=1.0
    }

    "ri_gpu_object__multiple_objects:object"{
      name:t="debris_wooden_plank_c"
      weight:r=0.5
    }

    "ri_gpu_object__multiple_objects:object"{
      name:t="wooden_beam_g"
      weight:r=1.0
    }

    "ri_gpu_object__multiple_objects:object"{
      name:t="wooden_beam_k"
      weight:r=0.5
    }

    "ri_gpu_object__multiple_objects:object"{
      name:t="wooden_beam_l"
      weight:r=0.5
    }

    "ri_gpu_object__multiple_objects:object"{
      name:t="debris_trash_pile_small_a"
      weight:r=1.0
    }

    "ri_gpu_object__multiple_objects:object"{
      name:t="debris_trash_pile_small_g"
      weight:r=0.5
    }

    "ri_gpu_object__multiple_objects:object"{
      name:t="debris_trash_pile_small_j"
      weight:r=0.5
    }

    "ri_gpu_object__multiple_objects:object"{
      name:t="debris_trash_pile_small_f"
      weight:r=0.5
    }
  }
}

entity{
  _template:t="ri_gpu_object"
  ri_gpu_object__name:t="tree_burnt_branches_small_a"
  ri_gpu_object__biom_indexes:p4=56.0, 12.0, -1.0, -1.0
  ri_gpu_object__grid_size:i=8
  ri_gpu_object__grid_tiling:i=1
  ri_gpu_object__cell_size:r=16.0
  ri_gpu_object__incline_delta:r=0.0
  ri_gpu_object__scale_range:p2=0.9, 1.5
  ri_gpu_object__rotate_range:p2=0.0, 960.0
  ri_gpu_object__seed:i=112
  ri_gpu_object__is_using_normal:b=yes

  "ri_gpu_object__multiple_objects:array"{

    "ri_gpu_object__multiple_objects:object"{
      name:t="tree_burnt_branches_small_a"
      weight:r=0.5
    }

    "ri_gpu_object__multiple_objects:object"{
      name:t="tree_burnt_branches_small_b"
      weight:r=1.0
    }

    "ri_gpu_object__multiple_objects:object"{
      name:t="tree_burnt_branches_small_c"
      weight:r=1.0
    }

    "ri_gpu_object__multiple_objects:object"{
      name:t="tree_burnt_branches_small_d"
      weight:r=1.0
    }
  }
}

entity{
  _template:t="ground_effect"
  ground_effect__fx_name:t="chimney_exhaust"
  ground_effect__biome_group_name:t="burnt_field"
  ground_effect__rot_z:p2=75.0, 10.0
  ground_effect__offset_x:p2=0.0, 5.0
  ground_effect__offset_y:p2=-0.2, 0.2
  ground_effect__offset_z:p2=0.0, 5.0
  ground_effect__grid_cell_size:r=8.0
  ground_effect__grid_world_origin:p2=0.0, 0.0
  ground_effect__vis_radius:r=50.0
  ground_effect__random_offset_scale:r=0.0
  ground_effect__biome_weight_for_active_thr:r=0.25
  ground_effect__fx_radius:r=-1.0
}

entity{
  _template:t="ground_effect"
  ground_effect__fx_name:t="ground_sparkles_10m"
  ground_effect__biome_group_name:t="burnt_field"
  ground_effect__rot_z:p2=75.0, 10.0
  ground_effect__offset_x:p2=0.0, 5.0
  ground_effect__offset_y:p2=-0.2, 0.2
  ground_effect__offset_z:p2=0.0, 5.0
  ground_effect__grid_cell_size:r=16.0
  ground_effect__grid_world_origin:p2=0.0, 0.0
  ground_effect__vis_radius:r=25.0
  ground_effect__random_offset_scale:r=0.0
  ground_effect__biome_weight_for_active_thr:r=0.25
  ground_effect__fx_radius:r=-1.0
}

entity{
  _template:t="ground_effect"
  ground_effect__fx_name:t="ground_ashes_10m"
  ground_effect__biome_group_name:t="burnt_field"
  ground_effect__rot_z:p2=75.0, 10.0
  ground_effect__offset_x:p2=0.0, 5.0
  ground_effect__offset_y:p2=-0.2, 0.2
  ground_effect__offset_z:p2=0.0, 5.0
  ground_effect__grid_cell_size:r=16.0
  ground_effect__grid_world_origin:p2=0.0, 0.0
  ground_effect__vis_radius:r=25.0
  ground_effect__random_offset_scale:r=0.0
  ground_effect__biome_weight_for_active_thr:r=0.25
  ground_effect__fx_radius:r=-1.0
}

entity{
  _template:t="ground_effect"
  ground_effect__fx_name:t="ground_papers_10m"
  ground_effect__biome_group_name:t="asphalt"
  ground_effect__grid_cell_size:r=16.0
  ground_effect__grid_world_origin:p2=0.0, 0.0
  ground_effect__vis_radius:r=50.0
  ground_effect__random_offset_scale:r=0.0
  ground_effect__biome_weight_for_active_thr:r=0.25
  ground_effect__fx_radius:r=-1.0
}

entity{
  _template:t="effect_area_box"
  effect_area__frequency:r=0.5
  effect_area__pauseChance:r=0.4
  effect_area__pauseLengthMax:r=2.0
  effect_area__effectName:t="background_flash_8s_fx"
  effect_area__isPaused:b=no
  transform:m=[[1.0, 0.0, 0.0] [0.0, 1.0, 0.0] [0.0, 0.0, 1.0] [-941.109, 3.255, -280.225]]
  box_zone__scale:p3=600.0, 400.0, 600.0
}

entity{
  _template:t="bonfire_effect_background_flash_8s_fx"
  transform:m=[[1.0, 0.0, 0.0] [0.0, 1.0, 0.0] [0.0, 0.0, 1.0] [907.905, 4.67061, -823.634]]
}

entity{
  _template:t="bonfire_effect_background_flash_11s_fx"
  transform:m=[[1.0, 0.0, 0.0] [0.0, 1.0, 0.0] [0.0, 0.0, 1.0] [539.044, 4.67061, -1057.43]]
}

entity{
  _template:t="bonfire_effect_background_flash_11s_fx"
  transform:m=[[1.0, 0.0, 0.0] [0.0, 1.0, 0.0] [0.0, 0.0, 1.0] [71.9746, 4.67061, -998.369]]
}

entity{
  _template:t="bonfire_effect_background_flash_8s_fx"
  transform:m=[[1.0, 0.0, 0.0] [0.0, 1.0, 0.0] [0.0, 0.0, 1.0] [-315.671, 4.67061, -832.595]]
}

entity{
  _template:t="bonfire_effect_background_flash_11s_fx"
  transform:m=[[1.0, 0.0, 0.0] [0.0, 1.0, 0.0] [0.0, 0.0, 1.0] [930.453, 4.67061, -62.9545]]
}

entity{
  _template:t="bonfire_effect_background_flash_8s_fx"
  transform:m=[[1.0, 0.0, 0.0] [0.0, 1.0, 0.0] [0.0, 0.0, 1.0] [444.537, 4.67061, 418.554]]
}

entity{
  _template:t="bonfire_effect_background_flash_11s_fx"
  transform:m=[[1.0, 0.0, 0.0] [0.0, 1.0, 0.0] [0.0, 0.0, 1.0] [1026.4, 4.67061, 62.4067]]
}

entity{
  _template:t="bonfire_effect_background_flash_8s_fx"
  transform:m=[[1.0, 0.0, 0.0] [0.0, 1.0, 0.0] [0.0, 0.0, 1.0] [245.047, 4.67061, 565.389]]
}

entity{
  _template:t="bonfire_effect_background_flash_8s_fx"
  transform:m=[[1.0, 0.0, 0.0] [0.0, 1.0, 0.0] [0.0, 0.0, 1.0] [-310.852, 4.67061, 406.778]]
}

entity{
  _template:t="bonfire_effect_volcano_smoke"
  transform:m=[[0.651268, 0.0, 0.238336] [0.0, 0.693508, 0.0] [-0.238336, 0.0, 0.651268] [-1422.33, 3.31363, -2008.51]]
}

entity{
  _template:t="bonfire_effect_volcano_smoke"
  transform:m=[[1.04756, 0.0, 0.102767] [0.0, 1.05258, 0.0] [-0.102767, 0.0, 1.04756] [-2594.46, 3.31412, -2883.46]]
}

entity{
  _template:t="bonfire_effect_volcano_smoke"
  transform:m=[[0.459994, 0.0, 1.03735] [0.0, 1.13476, 0.0] [-1.03735, 0.0, 0.459994] [748.515, 3.41519, -1897.58]]
}

entity{
  _template:t="bonfire_effect_volcano_smoke"
  transform:m=[[1.05317, 0.0, 0.808127] [0.0, 1.32749, 0.0] [-0.808127, 0.0, 1.05317] [1275.77, 3.51234, -1447.33]]
}

entity{
  _template:t="bonfire_effect_volcano_smoke"
  transform:m=[[0.329894, 0.0, 0.924001] [0.0, 0.981123, 0.0] [-0.924001, 0.0, 0.329894] [2304.96, -4.98208, 1116.67]]
}

entity{
  _template:t="bonfire_effect_volcano_smoke"
  transform:m=[[0.5016, 0.0, 0.453116] [0.0, 0.675959, 0.0] [-0.453116, 0.0, 0.5016] [-553.462, -3.11774, 1632.67]]
}

entity{
  _template:t="bonfire_effect_volcano_smoke"
  transform:m=[[0.589822, 0.0, 0.532811] [0.0, 0.794848, 0.0] [-0.532811, 0.0, 0.589822] [56.6985, 3.17503, 2317.45]]
}

entity{
  _template:t="bonfire_effect_volcano_smoke"
  transform:m=[[0.589822, 0.0, 0.532811] [0.0, 0.794848, 0.0] [-0.532811, 0.0, 0.589822] [-2117.65, 3.28224, 2203.81]]
}

entity{
  _template:t="projectors_manager"
  projectors_manager__atmosphereDensity:r=1.0
  projectors_manager__atmosphereMoveDir:p3=1.0, 0.0, 0.0
  projectors_manager__atmosphereMoveSpeed:r=0.0
  projectors_manager__noiseScale:r=30.0
  projectors_manager__noiseStrength:r=1.0
}

entity{
  _template:t="projector"
  projector__color:p3=0.12, 0.12, 0.12
  projector__angle:r=2.5
  projector__sourceWidth:r=1.0
  projector__xAngleAmplitude:r=17.0
  projector__period:r=16.0
  transform:m=[[0.993579, -0.112724, 0.00965892] [0.113137, 0.98995, -0.0848528] [3.08923e-06, 0.0854007, 0.996347] [608.5, 10.0, -1069.0]]
}

entity{
  _template:t="projector"
  projector__color:p3=0.12, 0.12, 0.12
  projector__angle:r=2.0
  projector__sourceWidth:r=1.0
  projector__zAngleAmplitude:r=27.0
  projector__period:r=24.0
  transform:m=[[0.947085, -0.319961, 0.0255969] [-0.320983, -0.944069, 0.0755255] [2.5088e-08, -0.0797452, -0.996815] [449.2, 10.0, 489.2]]
}

entity{
  _template:t="projector"
  projector__color:p3=0.12, 0.12, 0.12
  projector__angle:r=3.0
  projector__sourceWidth:r=1.0
  projector__zAngleAmplitude:r=24.0
  projector__period:r=14.0
  transform:m=[[0.986453, 0.163682, -0.0109121] [-0.164045, 0.984268, -0.0656179] [-3.76747e-08, 0.066519, 0.997785] [915.7, 10.0, -93.4]]
}

entity{
  _template:t="projector"
  projector__color:p3=0.12, 0.12, 0.12
  projector__angle:r=5.0
  projector__sourceWidth:r=1.0
  projector__zAngleAmplitude:r=18.0
  projector__period:r=20.0
  transform:m=[[0.990443, 0.13658, 0.0192066] [0.137924, -0.980793, -0.137924] [3.83442e-08, 0.139255, -0.990257] [452.5, 10.0, -868.0]]
}

entity{
  _template:t="projector"
  projector__color:p3=0.12, 0.12, 0.12
  projector__angle:r=6.0
  projector__sourceWidth:r=1.0
  projector__zAngleAmplitude:r=27.0
  projector__period:r=22.0
  transform:m=[[0.987471, 0.157601, 0.00788174] [-0.157798, 0.986239, 0.049312] [-1.64917e-06, -0.0499379, 0.998752] [696.0, 10.0, -992.0]]
}

entity{
  _template:t="projector"
  projector__color:p3=0.12, 0.12, 0.12
  projector__angle:r=7.0
  projector__sourceWidth:r=1.0
  projector__zAngleAmplitude:r=22.0
  projector__period:r=24.0
  transform:m=[[0.979645, -0.19962, -0.0211718] [-0.20074, -0.974181, -0.103322] [-2.91538e-08, 0.105469, -0.994423] [1536.9, 10.0, -900.9]]
}

entity{
  _template:t="projector"
  projector__color:p3=0.12, 0.12, 0.12
  projector__angle:r=6.0
  projector__sourceWidth:r=1.0
  projector__zAngleAmplitude:r=17.0
  projector__period:r=18.0
  transform:m=[[0.989228, -0.145985, -0.0108311] [0.146386, 0.986516, 0.0731931] [-4.23149e-08, -0.0739902, 0.997259] [1266.4, 10.0, -405.7]]
}

entity{
  _template:t="projector"
  projector__color:p3=0.12, 0.12, 0.12
  projector__angle:r=3.0
  projector__sourceWidth:r=1.0
  projector__zAngleAmplitude:r=26.0
  projector__period:r=14.0
  transform:m=[[0.989783, -0.141161, -0.0201034] [-0.142585, -0.979895, -0.139552] [7.71265e-08, 0.140993, -0.990011] [466.7, 10.0, -1565.0]]
}

entity{
  _template:t="projector"
  projector__color:p3=0.12, 0.12, 0.12
  projector__angle:r=5.0
  projector__sourceWidth:r=1.0
  projector__zAngleAmplitude:r=27.0
  projector__period:r=28.0
  transform:m=[[0.990793, -0.135226, 0.00660543] [0.135387, 0.989612, -0.0483524] [1.6793e-06, 0.0488015, 0.998809] [-115.1, 10.0, -1233.9]]
}

entity{
  _template:t="projector"
  projector__color:p3=0.12, 0.12, 0.12
  projector__angle:r=4.0
  projector__sourceWidth:r=1.0
  projector__zAngleAmplitude:r=16.0
  projector__period:r=24.0
  transform:m=[[0.983735, -0.178902, 0.0161012] [-0.179625, -0.979775, 0.0881798] [1.14989e-08, -0.0896377, -0.995974] [1035.2, 10.0, -349.8]]
}

entity{
  _template:t="projector"
  projector__color:p3=0.12, 0.12, 0.12
  projector__angle:r=2.0
  projector__sourceWidth:r=1.0
  projector__zAngleAmplitude:r=27.0
  projector__period:r=18.0
  transform:m=[[0.983821, 0.177945, -0.0207603] [-0.179152, 0.977194, -0.114006] [4.28705e-08, 0.115881, 0.993263] [724.3, 10.0, 1047.0]]
}

entity{
  _template:t="projector"
  projector__color:p3=0.12, 0.12, 0.12
  projector__angle:r=5.0
  projector__sourceWidth:r=1.0
  projector__zAngleAmplitude:r=18.0
  projector__period:r=14.0
  transform:m=[[0.990771, -0.134661, 0.0154529] [0.135545, 0.984311, -0.112954] [3.96059e-08, 0.114006, 0.99348] [10.4, 10.0, 741.8]]
}

entity{
  _template:t="projector"
  projector__color:p3=0.12, 0.12, 0.12
  projector__angle:r=4.0
  projector__sourceWidth:r=1.0
  projector__zAngleAmplitude:r=25.0
  projector__period:r=24.0
  transform:m=[[0.990532, -0.135297, 0.0232541] [-0.137281, -0.976218, 0.167787] [-7.00381e-09, -0.169391, -0.985549] [303.2, 10.0, 885.3]]
}

entity{
  _template:t="projector"
  projector__color:p3=0.12, 0.12, 0.12
  projector__angle:r=6.0
  projector__sourceWidth:r=1.0
  projector__zAngleAmplitude:r=27.0
  projector__period:r=20.0
  transform:m=[[0.991501, 0.129907, -0.00708068] [-0.1301, 0.990032, -0.0539441] [2.37398e-06, 0.0544068, 0.998519] [539.8, 10.0, 555.1]]
}

entity{
  _template:t="projector"
  projector__color:p3=0.12, 0.12, 0.12
  projector__angle:r=7.0
  projector__sourceWidth:r=1.0
  projector__zAngleAmplitude:r=22.0
  projector__period:r=16.0
  transform:m=[[0.978409, 0.205454, 0.0224715] [0.206679, -0.972608, -0.106379] [-3.17192e-08, 0.108727, -0.994072] [717.9, 10.0, 163.3]]
}

entity{
  _template:t="tracer_launcher"
  transform:m=[[1.0, 0.0, 0.0] [0.0, 1.0, 0.0] [0.0, 0.0, 1.0] [423.804, 2.97412, -977.571]]
  tracer_launcher__shoot_direction:p2=120.0, 50.0
  tracer_launcher__bullet_speed:r=500.0
  tracer_launcher__time_to_fire:r=1.1282
  tracer_launcher__long_cooldown_min_max:p2=0.5, 2.0
  tracer_launcher__long_cooldown_probability:r=0.2
  tracer_launcher__short_cooldown:r=0.1
}

entity{
  _template:t="tracer_launcher"
  transform:m=[[1.0, 0.0, 0.0] [0.0, 1.0, 0.0] [0.0, 0.0, 1.0] [424.635, 2.97412, 634.056]]
  tracer_launcher__bullet_speed:r=500.0
  tracer_launcher__time_to_fire:r=1.1282
  tracer_launcher__long_cooldown_min_max:p2=0.5, 2.0
  tracer_launcher__long_cooldown_probability:r=0.2
  tracer_launcher__short_cooldown:r=0.1
}

entity{
  _template:t="tracer_launcher"
  transform:m=[[1.0, 0.0, 0.0] [0.0, 1.0, 0.0] [0.0, 0.0, 1.0] [298.508, 2.97412, 881.639]]
  tracer_launcher__shoot_direction:p2=45.0, 0.0
  tracer_launcher__rotate_range:p2=30.0, 60.0
  tracer_launcher__bullet_speed:r=500.0
  tracer_launcher__time_to_fire:r=1.1282
  tracer_launcher__long_cooldown_min_max:p2=0.5, 2.0
  tracer_launcher__long_cooldown_probability:r=0.2
  tracer_launcher__short_cooldown:r=0.1
}

entity{
  _template:t="tracer_launcher"
  transform:m=[[1.0, 0.0, 0.0] [0.0, 1.0, 0.0] [0.0, 0.0, 1.0] [103.453, 2.97412, 1101.59]]
  tracer_launcher__shoot_direction:p2=180.0, 5.0
  tracer_launcher__rotate_range:p2=50.0, 120.0
  tracer_launcher__bullet_speed:r=500.0
  tracer_launcher__time_to_fire:r=1.1282
  tracer_launcher__long_cooldown_min_max:p2=0.5, 2.0
  tracer_launcher__long_cooldown_probability:r=0.2
  tracer_launcher__short_cooldown:r=0.1
}

entity{
  _template:t="tracer_launcher"
  transform:m=[[1.0, 0.0, 0.0] [0.0, 1.0, 0.0] [0.0, 0.0, 1.0] [1564.22, 2.97412, -112.722]]
  tracer_launcher__bullet_speed:r=500.0
  tracer_launcher__time_to_fire:r=1.1282
  tracer_launcher__long_cooldown_min_max:p2=0.5, 2.0
  tracer_launcher__long_cooldown_probability:r=0.2
  tracer_launcher__short_cooldown:r=0.1
}

entity{
  _template:t="tracer_launcher"
  transform:m=[[1.0, 0.0, 0.0] [0.0, 1.0, 0.0] [0.0, 0.0, 1.0] [1697.8, 2.97412, -317.409]]
  tracer_launcher__bullet_speed:r=500.0
  tracer_launcher__time_to_fire:r=1.1282
  tracer_launcher__long_cooldown_min_max:p2=0.5, 2.0
  tracer_launcher__long_cooldown_probability:r=0.2
  tracer_launcher__short_cooldown:r=0.1
}

entity{
  _template:t="tracer_launcher"
  transform:m=[[1.0, 0.0, 0.0] [0.0, 1.0, 0.0] [0.0, 0.0, 1.0] [570.875, 2.97412, -1024.4]]
  tracer_launcher__bullet_speed:r=500.0
  tracer_launcher__time_to_fire:r=1.1282
  tracer_launcher__long_cooldown_min_max:p2=0.5, 2.0
  tracer_launcher__long_cooldown_probability:r=0.2
  tracer_launcher__short_cooldown:r=0.1
  tracer_launcher__rotate_range:p2=10.0, 50.0
}

entity{
  _template:t="static_cam"
  camera__active:b=yes
  transform:m=[[0.959908, 0.0, -0.280316] [-0.00308663, 0.999939, -0.0105698] [0.280299, 0.0110112, 0.959848] [-440.555, 25.4492, 676.469]]
}

entity{
  _template:t="briefing_invasion"
  transform:m=[[1.0, 0.0, 0.0] [0.0, 1.0, 0.0] [0.0, 0.0, 1.0] [0.0, 0.0, 0.0]]
  mission_name:t="berlin_station_inv"

  "loading_images:list<t>"{
    item:t="ui/berlin_station_01.jpg"
    item:t="ui/berlin_station_02.jpg"
    item:t="ui/berlin_station_03.jpg"
  }
}

entity{
  _template:t="group_activator"
  activator__initialLength:i=5

  "activator__activateChoice:object"{
    sector_1:r=1.0
  }
}

entity{
  _template:t="team_ussr_berlin+team_narrator_invasion_defence+respawn_creators_team"
  team__countAdd:r=0.5
  team__memberCount:r=0.5
  team__scoreCap:r=5000.0
  team__capturePenalty:r=1001.0
  team__score:r=5000.0
  team__id:i=1
  team__briefing:t="invasion/defenders_goals"
  team__winSubtitle:t="debriefing/won_defence_subtitle"
  team__loseSubtitle:t="debriefing/lost_defence_subtitle"
  team__winTitle:t="debriefing/berlin/station/ussr_won_defence"
  team__spawnBotArmy:t="moscow_allies"
}

entity{
  _template:t="team_germany_berlin+team_narrator_invasion_attack+respawn_creators_team"
  team__memberCount:r=0.0
  team__scoreCap:r=2250.0
  team__score:r=2250.0
  team__squadSpawnCost:i=250
  team__firstSpawnCostMul:r=0.0
  team__zeroScoreFailTimer:r=60.0
  team__id:i=2
  team__haveScores:b=no
  team__briefing:t="invasion/attackers_goals"
  team__winSubtitle:t="debriefing/won_invasion_subtitle"
  team__loseSubtitle:t="debriefing/lost_invasion_subtitle"
  team__winTitle:t="debriefing/ger_won_invasion"
  team__spawnBotArmy:t="moscow_axis"
}

entity{
  _template:t="defend_zone_chained_sphere+defend_zone_respawnbase"
  transform:m=[[1.10296, -0.171434, -1.35808] [0.0941275, 1.4303, -0.104106] [2.28618, -0.0151712, 1.85862] [-515.089, -1.6686, 508.143]]
  capzone__capRewardPartCap:r=1.125
  capzone__onlyTeamCanCapture:i=2
  capzone__curTeamCapturingZone:i=-1
  groupName:t="sector_1"
  capzone__capTime:r=20.0
  capzone__capTeam:i=-1
  active:b=no
  capzone__decapTime:r=6000.0
  ui_order:i=0
  capzone__capReward:r=250.0
  capzone__icon:t="AAA"
  capzone__caption:t="capzone/train"
  capzone__deactivateAfterTimeout:r=25.0
  capzone__spawnAtZoneTimeout:r=25.0
  capzone__createRespawnBaseForTeam:i=1
  decal__height:r=2.0
  capzone__createRespawnBase:t="respawnBaseGroupActivator"
  capzone__createdRespawnBaseGroup:i=3
}

entity{
  _template:t="respawn_camera"
  respawnCameraForTeam:i=1
  transform:m=[[1.0, 0.0, 0.0] [0.0, 1.0, 0.0] [0.0, 0.0, 1.0] [-233.899, 300.221, 790.713]]
}

entity{
  _template:t="respawn_camera"
  respawnCameraForTeam:i=2
  transform:m=[[1.0, 0.0, 0.0] [0.0, 1.0, 0.0] [0.0, 0.0, 1.0] [-758.857, 301.248, 222.984]]
}

entity{
  _template:t="respawnChooser+respTeam1"
  transform:m=[[0.514483, 0.0, -0.857501] [0.0, 1.0, 0.0] [0.857501, 0.0, 0.514483] [-421.359, -1.03877, 602.333]]
  groupName:t="sector_1"
  active:b=no
}

entity{
  _template:t="respawnChooser+respTeam2"
  transform:m=[[0.760868, 0.0, 0.648907] [0.0, 1.0, 0.0] [-0.648907, 0.0, 0.760868] [-596.345, -0.696377, 413.09]]
  groupName:t="sector_1"
  active:b=no
}

entity{
  _template:t="berlin_level"
  level__blk:t="content/enlisted/levels/battle_of_berlin_opera.blk"
}

entity{
  _template:t="clouds_hole_target"
  transform:m=[[1.0, 0.0, 0.0] [0.0, 1.0, 0.0] [0.0, 0.0, 1.0] [0.0, 0.0, 0.0]]
}

entity{
  _template:t="water"
  water__strength:r=0.3
  water__level:r=-2.0
}

entity{
  _template:t="t_34_85_zis_53_a_destroyed"
  transform:m=[[0.646663, -0.0168154, -0.76259] [-0.00792233, 0.999555, -0.0287586] [0.762735, 0.0246386, 0.646242] [-416.195, 3.2365, 578.106]]
}

entity{
  _template:t="pzkpfw_v_ausf_g_panther_a_destroyed"
  transform:m=[[-0.500154, 0.0045069, 0.865925] [0.0215328, 0.999742, 0.00723386] [-0.865669, 0.0222638, -0.500122] [-381.609, 3.26633, 551.096]]
}

entity{
  _template:t="bonfire_effect"
  transform:m=[[1.0, 0.0, 0.0] [0.0, 1.0, 0.0] [0.0, 0.0, 1.0] [-416.162, 4.37421, 577.909]]
}

entity{
  _template:t="bonfire_effect"
  transform:m=[[0.99501, 0.0, 0.0997723] [0.0, 1.0, 0.0] [-0.0997723, 0.0, 0.99501] [-380.969, 4.78127, 549.457]]
}

entity{
  _template:t="pzkpfw_VI_ausf_B_tiger_destroyed"
  transform:m=[[-0.642686, -0.000486802, 0.766129] [-0.00133775, 0.999999, -0.000486802] [-0.766128, -0.00133775, -0.642686] [-251.165, 3.34743, 331.314]]
}

entity{
  _template:t="pzkpfw_v_ausf_g_panther_a_destroyed"
  transform:m=[[0.368481, -0.0181342, 0.929458] [0.00836505, 0.999834, 0.0161909] [-0.929598, 0.00180892, 0.368571] [-250.487, 3.45454, 300.005]]
}

entity{
  _template:t="is_2_1944_a_destroyed"
  transform:m=[[0.346737, 0.0347618, -0.937318] [-0.00952036, 0.999392, 0.0335421] [0.937914, -0.00270669, 0.346857] [-251.306, 3.42684, 438.155]]
}

entity{
  _template:t="t_34_85_zis_53_a_destroyed"
  transform:m=[[0.842008, 0.00647508, -0.539426] [-0.00535181, 0.999979, 0.00364957] [0.539438, -0.000186066, 0.842025] [-276.75, 3.28794, 325.555]]
}

entity{
  _template:t="pzkpfw_v_ausf_g_panther_a_destroyed"
  transform:m=[[-0.948637, -0.0274644, 0.315172] [-0.0164067, 0.999155, 0.0376847] [-0.315941, 0.0305781, -0.948286] [-175.275, 3.35871, 211.032]]
}

entity{
  _template:t="t_34_85_zis_53_a_destroyed"
  transform:m=[[0.926813, 0.0016696, -0.375519] [-0.00112496, 0.999998, 0.0016696] [0.375521, -0.00112496, 0.926813] [-31.4624, 3.30324, 186.516]]
}

entity{
  _template:t="bonfire_effect"
  transform:m=[[0.834361, 0.0, 0.551219] [0.0, 1.0, 0.0] [-0.551219, 0.0, 0.834361] [-43.5256, 4.87865, 162.194]]
}

entity{
  _template:t="bonfire_effect"
  transform:m=[[1.0, 0.0, 0.0] [0.0, 1.0, 0.0] [0.0, 0.0, 1.0] [-207.535, 4.46951, 223.106]]
}

entity{
  _template:t="bonfire_effect"
  transform:m=[[1.0, 0.0, 0.0] [0.0, 1.0, 0.0] [0.0, 0.0, 1.0] [-251.223, 4.92941, 331.217]]
}

entity{
  _template:t="pzkpfw_VI_ausf_B_tiger_destroyed"
  transform:m=[[-0.790491, 0.0162204, -0.612258] [0.00439169, 0.999774, 0.0208167] [0.612457, 0.0137666, -0.790384] [-82.4355, 3.43173, 199.405]]
}

entity{
  _template:t="t_34_85_zis_53_a_destroyed"
  transform:m=[[0.982368, -0.0194047, -0.185948] [0.0120711, 0.999107, -0.0404905] [0.186567, 0.037532, 0.981725] [-155.854, 3.59997, 228.312]]
}

entity{
  _template:t="is_2_1944_a_destroyed"
  transform:m=[[0.939142, -0.0135676, -0.343261] [0.014492, 0.999895, 0.000127999] [0.343223, -0.00509477, 0.93924] [-447.941, 3.32904, 594.17]]
}

entity{
  _template:t="pzkpfw_VI_ausf_B_tiger_destroyed"
  transform:m=[[-0.950218, 0.00015407, 0.311584] [-0.00015407, 1.0, -0.000964332] [-0.311584, -0.000964332, -0.950218] [-402.592, 3.07678, 564.365]]
}

entity{
  _template:t="pzkpfw_VI_ausf_B_tiger_destroyed"
  transform:m=[[-0.569998, 0.00742397, 0.821613] [0.0154023, 0.99988, 0.00165062] [-0.821502, 0.0135955, -0.570044] [-473.908, 3.31724, 595.806]]
}

entity{
  _template:t="pzkpfw_VI_ausf_B_tiger_destroyed"
  transform:m=[[0.15658, -0.0065088, 0.987644] [-0.0186751, 0.99978, 0.00954951] [-0.987489, -0.0199396, 0.156424] [-370.819, 3.28671, 408.128]]
}

entity{
  _template:t="pzkpfw_v_ausf_g_panther_a_destroyed"
  transform:m=[[-0.892403, -0.0236147, 0.450621] [-0.0268901, 0.999638, -0.000866775] [-0.450437, -0.0128907, -0.892715] [-325.345, 3.47583, 502.715]]
}

entity{
  _template:t="is_2_1944_a_destroyed"
  transform:m=[[0.550694, 0.0356518, -0.833946] [0.00187704, 0.999032, 0.0439488] [0.834705, -0.0257677, 0.550094] [-381.952, 3.21547, 489.008]]
}

entity{
  _template:t="bonfire_effect"
  transform:m=[[1.0, 0.0, 0.0] [0.0, 1.0, 0.0] [0.0, 0.0, 1.0] [-416.162, 4.37421, 577.909]]
}

entity{
  _template:t="bonfire_effect"
  transform:m=[[0.99501, 0.0, 0.0997723] [0.0, 1.0, 0.0] [-0.0997723, 0.0, 0.99501] [-380.969, 4.78127, 549.457]]
}

entity{
  _template:t="pzkpfw_VI_ausf_B_tiger_destroyed"
  transform:m=[[-0.882395, -0.030033, -0.46955] [-0.031569, 0.999491, -0.00460318] [0.469449, 0.0107614, -0.882894] [-320.989, 3.26207, 559.034]]
}

entity{
  _template:t="t_34_85_zis_53_a_destroyed"
  transform:m=[[0.655686, 0.0259166, -0.754589] [0.00960386, 0.999044, 0.0426575] [0.754973, -0.0352169, 0.65481] [-197.606, 3.45247, 313.461]]
}

entity{
  _template:t="is_2_1944_a_destroyed"
  transform:m=[[0.940655, 0.0028144, -0.339353] [-0.00663525, 0.999927, -0.0100995] [0.3393, 0.0117518, 0.940605] [-205.726, 3.38903, 222.603]]
}

entity{
  _template:t="pzkpfw_VI_ausf_B_tiger_destroyed"
  transform:m=[[-0.587222, 0.00660978, 0.809399] [0.0176242, 0.999834, 0.00462149] [-0.809234, 0.0169788, -0.587241] [-43.7577, 3.23861, 162.434]]
}

entity{
  _template:t="bonfire_effect"
  transform:m=[[0.834361, 0.0, 0.551219] [0.0, 1.0, 0.0] [-0.551219, 0.0, 0.834361] [-43.5256, 4.87865, 162.194]]
}

entity{
  _template:t="bonfire_effect"
  transform:m=[[1.0, 0.0, 0.0] [0.0, 1.0, 0.0] [0.0, 0.0, 1.0] [-207.535, 4.46951, 223.106]]
}

entity{
  _template:t="bonfire_effect"
  transform:m=[[1.0, 0.0, 0.0] [0.0, 1.0, 0.0] [0.0, 0.0, 1.0] [-251.223, 4.92941, 331.217]]
}

entity{
  _template:t="pzkpfw_VI_ausf_B_tiger_destroyed"
  transform:m=[[-0.741009, 9.22828e-06, -0.671495] [0.0137027, 0.999792, -0.0151074] [0.671355, -0.020396, -0.740855] [-194.369, 3.26045, 273.833]]
}

entity{
  _template:t="pzkpfw_VI_ausf_B_tiger_destroyed"
  transform:m=[[0.421316, -0.0398919, 0.906036] [0.0080261, 0.999157, 0.0402598] [-0.906878, -0.00969015, 0.421281] [-220.875, 3.46845, 308.076]]
}

entity{
  _template:t="is_2_1944_a_destroyed"
  transform:m=[[0.979095, -0.0438866, 0.198613] [0.0406123, 0.998964, 0.0205315] [-0.199308, -0.0120362, 0.979863] [-69.6752, 3.68494, 170.282]]
}

entity{
  _template:t="pzkpfw_VI_ausf_B_tiger_destroyed"
  transform:m=[[-0.398871, -0.0269681, -0.91661] [-0.0217106, 0.999565, -0.0199612] [0.91675, 0.0119382, -0.399283] [-17.4762, 3.67497, 276.167]]
}

entity{
  _template:t="t_34_85_zis_53_a_destroyed"
  transform:m=[[0.85731, -0.0561327, 0.511732] [0.092061, 0.994731, -0.0451171] [-0.506503, 0.0857899, 0.85796] [-137.474, 3.95672, 97.252]]
}

entity{
  _template:t="t_34_85_zis_53_a_destroyed"
  transform:m=[[0.812367, 0.0174277, 0.582886] [-0.0190446, 0.999813, -0.00335092] [-0.582835, -0.00837864, 0.812547] [-8.47082, 3.40737, 359.684]]
}

entity{
  _template:t="bonfire_effect"
  transform:m=[[1.0, 0.0, 0.0] [0.0, 1.0, 0.0] [0.0, 0.0, 1.0] [-138.593, 4.84125, 96.4994]]
}

entity{
  _template:t="bonfire_effect"
  transform:m=[[1.0, 0.0, 0.0] [0.0, 1.0, 0.0] [0.0, 0.0, 1.0] [-138.593, 4.84125, 96.4994]]
}

entity{
  _template:t="pzkpfw_VI_ausf_B_tiger_destroyed"
  transform:m=[[0.011581, 0.0246476, 0.999629] [-0.00879344, 0.99966, -0.0245465] [-0.999894, -0.00850591, 0.0117938] [-177.109, 3.44049, 184.475]]
}

entity{
  _template:t="bonfire_effect"
  transform:m=[[-0.998427, 0.0, 0.0560661] [0.0, 1.0, 0.0] [-0.0560661, 0.0, -0.998427] [-177.274, 4.95589, 184.279]]
}

entity{
  _template:t="bonfire_effect"
  transform:m=[[-0.998427, 0.0, 0.0560661] [0.0, 1.0, 0.0] [-0.0560661, 0.0, -0.998427] [-177.274, 4.95589, 184.279]]
}

entity{
  _template:t="pzkpfw_VI_ausf_B_tiger_destroyed"
  transform:m=[[-0.992797, -0.0228791, 0.117604] [-0.0147138, 0.99745, 0.0698356] [-0.118902, 0.0676022, -0.990602] [10.908, 3.60867, 391.363]]
}

entity{
  _template:t="pzkpfw_v_ausf_g_panther_a_destroyed"
  transform:m=[[-0.683109, 0.0102788, 0.730244] [0.00897169, 0.999944, -0.00568241] [-0.730261, 0.00266982, -0.683163] [11.3756, 3.41552, 333.011]]
}

entity{
  _template:t="pzkpfw_VI_ausf_B_tiger_destroyed"
  transform:m=[[0.267012, -0.0063693, 0.963672] [0.00394975, 0.999977, 0.00551487] [-0.963685, 0.00233373, 0.267031] [-35.2846, 3.40318, 321.997]]
}

entity{
  _template:t="bonfire_effect"
  transform:m=[[0.990348, 0.0, -0.138601] [0.0, 1.0, 0.0] [0.138601, 0.0, 0.990348] [10.9775, 4.93584, 391.535]]
}

entity{
  _template:t="bonfire_effect"
  transform:m=[[1.0, 0.0, 0.0] [0.0, 1.0, 0.0] [0.0, 0.0, 1.0] [-7.96555, 4.36799, 359.745]]
}

entity{
  _template:t="bonfire_effect"
  transform:m=[[1.0, 0.0, 0.0] [0.0, 1.0, 0.0] [0.0, 0.0, 1.0] [-35.3975, 5.14477, 321.636]]
}

entity{
  _template:t="pzkpfw_VI_ausf_B_tiger_destroyed"
  transform:m=[[-0.0884756, 0.00326285, 0.996073] [-0.00409797, 0.999985, -0.00363966] [-0.99607, -0.0044039, -0.0884609] [-251.341, 3.27654, 144.234]]
}

entity{
  _template:t="pzkpfw_v_ausf_g_panther_a_destroyed"
  transform:m=[[-0.292834, -0.0110419, -0.9561] [0.0161298, 0.999734, -0.0164861] [0.956027, -0.0202494, -0.292578] [-250.361, 3.30633, 205.91]]
}

entity{
  _template:t="is_2_1944_a_destroyed"
  transform:m=[[0.656935, 0.0, -0.753947] [0.0, 1.0, 0.0] [0.753947, 0.0, 0.656935] [-248.365, 3.2478, 109.371]]
}

entity{
  _template:t="pzkpfw_v_ausf_g_panther_a_destroyed"
  transform:m=[[-0.657861, 0.000657487, 0.753139] [0.00747919, 0.999956, 0.00566006] [-0.753102, 0.0093564, -0.657837] [-192.477, 3.26949, 79.748]]
}

entity{
  _template:t="bonfire_effect"
  transform:m=[[0.97534, 0.0, 0.22071] [0.0, 1.0, 0.0] [-0.22071, 0.0, 0.97534] [-249.633, 4.27656, 110.813]]
}

entity{
  _template:t="t_34_85_zis_53_a_destroyed"
  transform:m=[[0.836506, -0.00747133, 0.547907] [0.00998614, 0.999949, -0.0016107] [-0.547867, 0.00681883, 0.836538] [-159.286, 3.45929, 129.805]]
}

entity{
  _template:t="pzkpfw_VI_ausf_B_tiger_destroyed"
  transform:m=[[-0.912633, 0.00819378, 0.408698] [0.0157611, 0.999761, 0.0151512] [-0.408476, 0.020269, -0.912544] [-277.671, 3.25799, 164.863]]
}

entity{
  _template:t="t_34_85_zis_53_a_destroyed"
  transform:m=[[-0.559325, -0.0158651, -0.828797] [-0.0248656, 0.999688, -0.00235545] [0.828575, 0.019291, -0.559545] [-474.829, 3.36441, 188.508]]
}

entity{
  _template:t="pzkpfw_VI_ausf_B_tiger_destroyed"
  transform:m=[[-0.0190546, -0.0142265, 0.999717] [0.0420879, 0.999001, 0.0150185] [-0.998932, 0.0423622, -0.0184368] [-529.282, 3.3585, 92.8735]]
}

entity{
  _template:t="pzkpfw_VI_ausf_B_tiger_destroyed"
  transform:m=[[-0.807244, -0.027729, 0.589566] [0.0711483, 0.98704, 0.143841] [-0.585914, 0.158061, -0.794809] [-169.263, 3.52385, 144.671]]
}

entity{
  _template:t="pzkpfw_VI_ausf_B_tiger_destroyed"
  transform:m=[[-0.784875, -0.00440638, 0.619638] [-0.00504692, 0.999987, 0.000718354] [-0.619634, -0.00256345, -0.784887] [-76.4825, 3.35371, 250.772]]
}

entity{
  _template:t="is_2_1944_a_destroyed"
  transform:m=[[0.826559, -0.0293696, 0.562083] [0.0343942, 0.999407, 0.00164274] [-0.561798, 0.0179746, 0.827079] [-223.829, 4.4845, 186.603]]
}

entity{
  _template:t="bonfire_effect"
  transform:m=[[0.994297, 0.0, 0.106648] [0.0, 1.0, 0.0] [-0.106648, 0.0, 0.994297] [-159.155, 4.82834, 129.924]]
}

entity{
  _template:t="bonfire_effect"
  transform:m=[[1.0, 0.0, 0.0] [0.0, 1.0, 0.0] [0.0, 0.0, 1.0] [-250.636, 4.52085, 206.18]]
}

entity{
  _template:t="bonfire_effect"
  transform:m=[[1.0, 0.0, 0.0] [0.0, 1.0, 0.0] [0.0, 0.0, 1.0] [-251.637, 5.64762, 143.731]]
}

entity{
  _template:t="bonfire_effect"
  transform:m=[[1.0, 0.0, 0.0] [0.0, 1.0, 0.0] [0.0, 0.0, 1.0] [-191.504, 4.34281, 78.4725]]
}

entity{
  _template:t="bonfire_effect"
  transform:m=[[1.0, 0.0, 0.0] [0.0, 1.0, 0.0] [0.0, 0.0, 1.0] [-76.4966, 4.53726, 250.706]]
}

entity{
  _template:t="bonfire_effect"
  transform:m=[[0.986311, 0.0, 0.164897] [0.0, 1.0, 0.0] [-0.164897, 0.0, 0.986311] [-32.7425, 4.59146, 187.264]]
}

entity{
  _template:t="pzkpfw_VI_ausf_B_tiger_destroyed"
  transform:m=[[0.448814, 0.00460045, 0.893613] [-0.00355923, 0.999988, -0.00336047] [-0.893618, -0.00167235, 0.448825] [-362.737, 3.27231, 114.457]]
}

entity{
  _template:t="pzkpfw_v_ausf_g_panther_a_destroyed"
  transform:m=[[0.565499, 0.0, 0.824749] [0.0, 1.0, 0.0] [-0.824749, 0.0, 0.565499] [-421.147, 3.25199, 275.865]]
}

entity{
  _template:t="t_34_85_zis_53_a_destroyed"
  transform:m=[[-0.470996, 0.0, -0.882135] [0.0, 1.0, 0.0] [0.882135, 0.0, -0.470996] [-401.71, 3.27081, 330.043]]
}

entity{
  _template:t="bonfire_effect"
  transform:m=[[1.0, 0.0, 0.0] [0.0, 1.0, 0.0] [0.0, 0.0, 1.0] [-382.886, 3.95146, 490.226]]
}

entity{
  _template:t="pzkpfw_VI_ausf_B_tiger_destroyed"
  transform:m=[[0.186574, -0.00323304, 0.982436] [-0.00170532, 0.999992, 0.00361467] [-0.982439, -0.00234977, 0.186567] [-365.365, 3.33292, 211.706]]
}

entity{
  _template:t="88mm_flak_36_canon_b"
  transform:m=[[0.724926, 0.0, -0.688827] [0.0, 1.0, 0.0] [0.688827, 0.0, 0.724926] [-284.919, 3.25146, 379.325]]
}

entity{
  _template:t="24kw_flak_generator"
  transform:m=[[0.469967, 0.0, -0.882684] [0.0, 1.0, 0.0] [0.882684, 0.0, 0.469967] [-490.425, 3.28286, 579.201]]
}

entity{
  _template:t="24kw_flak_generator"
  transform:m=[[-0.094731, 0.0, 0.995503] [0.0, 1.0, 0.0] [-0.995503, 0.0, -0.094731] [-502.491, 3.28256, 580.186]]
}

entity{
  _template:t="t_34_85_zis_53_a_destroyed"
  transform:m=[[0.803885, -0.0209413, -0.594416] [0.0200635, 0.999766, -0.00808807] [0.594446, -0.00542418, 0.804117] [-360.649, 3.34814, 167.415]]
}

entity{
  _template:t="pzkpfw_v_ausf_g_panther_a_destroyed"
  transform:m=[[0.754665, 0.000528623, 0.65611] [-0.00595543, 0.999964, 0.00604434] [-0.656083, -0.00846887, 0.754641] [-450.621, 3.18755, 721.754]]
}

entity{
  _template:t="t_34_85_zis_53_a_destroyed"
  transform:m=[[0.585713, -0.00485997, -0.810504] [-0.00485997, 0.999943, -0.00950795] [0.810504, 0.00950795, 0.585656] [-453.443, 3.33101, 636.992]]
}

entity{
  _template:t="t_34_85_zis_53_a_destroyed"
  transform:m=[[0.998911, -0.0276766, 0.0375603] [0.0285163, 0.999351, -0.022008] [-0.0369268, 0.0230551, 0.999052] [-514.594, 4.13499, 618.649]]
}

entity{
  _template:t="t_34_85_zis_53_a_destroyed"
  transform:m=[[-0.691181, 0.0113656, -0.722592] [0.0205951, 0.99978, -0.00397431] [0.722388, -0.0176288, -0.691263] [-277.323, 3.37138, 930.372]]
}

entity{
  _template:t="pzkpfw_VI_ausf_B_tiger_destroyed"
  transform:m=[[0.551229, 0.0085809, 0.83431] [-0.0250694, 0.999666, 0.00628179] [-0.833977, -0.0243784, 0.55126] [-310.49, 3.16494, 821.7]]
}

entity{
  _template:t="pzkpfw_v_ausf_g_panther_a_destroyed"
  transform:m=[[-0.258081, 0.00727338, 0.966096] [-0.00754721, 0.999926, -0.00954422] [-0.966094, -0.00975451, -0.258007] [-375.902, 3.18473, 707.42]]
}

entity{
  _template:t="is_2_1944_a_destroyed"
  transform:m=[[-0.909807, -0.00526968, -0.414998] [-0.000896298, 0.999942, -0.0107324] [0.415031, -0.00939243, -0.909759] [-340.553, 3.18639, 735.074]]
}

entity{
  _template:t="t_34_85_zis_53_a_destroyed"
  transform:m=[[-0.823719, -0.0161515, -0.566768] [-0.00925417, 0.999844, -0.0150435] [0.566923, -0.00714665, -0.82374] [-400.876, 3.31269, 661.62]]
}

entity{
  _template:t="pzkpfw_VI_ausf_B_tiger_destroyed"
  transform:m=[[0.498308, 0.00470472, 0.866987] [0.00298802, 0.99997, -0.00714375] [-0.866995, 0.00615037, 0.498279] [-352.608, 3.29871, 710.827]]
}

entity{
  _template:t="pzkpfw_v_ausf_g_panther_a_destroyed"
  transform:m=[[-0.969233, -0.000490115, -0.246145] [5.6038e-06, 0.999998, -0.00201323] [0.246145, -0.00195266, -0.969231] [-1.03072, 3.25634, 237.813]]
}

entity{
  _template:t="t_34_85_zis_53_a_destroyed"
  transform:m=[[0.778785, -0.00762326, -0.627245] [-0.00436728, 0.999836, -0.017574] [0.627276, 0.0164257, 0.778624] [-226.814, 3.26132, 105.087]]
}

entity{
  _template:t="t_34_85_zis_53_a_destroyed"
  transform:m=[[0.974836, -0.0209802, -0.221934] [0.0207554, 0.999779, -0.00334552] [0.221955, -0.00134499, 0.975056] [-240.906, 3.43493, 250.075]]
}

entity{
  _template:t="pzkpfw_v_ausf_g_panther_a_destroyed"
  transform:m=[[0.0226719, 0.00204293, 0.999741] [0.0115208, 0.999931, -0.00230458] [-0.999677, 0.01157, 0.0226468] [-358.174, 3.37298, 502.276]]
}

entity{
  _template:t="pzkpfw_VI_ausf_B_tiger_destroyed"
  transform:m=[[-0.864342, 0.0287741, -0.502081] [0.0306485, 0.99952, 0.00452032] [0.50197, -0.0114809, -0.864809] [-41.1184, 3.43781, 95.116]]
}

entity{
  _template:t="is_2_1944_a_destroyed"
  transform:m=[[0.87727, 0.0822797, -0.472893] [-0.0727991, 0.996609, 0.0383516] [0.474445, 0.000781471, 0.880285] [-88.4562, 2.91537, 53.328]]
}

entity{
  _template:t="t_34_85_zis_53_a_destroyed"
  transform:m=[[0.99571, 0.0270628, 0.0884826] [-0.0270628, 0.999633, -0.00119987] [-0.0884826, -0.00119987, 0.996077] [-129.634, 3.19877, 64.0169]]
