entity{
  _template:t="menu_camera"
  transform:m=[[0.17715, 0.0, 0.984184] [3.06845e-06, 1.0, -5.52308e-07] [-0.984184, 3.11776e-06, 0.17715] [-14.9102, 10.0449, -71.8244]]
  menu_cam__offset:p3=-1.0, 1.2, -6.2
  menu_cam__offset_smooth_internal:p3=-1.0, 1.2, -5.4
}

entity{
  _template:t="camera_scenic_place_dof"
  fov:r=90.0
  transform:m=[[0.0110471, 0.0, -0.999939] [-0.0133532, 0.999911, -0.000147523] [0.99985, 0.013354, 0.0110461] [15.2017, 21.3988, 48.7237]]
  dof__on:b=yes
  dof__farDofAmountPercent:r=0.5
  dof__farDofStart:r=6.0
  dof__farDofEnd:r=300.0
  dof__nearDofAmountPercent:r=0.0
  dof__bokehShape_fNumber:r=2.8
  scene:t="researches"
}

entity{
  _template:t="camera_scenic_place_dof"
  fov:r=65.0
  transform:m=[[0.17715, 0.0, 0.984184] [3.06845e-06, 1.0, -5.52308e-07] [-0.984184, 3.11776e-06, 0.17715] [-14.9102, 10.0449, -71.8244]]
  scene:t="squad"
  dof__on:b=yes
  dof__farDofAmountPercent:r=0.0
  dof__farDofStart:r=6.0
  dof__farDofEnd:r=26.0
  dof__nearDofAmountPercent:r=0.0
  dof__nearDofStart:r=1.01
  dof__nearDofEnd:r=2.0
  dof__bokehShape_fNumber:r=2.8
  dof__bokehShape_bladesCount:r=6.0
  dof__minCheckDistance:r=50.0
}

entity{
  _template:t="camera_scenic_place_dof"
  fov:r=90.0
  transform:m=[[-0.0560272, 0.0, 0.998429] [0.00857311, 0.999963, 0.000481083] [-0.998392, 0.0085866, -0.0560251] [-4.0589, 3.62321, 94.8539]]
  menu_cam__limitYaw:p2=-180.0, 180.0
  menu_cam__limitPitch:p2=-30.0, 30.0
  menu_cam__shouldRotateTarget:b=yes
  dof__on:b=yes
  dof__farDofAmountPercent:r=0.29
  dof__farDofStart:r=1.2
  dof__farDofEnd:r=300.0
  dof__nearDofAmountPercent:r=0.0
  dof__bokehShape_fNumber:r=2.8
  scene:t="armory"
}

entity{
  _template:t="camera_scenic_place_dof"
  fov:r=50.0
  transform:m=[[0.852822, 0.0, 0.522201] [-0.0418459, 0.996784, 0.0683399] [-0.520521, -0.0801337, 0.85008] [-36.4143, 10.4806, -53.867]]
  menu_cam__offset:p3=-0.5, 1.07, -3.5
  menu_cam__offsetMult:p3=1.0, 1.0, 1.0
  menu_cam__limitYaw:p2=-180.0, 180.0
  menu_cam__limitPitch:p2=0.0, 0.0
  menu_cam__shouldRotateTarget:b=no
  dof__on:b=yes
  dof__farDofAmountPercent:r=0.1
  dof__farDofStart:r=7.0
  dof__farDofEnd:r=300.0
  dof__nearDofAmountPercent:r=0.0
  dof__bokehShape_fNumber:r=2.8
  scene:t="soldiers"
  dof__bokehShape_bladesCount:r=9.0
}

entity{
  _template:t="camera_scenic_place_dof"
  fov:r=50.0
  transform:m=[[0.852822, 0.0, 0.522201] [-0.0418459, 0.996784, 0.0683399] [-0.520521, -0.0801337, 0.85008] [-36.4143, 10.4806, -53.867]]
  menu_cam__offset:p3=-0.5, 1.07, -3.5
  menu_cam__offsetMult:p3=1.0, 1.0, 1.0
  menu_cam__limitYaw:p2=-180.0, 180.0
  menu_cam__limitPitch:p2=0.0, 0.0
  menu_cam__shouldRotateTarget:b=no
  dof__on:b=yes
  dof__farDofAmountPercent:r=0.1
  dof__farDofStart:r=7.0
  dof__farDofEnd:r=300.0
  dof__nearDofAmountPercent:r=0.0
  dof__bokehShape_fNumber:r=2.8
  scene:t="soldier_customization"
  dof__bokehShape_bladesCount:r=9.0
}

entity{
  _template:t="camera_scenic_place_dof"
  fov:r=50.0
  transform:m=[[0.852822, 0.0, 0.522201] [-0.0418459, 0.996784, 0.0683399] [-0.520521, -0.0801337, 0.85008] [-36.4143, 10.4806, -53.867]]
  menu_cam__offset:p3=0.0, 1.07, -5.0
  menu_cam__offsetMult:p3=1.0, 1.0, 1.0
  menu_cam__limitYaw:p2=-180.0, 180.0
  menu_cam__limitPitch:p2=0.0, 0.0
  menu_cam__shouldRotateTarget:b=no
  dof__on:b=yes
  dof__farDofAmountPercent:r=0.1
  dof__farDofStart:r=7.0
  dof__farDofEnd:r=300.0
  dof__nearDofAmountPercent:r=0.0
  dof__bokehShape_fNumber:r=2.8
  scene:t="soldier_in_middle"
  dof__bokehShape_bladesCount:r=9.0
}

entity{
  _template:t="camera_scenic_place_dof"
  fov:r=50.0
  transform:m=[[0.852822, 0.0, 0.522201] [-0.0418459, 0.996784, 0.0683399] [-0.520521, -0.0801337, 0.85008] [-40.0, 10.0, -53.867]]
  menu_cam__offset:p3=0.0, 1.07, -5.0
  menu_cam__offsetMult:p3=1.0, 1.0, 1.0
  menu_cam__limitYaw:p2=-180.0, 180.0
  menu_cam__limitPitch:p2=0.0, 0.0
  menu_cam__shouldRotateTarget:b=no
  dof__on:b=yes
  dof__farDofAmountPercent:r=0.1
  dof__farDofStart:r=7.0
  dof__farDofEnd:r=300.0
  dof__nearDofAmountPercent:r=0.0
  dof__bokehShape_fNumber:r=2.8
  scene:t="events"
  dof__bokehShape_bladesCount:r=9.0
}

entity{
  _template:t="camera_scenic_place_dof"
  fov:r=60.0
  transform:m=[[0.107925, 0.0, 0.994159] [-0.0238863, 0.999711, 0.00259308] [-0.993872, -0.0240266, 0.107894] [90.4424, 9.80657, 12.3539]]
  menu_cam__offset:p3=-1.0, 0.2, -7.8
  menu_cam__offsetMult:p3=1.4, 1.0, 1.6
  menu_cam__limitYaw:p2=-180.0, 180.0
  menu_cam__limitPitch:p2=0.0, 28.0
  menu_cam__shouldRotateTarget:b=no
  dof__on:b=yes
  dof__farDofAmountPercent:r=0.0
  dof__nearDofAmountPercent:r=1.0
  dof__nearDofStart:r=0.05
  dof__nearDofEnd:r=55.0
  dof__bokehShape_fNumber:r=2.8
  scene:t="aircrafts"
  dof__bokehShape_bladesCount:r=3.0
}

entity{
  _template:t="camera_scenic_place_dof"
  fov:r=60.0
  transform:m=[[0.758767, 0.0, 0.651362] [-0.01565, 0.999711, 0.0182306] [-0.651174, -0.0240266, 0.758548] [4.07001, 2.96749, 88.2482]]
  menu_cam__offset:p3=-1.0, 1.2, -5.3
  menu_cam__offsetMult:p3=1.4, 1.0, 1.6
  menu_cam__limitYaw:p2=-180.0, 180.0
  menu_cam__limitPitch:p2=0.0, 33.0
  menu_cam__shouldRotateTarget:b=no
  dof__on:b=yes
  dof__farDofAmountPercent:r=0.05
  dof__farDofStart:r=15.0
  dof__farDofEnd:r=300.0
  dof__nearDofAmountPercent:r=0.0
  dof__bokehShape_fNumber:r=2.8
  scene:t="vehicles"
}

entity{
  _template:t="camera_scenic_place_dof"
  fov:r=90.0
  transform:m=[[-0.0560272, 0.0, 0.998429] [0.00857311, 0.999963, 0.000481083] [-0.998392, 0.0085866, -0.0560251] [-3.6589, 3.42321, 94.95]]
  menu_cam__limitYaw:p2=-180.0, 180.0
  menu_cam__limitPitch:p2=-30.0, 30.0
  menu_cam__shouldRotateTarget:b=yes
  dof__on:b=yes
  dof__farDofAmountPercent:r=0.29
  dof__farDofStart:r=1.2
  dof__farDofEnd:r=300.0
  dof__nearDofAmountPercent:r=0.0
  dof__bokehShape_fNumber:r=2.8
  scene:t="new_items"
}

entity{
  _template:t="camera_scenic_place_dof"
  fov:r=90.0
  transform:m=[[-0.0560272, 0.0, 0.998429] [0.00857311, 0.999963, 0.000481083] [-0.998392, 0.0085866, -0.0560251] [-34.2328, 98.565, 28.4068]]
  menu_cam__limitYaw:p2=-180.0, 180.0
  menu_cam__limitPitch:p2=-30.0, 30.0
  menu_cam__shouldRotateTarget:b=yes
  dof__on:b=yes
  dof__farDofAmountPercent:r=0.29
  dof__farDofStart:r=1.5
  dof__farDofEnd:r=300.0
  dof__nearDofAmountPercent:r=0.0
  dof__bokehShape_fNumber:r=2.8
  scene:t="battle_pass"
}

entity{
  _template:t="menu_soldier"
  transform:m=[[0.418354, 0.0, -0.908284] [0.0, 1.0, 0.0] [0.908284, 0.0, 0.418354] [-38.0752, 9.05538, -50.2697]]
}

entity{
  _template:t="menu_weapon"
  transform:m=[[-0.71417, 0.0763896, -0.695791] [-0.672431, -0.350963, 0.651661] [-0.194416, 0.933268, 0.302014] [-4.84479, 3.61, 95.09]]
}

entity{
  _template:t="menu_new_items"
  transform:m=[[-0.71417, 0.0763896, -0.695791] [-0.672431, -0.350963, 0.651661] [-0.194416, 0.933268, 0.302014] [-4.84479, 3.54919, 94.883]]
}

entity{
  _template:t="menu_battle_pass"
  transform:m=[[-0.71417, 0.0763896, -0.695791] [-0.672431, -0.350963, 0.651661] [-0.194416, 0.933268, 0.302014] [-35.5, 98.8, 28.33]]
}

entity{
  _template:t="menu_vehicle"
  transform:m=[[0.0376859, 0.0, -0.99929] [0.0, 1.0, 0.0] [0.99929, 0.0, 0.0376859] [0.707208, 1.72756, 94.5714]]
}

entity{
  _template:t="menu_aircraft"
  transform:m=[[0.488671, 0.0, -0.872468] [0.0, 1.0, 0.0] [0.872468, 0.0, 0.488671] [83.6676, 8.61241, 14.621]]
}

entity{
  _template:t="ui_disabled"
  ui__disabled:b=yes
}

entity{
  _template:t="menu_soldier_respawnbase"
  transform:m=[[0.921371, 0.0, -0.388686] [0.0, 1.0, 0.0] [0.388686, 0.0, 0.921371] [-17.7045, 9.08918, -70.8761]]
  priority_order:i=0

  "animchar__animStateNames:object"{
    lower:t="enlisted_action_idle_06_weapon"
    upper:t="enlisted_action_idle_06_weapon"
  }
}

entity{
  _template:t="menu_soldier_respawnbase"
  transform:m=[[0.945866, -0.000925899, -0.324555] [0.0, 0.999996, -0.00285281] [0.324556, 0.00269838, 0.945862] [-18.5497, 9.0457, -71.1862]]
  priority_order:i=1

  "animchar__animStateNames:object"{
    lower:t="enlisted_action_idle_07_weapon"
    upper:t="enlisted_action_idle_07_weapon"
  }
}

entity{
  _template:t="armor_analyzer"
}

entity{
  _template:t="menu_soldier_respawnbase"
  priority_order:i=2
  transform:m=[[0.996628, 0.0, -0.0820486] [0.0, 1.0, 0.0] [0.0820486, 0.0, 0.996628] [-18.1449, 9.09886, -70.2728]]

  "animchar__animStateNames:object"{
    lower:t="enlisted_action_idle_03_weapon"
    upper:t="enlisted_action_idle_03_weapon"
  }
}

entity{
  _template:t="menu_soldier_respawnbase"
  transform:m=[[0.962976, 0.0, -0.269588] [0.0, 1.0, 0.0] [0.269588, 0.0, 0.962976] [-19.4346, 9.05521, -71.408]]
  priority_order:i=3

  "animchar__animStateNames:object"{
    lower:t="enlisted_action_idle_07_weapon"
    upper:t="enlisted_action_idle_07_weapon"
  }
}

entity{
  _template:t="menu_soldier_respawnbase"
  transform:m=[[0.809663, 0.0, 0.586896] [0.0, 1.0, 0.0] [-0.586896, 0.0, 0.809663] [-19.7114, 9.05521, -72.0807]]
  priority_order:i=6

  "animchar__animStateNames:object"{
    lower:t="enlisted_action_idle_05_weapon"
    upper:t="enlisted_action_idle_05_weapon"
  }
}

entity{
  _template:t="menu_soldier_respawnbase"
  transform:m=[[0.998129, 0.0, -0.0611288] [0.0, 1.0, 0.0] [0.0611288, 0.0, 0.998129] [-20.3704, 9.05521, -71.8109]]
  priority_order:i=5

  "animchar__animStateNames:object"{
    lower:t="enlisted_action_idle_04_weapon"
    upper:t="enlisted_action_idle_04_weapon"
  }
}

entity{
  _template:t="menu_soldier_respawnbase"
  transform:m=[[0.918355, 0.0, 0.395758] [0.0, 1.0, 0.0] [-0.395758, 0.0, 0.918355] [-18.9886, 9.05521, -72.1934]]
  priority_order:i=4

  "animchar__animStateNames:object"{
    lower:t="enlisted_action_idle_02_weapon"
    upper:t="enlisted_action_idle_02_weapon"
  }
}

entity{
  _template:t="menu_soldier_respawnbase"
  transform:m=[[0.988558, 0.0, -0.15084] [0.0, 1.0, 0.0] [0.15084, 0.0, 0.988558] [-17.4295, 9.05521, -71.5054]]
  priority_order:i=7

  "animchar__animStateNames:object"{
    lower:t="enlisted_action_idle_23_weapon"
    upper:t="enlisted_action_idle_23_weapon"
  }
}

entity{
  _template:t="menu_soldier_respawnbase"
  transform:m=[[0.999954, 0.0, -0.00948151] [0.0, 1.0, 0.0] [0.00948151, 0.0, 0.999954] [-18.2446, 9.05521, -71.9229]]
  priority_order:i=8

  "animchar__animStateNames:object"{
    lower:t="enlisted_action_idle_24_weapon"
    upper:t="enlisted_action_idle_24_weapon"
  }
}

entity{
  _template:t="menu_vehicle_respawnbase"
  transform:m=[[0.728734, 0.0, -0.684798] [0.0, 1.0, 0.0] [0.684798, 0.0, 0.728734] [-24.7591, 9.03651, -70.9551]]
}

entity{
  _template:t="level"
  level__blk:t="content/enlisted/levels/campaigns_menu_background.blk"
  level__day:i=24
  level__month:i=7
  level__fpsLimit:i=60

  "level__weatherChoice:object"{
    "content/common/gamedata/weather/weather_almost_clear.blk":r=1.0
  }

  "level__timeVec:array"{
    level__timeVec:r=5.472
  }
}

entity{
  _template:t="ambient_sound"

  "ambient_sound__events:array"{
    ambient_sound__events:t="music/launcher"
  }
}

entity{
  _template:t="base_effect"
  transform:m=[[-0.534782, 0.52413, 1.15706] [1.25443, 0.0205062, 0.570492] [0.199743, 1.2745, -0.485019] [-39.4776, 8.9727, -49.7866]]
  effect__name:t="ground_sparkles_menu"
}

entity{
  _template:t="base_effect"
  transform:m=[[0.124809, 0.473806, -1.28819] [-1.34721, 0.289726, -0.0239608] [0.262563, 1.26137, 0.489391] [18.5051, 20.8799, 48.7653]]
  effect__name:t="ground_sparkles_menu"
}

entity{
  _template:t="base_effect"
  transform:m=[[-0.182215, 0.726293, 1.15706] [1.08038, -0.637811, 0.570492] [0.836103, 0.982435, -0.485019] [-39.9248, 9.11, -51.5332]]
  effect__name:t="ground_sparkles_menu"
}

entity{
  _template:t="shaderVars"

  "shader_vars__vars:object"{
    water_level:r=-10.0
    layered_fog_density:r=0.0
  }
}

entity{
  _template:t="postfx_color_grading_tonemap_death_alive_enlisted"
}

entity{
  _template:t="postfx_roundctrl"
  damage_indicator__duration:r=0.0
  damage_indicator__minLife:r=1.0
  damage_indicator__startTime:r=0.0
  damage_indicator__threshold:r=0.5

  "post_fx:object"{
    adaptation__autoExposureScale:r=0.5
    adaptation__minExposure:r=0.6
    bloom__on:b=no
    adaptation__maxExposure:r=0.6
  }
}

entity{
  _template:t="spot_light"
  transform:m=[[0.763411, 0.279283, 0.582413] [0.260552, 0.691919, -0.673319] [-0.591031, 0.66577, 0.45545] [88.5016, 8.72801, 10.2703]]
  light__brightness:r=141.0
  spot_light__shadows:b=yes
  spot_light__dynamic_obj_shadows:b=no
  light__max_radius:r=9.0
  spot_light__inner_attenuation:r=0.1
  spot_light__shadow_shrink:i=0
  spot_light__dynamic_light:b=no
  light__color:c=245, 80, 30, 255
}

entity{
  _template:t="spot_light"
  transform:m=[[0.797179, -0.112711, 0.806325] [-0.0373209, 1.12224, 0.193769] [-0.813315, -0.161974, 0.781454] [-37.6641, 10.7163, -50.6136]]
  spot_light__inner_attenuation:r=0.1
  light__max_radius:r=3.0
  light__brightness:r=4.0
  light__color:c=255, 180, 180, 255
  spot_light__dynamic_obj_shadows:b=yes
  spot_light__shadows:b=yes
}

entity{
  _template:t="spot_light"
  transform:m=[[0.154143, 1.13439, -0.212943] [0.526224, -0.260276, -1.00563] [-1.02727, 0.0368922, -0.547095] [-36.9, 9.68, -49.52]]
  light__brightness:r=10.0
  light__color:c=245, 50, 10, 255
  spot_light__dynamic_obj_shadows:b=yes
  spot_light__shadows:b=yes
  spot_light__inner_attenuation:r=0.5
  spot_light__shadow_shrink:i=0
  light__max_radius:r=4.0
  spot_light__dynamic_light:b=no
}

entity{
  _template:t="screen_fade_anim"
  screen_fade:r=0.0
  anim_track_on:b=no
}

entity{
  _template:t="camtrack_executor"
  camtracks__start_after_level_loaded:b=yes
  camtracks__playing:b=no
  camtracks__file:t="content/enlisted/gamedata/camera_tracks/customization_menu_tracks.blk"
  camtracks__fade_in_time:r=0.6
  camtracks__fade_out_time:r=0.6
}

entity{
  _template:t="spot_light"
  transform:m=[[0.350417, -0.170077, 1.41964] [-0.279052, 1.4254, 0.239648] [-1.4023, -0.326154, 0.307068] [-17.5043, 10.804, -70.3905]]
  spot_light__inner_attenuation:r=0.1
  light__max_radius:r=4.0
  light__brightness:r=2.0
  light__color:c=255, 180, 180, 255
  spot_light__dynamic_obj_shadows:b=yes
  spot_light__shadows:b=yes
}

entity{
  _template:t="spot_light"
  transform:m=[[0.350195, -0.231506, 1.05931] [0.0101977, 1.11384, 0.240053] [-1.08427, -0.0642971, 0.344404] [-17.6672, 10.7818, -71.8308]]
  spot_light__dynamic_obj_shadows:b=yes
  spot_light__shadows:b=yes
  spot_light__inner_attenuation:r=0.1
  light__max_radius:r=5.0
  light__brightness:r=5.5
}

entity{
  _template:t="light_bunker_ceiling"
  transform:m=[[-0.139502, -0.0249036, 1.15579] [-1.15597, 0.0179727, -0.139137] [-0.014864, -1.16405, -0.026878] [-8.74853, 6.93955, 94.7479]]
  light__max_radius:r=7.0
  spot_light__shadows:b=yes
  spot_light__dynamic_obj_shadows:b=no
  spot_light__shadow_shrink:i=1
  light__color:c=255, 230, 200, 255
  light__brightness:r=3.0
  spot_light__inner_attenuation:r=0.9
}

entity{
  _template:t="light_bunker_ceiling"
  transform:m=[[-0.139502, -0.0249036, 1.15579] [-1.15597, 0.0179727, -0.139137] [-0.014864, -1.16405, -0.026878] [-5.17552, 6.93955, 94.6409]]
  light__max_radius:r=7.0
  spot_light__shadows:b=yes
  spot_light__dynamic_obj_shadows:b=yes
  spot_light__shadow_shrink:i=1
  light__color:c=255, 230, 200, 255
  light__brightness:r=16.0
  spot_light__inner_attenuation:r=0.9
}

entity{
  _template:t="light_bunker_ceiling"
  transform:m=[[-0.892362, -0.0249036, 0.747663] [-0.748044, 0.0179727, -0.892219] [0.00754304, -1.16405, -0.0297736] [82.8781, 14.7797, 16.059]]
  light__max_radius:r=15.0
  spot_light__shadows:b=yes
  spot_light__dynamic_obj_shadows:b=yes
  spot_light__shadow_shrink:i=1
  light__color:c=255, 230, 200, 255
  light__brightness:r=96.0
  spot_light__inner_attenuation:r=0.6
  spot_light__dynamic_light:b=yes
}

entity{
  _template:t="spot_light"
  transform:m=[[-1.04999, 0.132057, 0.485822] [-0.356003, -0.989292, -0.500508] [0.355985, -0.599838, 0.93242] [-21.5938, 10.0277, -73.9151]]
  light__brightness:r=850.0
  light__max_radius:r=15.0
  spot_light__inner_attenuation:r=0.1
  light__color:c=245, 80, 30, 255
  spot_light__dynamic_obj_shadows:b=yes
  spot_light__shadows:b=yes
}

entity{
  _template:t="omni_light_huge"
  transform:m=[[-2.76686, -1.68897, -14.2549] [2.88726, 14.155, -2.23756] [14.0613, -3.23891, -2.34556] [-25.0512, 11.4441, -67.6187]]
  light__brightness:r=700.0
  spot_light__inner_attenuation:r=0.1
  light__max_radius:r=7.0
  light__max_radius:r=7.0
  light__color:c=255, 255, 255, 255
  spot_light__dynamic_obj_shadows:b=no
  spot_light__shadows:b=no
  light__affect_volumes:b=yes
}

entity{
  _template:t="omni_light_huge"
  transform:m=[[-3.38932, -3.95935, 155.499] [-35.318, 151.493, 3.0876] [-151.488, -35.2312, -4.19865] [32.0224, 21.9114, 48.7136]]
  light__brightness:r=1200.0
  light__max_radius:r=11.0
  light__color:c=255, 255, 255, 255
}

entity{
  _template:t="spot_light"
  transform:m=[[-0.0103122, -0.256861, -1.11008] [0.402822, 1.03761, -0.243836] [1.06584, -0.394647, 0.0814123] [-38.7092, 10.46, -50.8549]]
  light__brightness:r=4.5
  spot_light__inner_attenuation:r=0.1
  light__max_radius:r=3.0
  light__color:c=255, 180, 180, 255
  spot_light__dynamic_obj_shadows:b=yes
  spot_light__shadows:b=yes
}

entity{
  _template:t="spot_light"
  transform:m=[[-0.52158, -0.0735584, -0.850026] [-0.194576, 0.980277, 0.0345625] [0.830721, 0.183423, -0.525606] [-5.34983, 3.1957, 99.7249]]
  light__brightness:r=91.0
  spot_light__shadows:b=yes
  spot_light__dynamic_obj_shadows:b=yes
  light__max_radius:r=11.0
  spot_light__inner_attenuation:r=0.1
  spot_light__shadow_shrink:i=0
  spot_light__dynamic_light:b=no
  light__color:c=255, 40, 10, 255
}

entity{
  _template:t="spot_light"
  transform:m=[[0.429733, -0.170077, 1.39768] [-0.265126, 1.4254, 0.254969] [-1.3828, -0.326154, 0.385478] [-16.9637, 10.6946, -71.1257]]
  spot_light__inner_attenuation:r=0.5
  light__max_radius:r=1.0
  light__brightness:r=2.0
  light__color:c=255, 180, 180, 255
  spot_light__dynamic_obj_shadows:b=yes
  spot_light__shadows:b=yes
  spot_light__dynamic_light:b=no
}

entity{
  _template:t="spot_light"
  transform:m=[[-0.909254, -0.0424377, -0.68543] [0.686744, -0.055889, -0.907536] [0.000177234, -1.1373, 0.0701708] [-38.0322, 11.5, -50.3846]]
  light__brightness:r=6.0
  light__max_radius:r=3.6
  spot_light__inner_attenuation:r=0.2
  light__color:c=55, 80, 180, 255
  spot_light__dynamic_obj_shadows:b=yes
  spot_light__shadows:b=yes
}

entity{
  _template:t="spot_light"
  transform:m=[[-0.79354, -0.322455, -0.751444] [0.160355, 0.965427, -0.583617] [0.801838, -0.512197, -0.626974] [-38.7624, 10.8992, -50.1449]]
  light__brightness:r=3.0
  light__max_radius:r=2.0
  spot_light__inner_attenuation:r=0.2
  light__color:c=255, 205, 205, 255
  spot_light__dynamic_obj_shadows:b=yes
  spot_light__shadows:b=yes
}

entity{
  _template:t="spot_light"
  transform:m=[[0.315508, -0.0236832, 1.12064] [-1.00643, -0.518516, 0.272391] [0.493461, -1.04236, -0.160963] [-19.1111, 12.3309, -70.3819]]
  light__brightness:r=50.0
  light__color:c=105, 210, 250, 255
  light__max_radius:r=5.0
  spot_light__inner_attenuation:r=0.1
  spot_light__dynamic_obj_shadows:b=yes
  spot_light__shadows:b=yes
}

entity{
  _template:t="spot_light"
  transform:m=[[0.313007, 0.0532779, 1.12033] [-0.905663, -0.674129, 0.285089] [0.66162, -0.947971, -0.139773] [-20.2237, 11.783, -71.9592]]
  light__brightness:r=50.0
  light__color:c=105, 210, 250, 255
  light__max_radius:r=3.0
  spot_light__inner_attenuation:r=0.1
  spot_light__dynamic_obj_shadows:b=yes
  spot_light__shadows:b=yes
}

entity{
  _template:t="spot_light"
  transform:m=[[-0.86944, 0.232165, -0.738999] [-0.571258, -0.942459, 0.376007] [-0.523143, 0.643284, 0.817584] [-21.3474, 8.80262, -75.1682]]
  light__brightness:r=850.0
  light__max_radius:r=15.0
  spot_light__inner_attenuation:r=0.1
  light__color:c=245, 80, 30, 255
  spot_light__dynamic_obj_shadows:b=yes
  spot_light__shadows:b=yes
}

entity{
  _template:t="spot_light"
  transform:m=[[0.811737, 0.524222, -0.257439] [-0.58392, 0.720222, -0.374588] [-0.0109554, 0.454392, 0.890736] [0.931084, 1.59542, 89.7675]]
  light__brightness:r=21.0
  spot_light__shadows:b=yes
  spot_light__dynamic_obj_shadows:b=yes
  light__max_radius:r=6.0
  spot_light__inner_attenuation:r=0.6
  spot_light__shadow_shrink:i=0
  spot_light__dynamic_light:b=no
  light__color:c=245, 80, 30, 255
}

entity{
  _template:t="light_bunker_ceiling"
  transform:m=[[-0.139502, -0.0249036, 1.15579] [-1.15597, 0.0179727, -0.139137] [-0.014864, -1.16405, -0.026878] [0.709428, 6.81734, 94.8715]]
  light__max_radius:r=7.0
  spot_light__shadows:b=yes
  spot_light__dynamic_obj_shadows:b=yes
  spot_light__shadow_shrink:i=1
  light__color:c=255, 230, 200, 255
  light__brightness:r=16.0
  spot_light__inner_attenuation:r=0.9
}

entity{
  _template:t="light_bunker_ceiling"
  transform:m=[[-0.139502, -0.0249036, 1.15579] [-1.15597, 0.0179727, -0.139137] [-0.014864, -1.16405, -0.026878] [0.583421, 6.82256, 98.1754]]
  light__max_radius:r=7.0
  spot_light__shadows:b=yes
  spot_light__dynamic_obj_shadows:b=yes
  spot_light__shadow_shrink:i=1
  light__color:c=255, 230, 200, 255
  light__brightness:r=16.0
  spot_light__inner_attenuation:r=0.9
}

entity{
  _template:t="light_bunker_ceiling"
  transform:m=[[-0.139502, 0.246571, 1.12946] [-1.15597, -0.0151249, -0.139475] [-0.014864, -1.13795, 0.246587] [0.866489, 6.7798, 91.6555]]
  light__max_radius:r=7.0
  spot_light__shadows:b=yes
  spot_light__dynamic_obj_shadows:b=yes
  spot_light__shadow_shrink:i=1
  light__color:c=255, 230, 200, 255
  light__brightness:r=12.0
  spot_light__inner_attenuation:r=0.9
}

entity{
  _template:t="light_bunker_ceiling"
  transform:m=[[-0.134953, -0.0432281, 1.15579] [-1.1481, -0.135863, -0.139137] [0.140018, -1.15569, -0.026878] [-2.69065, 6.88629, 94.7438]]
  light__brightness:r=66.0
}

entity{
  _template:t="spot_light"
  transform:m=[[0.580962, -0.347694, -0.916484] [0.2903, 1.07861, -0.225179] [0.936265, -0.118684, 0.638521] [-38.7843, 9.10476, -50.6035]]
  light__brightness:r=4.0
  light__max_radius:r=2.0
  spot_light__inner_attenuation:r=0.2
  light__color:c=255, 205, 205, 255
  spot_light__dynamic_obj_shadows:b=yes
  spot_light__shadows:b=yes
}

entity{
  _template:t="spot_light"
  transform:m=[[0.807725, 0.280308, -0.51866] [-0.334318, 0.942391, -0.0113321] [0.485603, 0.182552, 0.854907] [77.9507, 9.45374, 8.40842]]
  light__brightness:r=141.0
  spot_light__shadows:b=yes
  spot_light__dynamic_obj_shadows:b=no
  light__max_radius:r=9.0
  spot_light__inner_attenuation:r=0.1
  spot_light__shadow_shrink:i=0
  spot_light__dynamic_light:b=no
  light__color:c=245, 80, 30, 255
}

entity{
  _template:t="light_bunker_ceiling"
  transform:m=[[-0.892362, -0.0249036, 0.747663] [-0.748044, 0.0179727, -0.892219] [0.00754304, -1.16405, -0.0297736] [77.6301, 15.0527, 13.6859]]
  light__brightness:r=36.0
  light__max_radius:r=7.0
  spot_light__shadows:b=yes
  spot_light__dynamic_obj_shadows:b=yes
  spot_light__shadow_shrink:i=1
  light__color:c=255, 230, 200, 255
  spot_light__inner_attenuation:r=0.6
}

entity{
  _template:t="light_bunker_ceiling"
  transform:m=[[-0.892362, -0.0249036, 0.747663] [-0.748044, 0.0179727, -0.892219] [0.00754304, -1.16405, -0.0297736] [87.6483, 15.0527, 19.3515]]
  light__brightness:r=36.0
  light__max_radius:r=7.0
  spot_light__shadows:b=yes
  spot_light__dynamic_obj_shadows:b=yes
  spot_light__shadow_shrink:i=1
  light__color:c=255, 230, 200, 255
  spot_light__inner_attenuation:r=0.6
}

entity{
  _template:t="light_bunker_ceiling"
  transform:m=[[-0.874352, 0.246571, 0.728457] [-0.747813, -0.0151249, -0.892466] [-0.179517, -1.13795, 0.169705] [85.1158, 13.928, 12.2974]]
  light__brightness:r=36.0
  light__max_radius:r=10.0
  spot_light__shadows:b=yes
  spot_light__dynamic_obj_shadows:b=yes
  spot_light__shadow_shrink:i=1
  light__color:c=255, 230, 200, 255
  spot_light__inner_attenuation:r=0.6
}

entity{
  _template:t="vehicle_decals_manager"
}