entity{
  _template:t="settings_override_manager+settings_override_settings"
  settings_override__useCustomSettings:b=yes

  "settings_override__graphicsSettings:object"{
    "graphics/aoQuality":t="medium"
  }

  "settings_override__graphicsSettings_ps4:object"{
    "graphics/dynamicShadowsQuality":t="low"
  }

  "settings_override__graphicsSettings_xboxone:object"{
    "graphics/dynamicShadowsQuality":t="low"
  }
}

entity{
  _template:t="custom_envi_probe"
  custom_envi_probe__cubemap_res:t="american_outdoor_cubemap"
  custom_envi_probe__outside_mul:r=1.75
  custom_envi_probe__x_rotation:r=0.0
  custom_envi_probe__y_rotation:r=0.0
  custom_envi_probe__needs_render:b=yes
  custom_envi_probe__is_inside:b=yes
  custom_envi_probe__inside_mul:r=1.0
}

entity{
  _template:t="menu_level"
  level__blk:t="content/enlisted/levels/campaigns_menu_diorama.blk"
  level__fpsLimit:i=60

  "level__weatherChoice:object"{
    weather_poor_a:r=1.0
  }

  "level__timeVec:array"{
    level__timeVec:r=12.0
  }
}

entity{
  _template:t="disable_vehicle_sound"
}

entity{
  _template:t="shaderVars"

  "shader_vars__vars:object"{
    layered_fog_density:r=0.0
    land_selfillum_worldscale:r=1.0
    river1:p4=0.29, 0.349, 0.345, 0.0
    river0:p4=0.02, 0.208, 0.302, 0.0
    autodetect_land_selfillum_color:p4=0.33, 0.05, 0.0, 0.1
    land_selfillum_strength:r=32.0
    river_density:r=3.3
  }
}

entity{
  _template:t="postfx_color_grading_tonemap"

  "color_grading:object"{
    colorContrast:p4=1.0, 1.0, 1.0, 0.8
  }

  "tonemap:object"{
    tonemapMidOut:r=0.28
    tonemapMidIn:r=0.15
    tonemapShoulder:r=0.85
    tonemapContrast:r=1.48
    tonemapHdrMax:r=4.0
  }

  "tonemap_save:object"{
    colorContrast:p4=1.0, 1.0, 1.0, 1.0
    tonemapMidOut:r=0.28
    tonemapMidIn:r=0.15
    tonemapShoulder:r=0.85
    whiteTint:r=0.0
    whiteTemp:r=6500.0
    tonemapContrast:r=1.48
    tonemapHdrMax:r=4.0
  }
}

entity{
  _template:t="postfx_roundctrl"

  "post_fx:object"{
    smoke_blackout_effect__minIntensity:r=0.9
    adaptation__highPart:r=0.0
    damage_indicator__color:p4=1.0, 0.3, 0.3, 0.0
    smoke_blackout_effect__increaseDuration:r=3.0
    damage_indicator__size:r=0.5
    bloom__highQuality:b=yes
    adaptation__adaptUpSpeed:r=3.0
    bloom__radius:r=1.0
    smoke_blackout_effect__decreaseDuration:r=2.0
    flash_blind__decay_factor:r=0.2
    adaptation__autoExposureScale:r=1.0
    adaptation__fixedExposure:r=-1.0
    smoke_blackout_effect__maxIntensity:r=1.3
    flash_blind__decay_color:p4=0.9, 0.95, 1.0, 1.0
    adaptation__on:b=yes
    adaptation__minExposure:r=0.7
    bloom__on:b=no
    bloom__threshold:r=1.8
    adaptation__lowPart:r=0.0
    adaptation__maxExposure:r=0.7
    flash_blind__desaturation_scale:r=0.5
    adaptation__adaptDownSpeed:r=4.0
    bloom__upSample:r=0.45
  }
}

entity{
  _template:t="water"
  water__strength:r=0.6
  water__level:r=-4.0
  water__wind_dir:r=40.0
  water__max_tessellation:i=2
  water__wind_strength:r=0.2
  water__smallWaterAIWalkHeight:r=0.3
}

entity{
  _template:t="vehicle_decals_manager"
}

entity{
  _template:t="ui_disabled"
  ui__disabled:b=yes
}

entity{
  _template:t="armor_analyzer"
}

entity{
  _template:t="menu_camera"
  transform:m=[[-0.393702, -0.000605036, 0.919238] [-0.0238985, 0.999669, -0.00957755] [-0.918927, -0.0257391, -0.393586] [-492.054, 1.28591, 94.2431]]
  menu_cam__offset:p3=0.6, 0.0, -7.8
  menu_cam__offset_smooth_internal:p3=-1.0, 0.2, -0.8
  fov:r=45.0
}

entity{
  _template:t="camera_scenic_place_dof"
  fov:r=90.0
  transform:m=[[0.0110471, 0.0, -0.999939] [-0.0133532, 0.999911, -0.000147523] [0.99985, 0.013354, 0.0110461] [-3.34434, 11.6736, 236.764]]
  scene:t="researches"
  dof__on:b=yes
  dof__farDofAmountPercent:r=0.009
  dof__farDofStart:r=14.0
  dof__farDofEnd:r=35.0
  dof__bokehShape_kernelSize:r=16.2
  dof__bokehShape_bladesCount:r=3.0
  dof__minCheckDistance:r=1.0
  dof__nearDofAmountPercent:r=0.0
  dof__is_filmic:b=no
  dof__fStop:r=2.0
  dof__focusDistance:r=-1.0
  dof__focalLength_mm:r=-1.0
  dof__sensorHeight_mm:r=24.0
}

entity{
  _template:t="camera_scenic_place_dof"
  fov:r=45.0
  transform:m=[[-0.393702, 0.0, 0.919238] [-0.0238985, 0.999662, -0.0102355] [-0.918927, -0.0259982, -0.393569] [-492.054, 1.28591, 94.2431]]
  scene:t="squad"
  dof__on:b=yes
  dof__farDofAmountPercent:r=0.002
  dof__farDofStart:r=12.0
  dof__farDofEnd:r=135.0
  dof__bokehShape_kernelSize:r=4.8
  dof__bokehShape_bladesCount:r=5.0
  dof__fStop:r=4.2
  dof__minCheckDistance:r=1.0
  dof__nearDofAmountPercent:r=0.0
  dof__is_filmic:b=no
  dof__nearDofEnd:r=2.0
  dof__nearDofStart:r=0.01
}

entity{
  _template:t="menu_vehicle_respawnbase"
  menuPosFilter:t="plane"
  transform:m=[[0.946021, 0.0, 0.324108] [0.0, 1.0, -0.0] [-0.324108, 0.0, 0.946021] [-182.016, -0.0697174, -378.321]]
}

entity{
  _template:t="menu_soldier_respawnbase"
  transform:m=[[0.971861, 0.0, 0.23556] [0.0, 1.0, 0.0] [-0.23556, 0.0, 0.971861] [-176.874, 0.0157572, -373.477]]
  menuPosFilter:t="plane"
  priority_order:i=0
}

entity{
  _template:t="menu_soldier_respawnbase"
  transform:m=[[0.953408, -0.000925899, 0.301683] [0.00169681, 0.999996, -0.00229333] [-0.30168, 0.00269838, 0.953405] [-177.369, -0.0277227, -374.229]]
  menuPosFilter:t="plane"
  priority_order:i=1
}

entity{
  _template:t="menu_soldier_respawnbase"
  priority_order:i=2
  menuPosFilter:t="plane"
  transform:m=[[0.849975, 0.0, 0.526822] [0.0, 1.0, 0.0] [-0.526822, 0.0, 0.849975] [-177.587, 0.0254367, -373.254]]
}

entity{
  _template:t="menu_soldier_respawnbase"
  transform:m=[[0.934468, 0.0, 0.356047] [0.0, 1.0, 0.0] [-0.356047, 0.0, 0.934468] [-177.949, -0.0182138, -374.933]]
  menuPosFilter:t="plane"
  priority_order:i=3
}

entity{
  _template:t="camera_scenic_place_dof"
  fov:r=45.0
  transform:m=[[-0.57215, 0.0, 0.820149] [0.00602148, 0.999973, 0.00420069] [-0.820127, 0.00734194, -0.572135] [-172.885, 0.876036, -371.351]]
  scene:t="squad_plane"
  dof__on:b=no
  dof__farDofAmountPercent:r=0.0011
  dof__farDofStart:r=14.0
  dof__farDofEnd:r=35.0
  dof__bokehShape_kernelSize:r=2.8
  dof__bokehShape_bladesCount:r=4.0
  dof__minCheckDistance:r=1.0
  dof__nearDofAmountPercent:r=0.0
  dof__is_filmic:b=no
}

entity{
  _template:t="ammunition_box_n"
  transform:m=[[0.146129, 0.0, -1.14052] [0.0, 0.568124, 0.0] [1.14052, -0.0, 0.146129] [-497.568, 0.18529, 91.9061]]
}

entity{
  _template:t="menu_vehicle_respawnbase"
  menuPosFilter:t="plane_floating"
  transform:m=[[0.993126, 0.0, -0.117058] [0.0, 1.0, 0.0] [0.117058, 0.0, 0.993126] [-183.419, -4.02219, 241.916]]
}

entity{
  _template:t="menu_soldier_respawnbase"
  transform:m=[[0.971861, 0.0, 0.23556] [0.0, 1.0, 0.0] [-0.23556, 0.0, 0.971861] [-176.874, -3.69748, 246.323]]
  menuPosFilter:t="plane_floating"
  priority_order:i=0
}

entity{
  _template:t="menu_soldier_respawnbase"
  transform:m=[[0.953408, -0.000925899, 0.301683] [0.00169681, 0.999996, -0.00229333] [-0.30168, 0.00269838, 0.953405] [-177.369, -3.62784, 245.571]]
  menuPosFilter:t="plane_floating"
  priority_order:i=1
}

entity{
  _template:t="camera_scenic_place_dof"
  fov:r=45.0
  transform:m=[[-0.544892, 0.0, 0.838506] [-0.00567318, 0.999977, -0.00368664] [-0.838487, -0.00676581, -0.544879] [-173.037, -2.81474, 248.148]]
  scene:t="squad_plane_floating"
  dof__on:b=no
  dof__farDofAmountPercent:r=0.0
  dof__farDofStart:r=14.0
  dof__farDofEnd:r=35.0
  dof__bokehShape_kernelSize:r=2.8
  dof__bokehShape_bladesCount:r=4.0
  dof__minCheckDistance:r=1.0
  dof__nearDofAmountPercent:r=0.0
  dof__is_filmic:b=no
}

entity{
  _template:t="camera_scenic_place_dof"
  scene:t="soldiers"
  fov:r=45.0
  transform:m=[[0.576518, 0.0, 0.817084] [-0.00137021, 0.999999, 0.000966795] [-0.817083, -0.00167696, 0.576517] [-186.526, 0.913543, -219.212]]
  menu_cam__offset:p3=-0.5, 1.07, -3.7
  menu_cam__offsetMult:p3=1.0, 1.0, 1.0
  menu_cam__limitYaw:p2=-180.0, 180.0
  menu_cam__limitPitch:p2=0.0, 0.0
  menu_cam__shouldRotateTarget:b=no
  dof__on:b=yes
  dof__farDofAmountPercent:r=0.1
  dof__farDofStart:r=9.0
  dof__farDofEnd:r=300.0
  dof__bokehShape_kernelSize:r=2.8
  dof__bokehShape_bladesCount:r=9.0
  dof__minCheckDistance:r=1.0
  dof__nearDofAmountPercent:r=0.0
  dof__is_filmic:b=no
}

entity{
  _template:t="camera_scenic_place_dof"
  scene:t="soldiers_quarters"
  fov:r=45.0
  transform:m=[[0.715543, 0.0, 0.698568] [-0.0380084, 0.998519, 0.0389319] [-0.697534, -0.0544089, 0.714483] [-186.826, 1.3588, -219.3]]
  menu_cam__offset:p3=-0.0, 1.07, -3.75
  menu_cam__offsetMult:p3=1.0, 1.0, 1.0
  menu_cam__limitYaw:p2=-180.0, 180.0
  menu_cam__limitPitch:p2=0.0, 0.0
  menu_cam__shouldRotateTarget:b=no
  dof__on:b=yes
  dof__farDofAmountPercent:r=0.001
  dof__farDofStart:r=8.0
  dof__farDofEnd:r=300.0
  dof__bokehShape_kernelSize:r=2.8
  dof__bokehShape_bladesCount:r=9.0
  dof__minCheckDistance:r=1.0
  dof__nearDofAmountPercent:r=0.0
  dof__is_filmic:b=no
}

entity{
  _template:t="camera_scenic_place_dof"
  scene:t="soldier_customization"
  fov:r=50.0
  transform:m=[[0.807669, -2.32831e-10, 0.589637] [-0.00334048, 0.999984, 0.00457571] [-0.589627, -0.00566532, 0.807656] [-187.787, 0.929212, -219.639]]
  menu_cam__offset:p3=-0.37, 0.907, -3.8
  menu_cam__offsetMult:p3=1.0, 1.0, 1.0
  menu_cam__limitYaw:p2=-180.0, 180.0
  menu_cam__limitPitch:p2=0.0, 0.0
  menu_cam__shouldRotateTarget:b=no
  dof__on:b=yes
  dof__farDofAmountPercent:r=0.1
  dof__farDofStart:r=7.0
  dof__farDofEnd:r=300.0
  dof__bokehShape_kernelSize:r=2.8
  dof__bokehShape_bladesCount:r=9.0
  dof__minCheckDistance:r=1.0
  dof__nearDofAmountPercent:r=0.0
  dof__is_filmic:b=no
}

entity{
  _template:t="menu_soldier"
  transform:m=[[0.74298, 0.0, -0.669313] [0.0, 1.0, 0.0] [0.669313, -0.0, 0.74298] [-190.114, -0.0352225, -215.956]]
}

entity{
  _template:t="camera_scenic_place_dof"
  scene:t="soldier_in_middle"
  fov:r=45.0
  transform:m=[[0.715543, 0.0, 0.698568] [-0.0380084, 0.998519, 0.0389319] [-0.697534, -0.0544089, 0.714483] [-186.826, 1.3588, -219.3]]
  menu_cam__offset:p3=0.0, 1.07, -5.0
  menu_cam__offsetMult:p3=1.0, 1.0, 1.0
  menu_cam__limitYaw:p2=-180.0, 180.0
  menu_cam__limitPitch:p2=0.0, 0.0
  menu_cam__shouldRotateTarget:b=no
  dof__on:b=yes
  dof__farDofAmountPercent:r=0.1
  dof__farDofStart:r=7.0
  dof__farDofEnd:r=300.0
  dof__bokehShape_kernelSize:r=2.8
  dof__bokehShape_bladesCount:r=9.0
  dof__minCheckDistance:r=1.0
  dof__nearDofAmountPercent:r=0.0
  dof__is_filmic:b=no
}

entity{
  _template:t="menu_aircraft_floating"
  transform:m=[[1.0, 0.0, 0.0] [0.0, 1.0, 0.0] [0.0, 0.0, 1.0] [-189.862, -4.0, 395.791]]
}

entity{
  _template:t="camera_scenic_place_dof"
  scene:t="aircrafts_floating"
  fov:r=60.0
  transform:m=[[-0.574526, 0.0, 0.818486] [0.0, 1.0, 0.0] [-0.818486, 0.0, -0.574526] [-180.506, -1.75153, 401.907]]
  menu_cam__offset:p3=-0.5, -0.2, -7.8
  menu_cam__offsetMult:p3=1.4, 1.0, 1.6
  menu_cam__limitYaw:p2=-180.0, 180.0
  menu_cam__limitPitch:p2=0.0, 28.0
  menu_cam__shouldRotateTarget:b=no
  dof__on:b=no
  dof__is_filmic:b=no
  dof__is_filmic:b=no
  dof__fStop:r=3.6
  dof__focusDistance:r=11.0
  dof__farDofAmountPercent:r=0.0
  dof__farDofEnd:r=400.0
  dof__farDofStart:r=18.0
  dof__nearDofAmountPercent:r=0.002
  dof__nearDofEnd:r=6.0
  dof__nearDofStart:r=1.5
  dof__minCheckDistance:r=0.5
  dof__bokehShape_bladesCount:r=6.0
  dof__bokehShape_kernelSize:r=18.0
  dof__focalLength_mm:r=35.0
}

entity{
  _template:t="menu_aircraft"
  transform:m=[[-0.953943, 0.0, 0.29999] [0.0, 1.0, 0.0] [-0.29999, 0.0, -0.953943] [295.242, 0.199866, 81.6764]]
}

entity{
  _template:t="camera_scenic_place_dof"
  scene:t="aircrafts"
  fov:r=60.0
  transform:m=[[0.354671, -0.00355726, -0.934985] [-0.00561368, 0.999966, -0.00593395] [0.934974, 0.00735331, 0.354639] [285.266, 1.93513, 77.5365]]
  menu_cam__offset:p3=-0.0, 0.0, -1.0
  menu_cam__offsetMult:p3=8.0, 8.0, 8.0
  menu_cam__limitYaw:p2=-180.0, 180.0
  menu_cam__limitPitch:p2=0.0, 28.0
  menu_cam__shouldRotateTarget:b=no
  dof__on:b=yes
  dof__farDofAmountPercent:r=0.003
  dof__farDofStart:r=16.5
  dof__farDofEnd:r=30.0
  dof__nearDofAmountPercent:r=0.03
  dof__nearDofAmountPercent:r=0.0
  dof__nearDofEnd:r=3.35
  dof__nearDofStart:r=1.0
  dof__minCheckDistance:r=0.5
  dof__fStop:r=2.0
  dof__is_filmic:b=no
}

entity{
  _template:t="menu_inspected_vehicle_pos"
  transform:m=[[0.0903243, 0.0, -0.995912] [0.0, 1.0, 0.0] [0.995912, 0.0, 0.0903243] [310.598, 8.33013, -250.562]]
}

entity{
  _template:t="camera_scenic_place_dof"
  scene:t="vehicles"
  fov:r=60.0
  transform:m=[[0.757843, -1.58223e-09, 0.652437] [-0.0156759, 0.999711, 0.0182084] [-0.652249, -0.0240266, 0.757624] [315.506, 9.65805, -256.848]]
  menu_cam__offset:p3=-0.2, 0.9, -1.5
  menu_cam__offsetMult:p3=5.9, 3.9, 5.9
  menu_cam__limitYaw:p2=-180.0, 180.0
  menu_cam__limitPitch:p2=0.0, 39.0
  menu_cam__shouldRotateTarget:b=no
  dof__on:b=yes
  dof__farDofAmountPercent:r=0.01
  dof__farDofStart:r=25.0
  dof__farDofEnd:r=150.0
  dof__nearDofAmountPercent:r=0.1
  dof__nearDofAmountPercent:r=0.1
  dof__nearDofStart:r=0.1
  dof__nearDofEnd:r=3.3
  dof__bokehShape_kernelSize:r=2.8
  dof__bokehShape_bladesCount:r=3.0
  dof__fStop:r=4.3
  dof__minCheckDistance:r=1.0
  dof__is_filmic:b=no
}

entity{
  _template:t="camera_scenic_place_dof"
  scene:t="armory"
  fov:r=60.0
  transform:m=[[0.778832, 0.00269778, 0.627225] [-0.20392, 0.946756, 0.249138] [-0.593157, -0.321941, 0.737915] [7.54006, 24.5867, 84.2305]]
  menu_cam__limitYaw:p2=-180.0, 180.0
  menu_cam__limitPitch:p2=-80.0, 80.0
  menu_cam__shouldRotateTarget:b=yes
  dof__on:b=no
  dof__is_filmic:b=no
  dof__fStop:r=18.0
  dof__focusDistance:r=0.85
  dof__farDofAmountPercent:r=0.0027
  dof__farDofEnd:r=20.0
  dof__farDofStart:r=2.0
  dof__nearDofAmountPercent:r=0.02
  dof__nearDofEnd:r=0.5
  dof__nearDofStart:r=0.01
  dof__minCheckDistance:r=0.05
  dof__bokehShape_bladesCount:r=5.2
  dof__bokehShape_kernelSize:r=6.8
}

entity{
  _template:t="camera_scenic_place_dof"
  scene:t="items_inventory"
  fov:r=60.0
  transform:m=[[-0.0331776, 0.0, 0.999449] [-0.00442279, 0.99999, -0.000146819] [-0.99944, -0.00442523, -0.0331773] [8.67695, 24.1963, 85.2625]]
  menu_cam__limitYaw:p2=-180.0, 180.0
  menu_cam__limitPitch:p2=-80.0, 80.0
  menu_cam__shouldRotateTarget:b=yes
  dof__on:b=no
  dof__is_filmic:b=no
  dof__fStop:r=18.0
  dof__focusDistance:r=0.85
  dof__farDofAmountPercent:r=0.0027
  dof__farDofEnd:r=20.0
  dof__farDofStart:r=4.0
  dof__nearDofAmountPercent:r=0.02
  dof__nearDofEnd:r=0.5
  dof__nearDofStart:r=0.01
  dof__minCheckDistance:r=0.05
  dof__bokehShape_bladesCount:r=5.2
  dof__bokehShape_kernelSize:r=6.8
}

entity{
  _template:t="camera_scenic_place_dof"
  scene:t="inv_items"
  fov:r=90.0
  transform:m=[[-0.0246029, 0.0, 0.999697] [0.008584, 0.999963, 0.000211255] [-0.99966, 0.0085866, -0.024602] [7.83152, 24.234, 85.1745]]
  menu_cam__limitYaw:p2=-180.0, 180.0
  menu_cam__limitPitch:p2=-30.0, 30.0
  menu_cam__shouldRotateTarget:b=yes
  dof__on:b=no
  dof__farDofAmountPercent:r=0.29
  dof__farDofStart:r=1.2
  dof__farDofEnd:r=300.0
  dof__nearDofAmountPercent:r=0.0
  dof__bokehShape_kernelSize:r=2.8
}

entity{
  _template:t="menu_weapon"
  transform:m=[[0.523384, 0.0448554, -0.850916] [-0.0500476, 0.998508, 0.0218522] [0.850627, 0.0311493, 0.524848] [7.04563, 24.2208, 85.4106]]
}

entity{
  _template:t="menu_inv_items"
  transform:m=[[-0.71417, 0.0763896, -0.695791] [-0.672431, -0.350963, 0.651661] [-0.194416, 0.933268, 0.302014] [7.04563, 24.2208, 85.4106]]
}

entity{
  _template:t="camera_scenic_place_dof"
  scene:t="new_items"
  fov:r=60.0
  transform:m=[[-0.877192, 0.00660876, 0.480093] [0.0904638, 0.984272, 0.15174] [-0.471539, 0.176536, -0.863994] [7.8678, 23.9679, 86.7269]]
  menu_cam__limitYaw:p2=-180.0, 180.0
  menu_cam__limitPitch:p2=-30.0, 30.0
  menu_cam__shouldRotateTarget:b=yes
  dof__on:b=no
  dof__farDofAmountPercent:r=0.0
  dof__farDofEnd:r=200.0
  dof__farDofStart:r=2.0
  dof__nearDofAmountPercent:r=0.0
  dof__nearDofEnd:r=0.5
  dof__nearDofStart:r=0.01
  dof__minCheckDistance:r=0.05
  dof__bokehShape_kernelSize:r=2.8
  dof__bokehShape_bladesCount:r=9.0
}

entity{
  _template:t="camera_scenic_place_dof"
  scene:t="shop_items"
  fov:r=60.0
  transform:m=[[-0.877192, 0.00660876, 0.480093] [0.0904638, 0.984272, 0.15174] [-0.471539, 0.176536, -0.863994] [7.8678, 23.9679, 86.7269]]
  menu_cam__limitYaw:p2=-180.0, 180.0
  menu_cam__limitPitch:p2=-30.0, 30.0
  menu_cam__shouldRotateTarget:b=yes
  dof__on:b=no
  dof__farDofAmountPercent:r=0.0
  dof__farDofEnd:r=200.0
  dof__farDofStart:r=2.0
  dof__nearDofAmountPercent:r=0.0
  dof__nearDofEnd:r=0.5
  dof__nearDofStart:r=0.01
  dof__minCheckDistance:r=0.05
  dof__bokehShape_kernelSize:r=2.8
  dof__bokehShape_bladesCount:r=9.0
}

entity{
  _template:t="menu_new_items"
  transform:m=[[0.637509, -0.196664, 0.74492] [0.0997916, 0.979805, 0.173273] [-0.763953, -0.0361265, 0.64426] [7.04563, 24.2275, 85.2036]]
}

entity{
  _template:t="menu_battle_pass"
  transform:m=[[-0.71417, 0.0763896, -0.695791] [-0.672431, -0.350963, 0.651661] [-0.194416, 0.933268, 0.302014] [27.1512, 22.854, 395.587]]
}

entity{
  _template:t="camera_scenic_place_dof"
  scene:t="events"
  fov:r=50.0
  transform:m=[[0.020239, 0.00114305, -0.999794] [0.0237837, 0.999716, 0.00162442] [0.999512, -0.0238117, 0.0202061] [-2.56001, 18.2513, 235.653]]
  menu_cam__offset:p3=0.0, 1.07, -5.0
  menu_cam__offsetMult:p3=1.0, 1.0, 1.0
  menu_cam__limitYaw:p2=-180.0, 180.0
  menu_cam__limitPitch:p2=0.0, 0.0
  menu_cam__shouldRotateTarget:b=no
  dof__on:b=yes
  dof__farDofAmountPercent:r=0.1
  dof__farDofStart:r=7.0
  dof__farDofEnd:r=300.0
  dof__nearDofAmountPercent:r=0.0
  dof__bokehShape_kernelSize:r=2.8
  dof__bokehShape_bladesCount:r=9.0
}

entity{
  _template:t="camera_scenic_place_dof"
  fov:r=90.0
  transform:m=[[-0.0560272, 0.0, 0.998429] [0.00857311, 0.999963, 0.000481083] [-0.998392, 0.0085866, -0.0560251] [28.4184, 22.619, 395.664]]
  scene:t="battle_pass"
  menu_cam__limitYaw:p2=-180.0, 180.0
  menu_cam__limitPitch:p2=-30.0, 30.0
  menu_cam__shouldRotateTarget:b=yes
  dof__on:b=yes
  dof__farDofAmountPercent:r=0.0028
  dof__farDofStart:r=1.5
  dof__farDofEnd:r=300.0
  dof__bokehShape_kernelSize:r=8.0
  dof__fStop:r=4.3
  dof__bokehShape_bladesCount:r=2.0
  dof__minCheckDistance:r=1.0
  dof__nearDofAmountPercent:r=0.0
  dof__is_filmic:b=no
}

entity{
  _template:t="menu_vehicle_respawnbase"
  transform:m=[[0.178826, -0.0310858, 0.98339] [0.0240129, 0.99934, 0.0272233] [-0.983588, 0.0187458, 0.179454] [-500.403, 0.163004, 90.5179]]
}

entity{
  _template:t="menu_machinegun_respawnbase"
  transform:m=[[-0.976561, 0.0, 0.215245] [0.0, 1.0, 0.0] [-0.215245, 0.0, -0.976561] [-495.311, 0.183946, 92.0619]]
}

entity{
  _template:t="menu_item_respawnbase"
  transform:m=[[-0.71417, 0.0763896, -0.695791] [-0.672431, -0.350963, 0.651661] [-0.194416, 0.933268, 0.302014] [7.04563, 24.2208, 85.4106]]
  priority_order:i=0
}

entity{
  _template:t="menu_item_respawnbase"
  transform:m=[[-0.71417, 0.0763896, -0.695791] [-0.672431, -0.350963, 0.651661] [-0.194416, 0.933268, 0.302014] [7.04563, 24.2208, 85.4106]]
  priority_order:i=1
}

entity{
  _template:t="menu_item_respawnbase"
  transform:m=[[-0.71417, 0.0763896, -0.695791] [-0.672431, -0.350963, 0.651661] [-0.194416, 0.933268, 0.302014] [7.04563, 24.2208, 85.4106]]
  priority_order:i=2
}

entity{
  _template:t="menu_item_respawnbase"
  transform:m=[[-0.71417, 0.0763896, -0.695791] [-0.672431, -0.350963, 0.651661] [-0.194416, 0.933268, 0.302014] [7.04563, 24.2208, 85.4106]]
  priority_order:i=3
}

entity{
  _template:t="menu_item_respawnbase"
  transform:m=[[-0.71417, 0.0763896, -0.695791] [-0.672431, -0.350963, 0.651661] [-0.194416, 0.933268, 0.302014] [7.04563, 24.2208, 85.4106]]
  priority_order:i=4
}

entity{
  _template:t="menu_item_respawnbase"
  transform:m=[[-0.71417, 0.0763896, -0.695791] [-0.672431, -0.350963, 0.651661] [-0.194416, 0.933268, 0.302014] [7.04563, 24.2208, 85.4106]]
  priority_order:i=5
}

entity{
  _template:t="menu_item_respawnbase"
  transform:m=[[-0.71417, 0.0763896, -0.695791] [-0.672431, -0.350963, 0.651661] [-0.194416, 0.933268, 0.302014] [7.04563, 24.2208, 85.4106]]
  priority_order:i=6
}

entity{
  _template:t="menu_item_respawnbase"
  transform:m=[[-0.71417, 0.0763896, -0.695791] [-0.672431, -0.350963, 0.651661] [-0.194416, 0.933268, 0.302014] [7.04563, 24.2208, 85.4106]]
  priority_order:i=7
}

entity{
  _template:t="menu_item_respawnbase"
  transform:m=[[-0.71417, 0.0763896, -0.695791] [-0.672431, -0.350963, 0.651661] [-0.194416, 0.933268, 0.302014] [7.04563, 24.2208, 85.4106]]
  priority_order:i=8
}

entity{
  _template:t="menu_soldier_respawnbase"
  transform:m=[[0.925897, 0.0, 0.377779] [0.0, 1.0, -0.0] [-0.377779, 0.0, 0.925897] [-496.129, 0.167228, 92.5417]]
  priority_order:i=0
}

entity{
  _template:t="menu_soldier_respawnbase"
  transform:m=[[0.858332, 0.0, 0.513096] [0.0, 1.0, -0.0] [-0.513096, 0.0, 0.858332] [-496.939, 0.170996, 92.8408]]
  priority_order:i=1
}

entity{
  _template:t="menu_soldier_respawnbase"
  transform:m=[[0.91021, -0.000925899, 0.414144] [0.00196028, 0.999996, -0.00207264] [-0.41414, 0.00269837, 0.910208] [-496.76, 0.159716, 91.7205]]
  priority_order:i=2
}

entity{
  _template:t="menu_soldier_respawnbase"
  transform:m=[[0.782445, 0.0, 0.622718] [0.0, 1.0, -0.0] [-0.622719, 0.0, 0.782446] [-496.224, 0.156486, 91.6201]]
  priority_order:i=3
}

entity{
  _template:t="menu_soldier_respawnbase"
  transform:m=[[0.995366, 0.0, 0.0961497] [0.0, 1.0, -0.0] [-0.0961497, 0.0, 0.995366] [-497.702, 0.163704, 92.9297]]
  priority_order:i=4
}

entity{
  _template:t="menu_soldier_respawnbase"
  priority_order:i=5
  transform:m=[[0.944977, 0.0, 0.327135] [0.0, 1.0, -0.0] [-0.327135, 0.0, 0.944977] [-497.561, 0.44115, 92.3961]]
}

entity{
  _template:t="menu_soldier_respawnbase"
  transform:m=[[0.878428, 0.0, 0.477874] [0.0, 1.0, -0.0] [-0.477875, 0.0, 0.878428] [-497.536, 0.449725, 91.6742]]
  priority_order:i=6
}

entity{
  _template:t="menu_soldier_respawnbase"
  transform:m=[[0.451678, 0.0, 0.892181] [0.0, 1.0, -0.0] [-0.892181, 0.0, 0.451678] [-495.408, 0.156932, 92.6978]]
  priority_order:i=7
}

entity{
  _template:t="menu_soldier_respawnbase"
  transform:m=[[0.986926, 0.0, 0.16117] [0.0, 1.0, -0.0] [-0.16117, 0.0, 0.986926] [-495.026, 0.17391, 93.5838]]
  priority_order:i=8
}

entity{
  _template:t="screen_fade_anim"
  screen_fade:r=0.0
  anim_track_on:b=no
}

entity{
  _template:t="light_bunker_ceiling"
  transform:m=[[-0.807212, -0.144102, 6.68785] [-6.68887, 0.103997, -0.805099] [-0.0860085, -6.73564, -0.155526] [292.708, 6.3444, 81.3415]]
  light__max_radius:r=7.0
  spot_light__shadows:b=yes
  spot_light__dynamic_obj_shadows:b=yes
  spot_light__shadow_shrink:i=0
  light__color:c=225, 185, 155, 255
  light__brightness:r=150.0
  spot_light__inner_attenuation:r=0.9
  light__affect_volumes:b=no
  spot_light__contact_shadows:b=no
  spot_light__dynamic_light:b=no
}

entity{
  _template:t="spot_light"
  transform:m=[[-2.41536, 0.311447, 0.418209] [-0.325513, -2.44882, -0.0563252] [0.407357, -0.110149, 2.43472] [7.31354, 24.3079, 83.7363]]
  light__brightness:r=1.0
  spot_light__shadows:b=yes
  spot_light__dynamic_obj_shadows:b=yes
  light__max_radius:r=6.0
  spot_light__inner_attenuation:r=0.1
  spot_light__shadow_shrink:i=0
  spot_light__dynamic_light:b=no
  light__color:c=255, 255, 255, 255
  light__affect_volumes:b=no
}

entity{
  _template:t="light_bunker_ceiling"
  transform:m=[[-0.340265, -0.0607434, 2.81914] [-2.81958, 0.043838, -0.339375] [-0.0362554, -2.83928, -0.0655593] [296.598, 6.58089, 85.1232]]
  light__max_radius:r=9.0
  spot_light__shadows:b=yes
  spot_light__dynamic_obj_shadows:b=yes
  spot_light__shadow_shrink:i=0
  light__color:c=225, 185, 185, 255
  light__brightness:r=150.0
  spot_light__inner_attenuation:r=0.1
  light__affect_volumes:b=no
}

entity{
  _template:t="light_bunker_ceiling"
  transform:m=[[-0.306095, 0.00160525, 2.53571] [-2.53563, -0.0233167, -0.306071] [0.0229564, -2.55405, 0.004388] [299.593, 6.05958, 80.6485]]
  light__max_radius:r=9.0
  spot_light__shadows:b=yes
  spot_light__dynamic_obj_shadows:b=yes
  spot_light__shadow_shrink:i=0
  light__color:c=225, 185, 185, 255
  light__brightness:r=120.0
  spot_light__inner_attenuation:r=0.9
  light__affect_volumes:b=no
  spot_light__contact_shadows:b=no
}

entity{
  _template:t="light_bunker_ceiling"
  transform:m=[[2.66203, -0.803679, 0.0484583] [-0.0424922, 0.0269165, 2.7807] [-0.804024, -2.66236, 0.0134846] [7.71798, 25.4946, 85.2272]]
  light__brightness:r=4.0
  light__affect_volumes:b=no
  spot_light__contact_shadows:b=yes
}

entity{
  _template:t="spot_light"
  transform:m=[[2.26987, -0.0446162, 0.363987] [-0.364246, -0.0105266, 2.27022] [-0.0423901, -2.29882, -0.0174653] [310.774, 17.8857, -250.501]]
  light__brightness:r=1800.0
  light__max_radius:r=11.0
  spot_light__inner_attenuation:r=0.1
  light__color:c=55, 55, 65, 255
  spot_light__dynamic_obj_shadows:b=yes
  spot_light__shadows:b=yes
  spot_light__dynamic_light:b=no
  spot_light__contact_shadows:b=yes
  light__render_gpu_objects:b=no
  light__affect_volumes:b=no
  spot_light__shadow_shrink:i=0
}

entity{
  _template:t="spot_light"
  transform:m=[[2.10647, 4.02258, -0.622231] [4.0231, -2.16395, -0.369838] [-0.618392, -0.376214, -4.52561] [316.639, 10.4078, -243.171]]
  light__brightness:r=210.0
  light__max_radius:r=12.0
  spot_light__inner_attenuation:r=0.1
  light__color:c=255, 40, 10, 255
  spot_light__dynamic_obj_shadows:b=yes
  spot_light__shadows:b=yes
  spot_light__dynamic_light:b=no
  spot_light__contact_shadows:b=yes
  light__render_gpu_objects:b=no
  light__affect_volumes:b=no
  spot_light__shadow_shrink:i=0
}

entity{
  _template:t="spot_light"
  transform:m=[[-0.64683, -0.51949, 4.63274] [-3.14907, -3.40004, -0.820939] [3.43739, -3.21257, 0.119695] [-501.186, 5.31604, 92.3743]]
  light__brightness:r=25.0
  light__color:c=255, 255, 255, 255
  light__max_radius:r=6.0
  spot_light__inner_attenuation:r=0.1
  spot_light__dynamic_obj_shadows:b=no
  spot_light__shadows:b=no
  light__affect_volumes:b=no
  spot_light__dynamic_light:b=no
  spot_light__contact_shadows:b=no
}

entity{
  _template:t="omni_light_huge"
  transform:m=[[-0.570437, -0.666377, 26.1711] [-5.94416, 25.4969, 0.519658] [-25.4961, -5.92955, -0.706651] [298.275, 21.7973, -238.058]]
  light__brightness:r=6.0
  light__max_radius:r=10.0
  light__color:c=255, 255, 255, 255
  light__affect_volumes:b=yes
  light__contact_shadows:b=no
  omni_light__shadow_quality:i=0
}

entity{
  _template:t="spot_light"
  transform:m=[[3.70321, 2.23836, -2.2286] [-2.96132, 3.65498, -1.24977] [1.09877, 2.30677, 4.14267] [304.509, 10.7765, -256.863]]
  light__brightness:r=1200.0
  light__max_radius:r=12.0
  spot_light__inner_attenuation:r=0.1
  light__color:c=55, 55, 65, 255
  spot_light__dynamic_obj_shadows:b=yes
  spot_light__shadows:b=yes
  spot_light__dynamic_light:b=no
  spot_light__contact_shadows:b=no
  light__render_gpu_objects:b=no
  light__affect_volumes:b=no
}

entity{
  _template:t="spot_light"
  transform:m=[[-2.77041, 2.22309, 15.4882] [9.43334, 12.7862, -0.147895] [-12.4834, 9.16886, -3.54897] [316.935, 10.9355, -250.44]]
  light__brightness:r=410.0
  light__max_radius:r=8.2
  spot_light__inner_attenuation:r=0.1
  light__color:c=55, 55, 65, 255
  spot_light__dynamic_obj_shadows:b=no
  spot_light__shadows:b=yes
  spot_light__dynamic_light:b=no
  spot_light__contact_shadows:b=yes
  light__render_gpu_objects:b=no
  light__affect_volumes:b=no
}

entity{
  _template:t="omni_light_huge"
  transform:m=[[-3.38932, -3.95935, 155.499] [-35.318, 151.493, 3.0876] [-151.488, -35.2312, -4.19865] [13.4763, 13.1363, 236.746]]
  light__brightness:r=700.0
  light__max_radius:r=11.5
  light__color:c=255, 255, 255, 255
}

entity{
  _template:t="omni_light_huge"
  transform:m=[[-4.22994, -0.208072, 155.529] [1.53152, 155.578, 0.249791] [-155.522, 1.53775, -4.22771] [21.4694, 21.6556, 396.124]]
  light__brightness:r=200.0
  light__max_radius:r=25.5
  light__color:c=255, 255, 255, 255
  light__affect_volumes:b=yes
}

entity{
  _template:t="envir_sparks_ground_1m_effect+disable_sound_effect"
  transform:m=[[1.0, 0.0, 0.0] [0.0, 1.0, 0.0] [0.0, 0.0, 1.0] [-0.572235, 11.1137, 237.172]]
}

entity{
  _template:t="envir_sparks_ground_1m_effect+disable_sound_effect"
  transform:m=[[1.0, 0.0, 0.0] [0.0, 1.0, 0.0] [0.0, 0.0, 1.0] [0.0867553, 10.9715, 239.341]]
}

entity{
  _template:t="envir_sparks_ground_1m_effect+disable_sound_effect"
  transform:m=[[1.0, 0.0, 0.0] [0.0, 1.0, 0.0] [0.0, 0.0, 1.0] [-0.423335, 10.5746, 235.103]]
}

entity{
  _template:t="envir_sparks_ground_1m_effect+disable_sound_effect"
  transform:m=[[1.0, 0.0, 0.0] [0.0, 1.0, 0.0] [0.0, 0.0, 1.0] [26.4908, 21.3944, 392.687]]
}

entity{
  _template:t="envir_sparks_ground_1m_effect+disable_sound_effect"
  transform:m=[[1.0, 0.0, 0.0] [0.0, 1.0, 0.0] [0.0, 0.0, 1.0] [26.4908, 21.3944, 397.771]]
}

entity{
  _template:t="envir_sparks_ground_1m_effect+disable_sound_effect"
  transform:m=[[1.0, 0.0, 0.0] [0.0, 1.0, 0.0] [0.0, 0.0, 1.0] [26.4908, 21.3944, 395.55]]
}

entity{
  _template:t="spot_light"
  transform:m=[[0.95461, -2.13961, -3.60676] [1.37777, -3.33369, 2.34228] [-3.96084, -1.67527, -0.0545187] [-188.616, 1.53559, -216.18]]
  light__brightness:r=6.0
  light__color:c=155, 135, 135, 255
  light__max_radius:r=4.0
  spot_light__inner_attenuation:r=0.1
  spot_light__dynamic_obj_shadows:b=yes
  spot_light__shadows:b=yes
  light__affect_volumes:b=no
  spot_light__contact_shadows:b=yes
  spot_light__dynamic_light:b=no
  light__render_gpu_objects:b=no
  light__dynamic_light:b=no
  spot_light__shadow_shrink:i=0
}

entity{
  _template:t="spot_light"
  transform:m=[[-0.820323, 0.00879329, -0.826401] [0.00850751, -1.16424, -0.020833] [-0.826397, -0.0207137, 0.820099] [-175.821, 1.52157, -374.699]]
  light__brightness:r=1.0
  light__color:c=155, 125, 125, 255
  light__max_radius:r=3.0
  spot_light__inner_attenuation:r=0.1
  spot_light__dynamic_obj_shadows:b=yes
  spot_light__shadows:b=yes
  light__affect_volumes:b=no
  spot_light__contact_shadows:b=yes
}

entity{
  _template:t="spot_light"
  transform:m=[[1.39435, 0.0240074, -2.857] [0.0613529, -3.1786, 0.00323324] [-2.85643, -0.0565528, -1.39455] [-174.975, 2.38699, -371.176]]
  light__brightness:r=54.0
  light__color:c=155, 125, 125, 255
  light__max_radius:r=5.0
  spot_light__inner_attenuation:r=0.1
  spot_light__dynamic_obj_shadows:b=yes
  spot_light__shadows:b=yes
  light__affect_volumes:b=no
  spot_light__contact_shadows:b=yes
}

entity{
  _template:t="spot_light"
  transform:m=[[0.344003, 0.00879329, 1.11245] [-0.0171926, -1.16424, 0.0145191] [1.11234, -0.0207138, -0.343806] [-178.263, 1.49252, -372.706]]
  light__brightness:r=14.0
  light__color:c=105, 210, 250, 255
  light__max_radius:r=2.0
  spot_light__inner_attenuation:r=0.1
  spot_light__dynamic_obj_shadows:b=yes
  spot_light__shadows:b=yes
  light__affect_volumes:b=no
  spot_light__contact_shadows:b=yes
}

entity{
  _template:t="spot_light"
  transform:m=[[-0.658341, 0.44617, -9.63723] [9.6337, 0.545989, -0.632823] [0.514942, -9.64416, -0.481667] [-1.75008, 28.6436, 85.1186]]
  light__brightness:r=590.0
  light__max_radius:r=25.0
  spot_light__inner_attenuation:r=0.1
  light__color:c=155, 210, 255, 255
  spot_light__dynamic_obj_shadows:b=no
  spot_light__shadows:b=no
  spot_light__dynamic_light:b=no
  spot_light__contact_shadows:b=no
  light__render_gpu_objects:b=no
  light__affect_volumes:b=yes
}

entity{
  _template:t="omni_light_huge"
  transform:m=[[-0.0566438, -0.00278632, 2.08271] [0.0205088, 2.08337, 0.00334499] [-2.08262, 0.0205922, -0.0566139] [8.43472, 22.8009, 85.2143]]
  light__brightness:r=1.0
  light__max_radius:r=4.0
  light__color:c=255, 255, 255, 255
  light__affect_volumes:b=no
  omni_light__shadows:b=no
}

entity{
  _template:t="omni_light_huge"
  transform:m=[[-0.732326, -0.0360233, 26.9266] [0.265151, 26.9351, 0.0432461] [-26.9254, 0.266229, -0.731939] [29.0781, 23.4943, 395.657]]
  light__brightness:r=5.0
  light__max_radius:r=4.0
  light__color:c=255, 255, 255, 255
  light__affect_volumes:b=no
  omni_light__shadows:b=no
}

entity{
  _template:t="spot_light"
  transform:m=[[0.84637, 0.279283, 0.453496] [0.150075, 0.691919, -0.706203] [-0.511014, 0.665769, 0.543707] [-184.247, -3.53415, 391.739]]
  light__brightness:r=71.0
  spot_light__shadows:b=yes
  spot_light__dynamic_obj_shadows:b=no
  light__max_radius:r=9.0
  spot_light__inner_attenuation:r=0.1
  spot_light__shadow_shrink:i=0
  spot_light__dynamic_light:b=no
  light__color:c=245, 80, 30, 255
  light__affect_volumes:b=no
}

entity{
  _template:t="spot_light"
  transform:m=[[0.621294, 0.280308, -0.731725] [-0.323083, 0.942391, 0.0866858] [0.713871, 0.182551, 0.676066] [-198.095, -3.18013, 389.619]]
  light__brightness:r=141.0
  spot_light__shadows:b=yes
  spot_light__dynamic_obj_shadows:b=no
  light__max_radius:r=9.0
  spot_light__inner_attenuation:r=0.1
  spot_light__shadow_shrink:i=0
  spot_light__dynamic_light:b=no
  light__color:c=245, 80, 30, 255
  light__affect_volumes:b=no
}

entity{
  _template:t="light_bunker_ceiling"
  transform:m=[[-2.70435, 0.762639, 2.2531] [-2.31297, -0.046781, -2.76038] [-0.555242, -3.51966, 0.524894] [-186.553, 1.29413, 395.906]]
  light__brightness:r=16.0
  light__max_radius:r=8.0
  spot_light__shadows:b=yes
  spot_light__dynamic_obj_shadows:b=yes
  spot_light__shadow_shrink:i=0
  light__color:c=255, 230, 200, 255
  spot_light__inner_attenuation:r=0.6
  light__affect_volumes:b=no
}

entity{
  _template:t="light_bunker_ceiling"
  transform:m=[[-2.05208, -0.0572686, 1.71933] [-1.72021, 0.0413302, -2.05176] [0.0173461, -2.67686, -0.0684677] [-188.791, 2.14583, 399.668]]
  light__max_radius:r=15.0
  spot_light__shadows:b=yes
  spot_light__dynamic_obj_shadows:b=yes
  spot_light__shadow_shrink:i=0
  light__color:c=255, 230, 200, 255
  light__brightness:r=26.0
  spot_light__inner_attenuation:r=0.6
  spot_light__dynamic_light:b=no
  light__affect_volumes:b=no
}

entity{
  _template:t="light_bunker_ceiling"
  transform:m=[[-4.41366, -0.123174, 3.69797] [-3.69986, 0.0888937, -4.41295] [0.0373082, -5.75744, -0.147261] [-193.982, 2.41883, 390.509]]
  light__brightness:r=36.0
  light__max_radius:r=11.0
  spot_light__shadows:b=yes
  spot_light__dynamic_obj_shadows:b=yes
  spot_light__shadow_shrink:i=0
  light__color:c=255, 230, 200, 255
  spot_light__inner_attenuation:r=0.6
  light__affect_volumes:b=no
}

entity{
  _template:t="light_bunker_ceiling"
  transform:m=[[-4.06388, -0.113413, 3.40491] [-3.40665, 0.081849, -4.06323] [0.0343516, -5.30117, -0.135591] [-194.039, 2.41883, 397.294]]
  light__brightness:r=16.0
  light__max_radius:r=11.0
  spot_light__shadows:b=yes
  spot_light__dynamic_obj_shadows:b=yes
  spot_light__shadow_shrink:i=0
  light__color:c=255, 230, 200, 255
  spot_light__inner_attenuation:r=0.6
  light__affect_volumes:b=no
}

entity{
  _template:t="spot_light"
  transform:m=[[0.84637, 0.279283, 0.453496] [0.150075, 0.691919, -0.706203] [-0.511014, 0.665769, 0.543707] [-177.744, -3.90586, 237.269]]
  light__brightness:r=141.0
  spot_light__shadows:b=yes
  spot_light__dynamic_obj_shadows:b=no
  light__max_radius:r=9.0
  spot_light__inner_attenuation:r=0.1
  spot_light__shadow_shrink:i=3
  spot_light__dynamic_light:b=no
  light__color:c=245, 80, 30, 255
  light__affect_volumes:b=no
}

entity{
  _template:t="spot_light"
  transform:m=[[0.908689, 0.00879329, -0.728121] [0.0198131, -1.16424, 0.0106683] [-0.727906, -0.0207157, -0.90866] [-175.383, -1.29308, 247.889]]
  light__brightness:r=15.0
  light__color:c=155, 125, 125, 255
  light__max_radius:r=11.0
  spot_light__inner_attenuation:r=0.1
  spot_light__dynamic_obj_shadows:b=yes
  spot_light__shadows:b=yes
  light__affect_volumes:b=no
}

entity{
  _template:t="spot_light"
  transform:m=[[-0.927958, 0.00879329, -0.703408] [0.00550681, -1.16424, -0.0218189] [-0.703433, -0.0207137, 0.927733] [-175.469, -1.58104, 244.892]]
  light__brightness:r=1.0
  light__color:c=215, 210, 210, 255
  light__max_radius:r=4.0
  spot_light__inner_attenuation:r=0.1
  spot_light__dynamic_obj_shadows:b=yes
  spot_light__shadows:b=yes
  light__affect_volumes:b=no
  spot_light__contact_shadows:b=yes
  spot_light__shadow_shrink:i=0
}

entity{
  _template:t="light_bunker_ceiling"
  transform:m=[[0.230278, -0.938847, 2.49719] [-2.35998, 1.09726, 0.630152] [-1.2442, -2.25502, -0.733069] [-179.966, 5.651, -375.86]]
  light__max_radius:r=10.0
  spot_light__shadows:b=yes
  spot_light__dynamic_obj_shadows:b=yes
  spot_light__shadow_shrink:i=1
  light__color:c=255, 230, 200, 255
  light__brightness:r=120.0
  spot_light__inner_attenuation:r=0.1
  spot_light__dynamic_light:b=no
  light__affect_volumes:b=no
}

entity{
  _template:t="spot_light"
  transform:m=[[0.84637, 0.279283, 0.453496] [0.150075, 0.691919, -0.706203] [-0.511014, 0.665769, 0.543707] [-177.532, 0.298264, -382.484]]
  light__brightness:r=241.0
  spot_light__shadows:b=yes
  spot_light__dynamic_obj_shadows:b=yes
  light__max_radius:r=10.0
  spot_light__inner_attenuation:r=0.1
  spot_light__shadow_shrink:i=0
  spot_light__dynamic_light:b=no
  light__color:c=245, 80, 30, 255
  light__affect_volumes:b=no
}

entity{
  _template:t="spot_light"
  transform:m=[[1.16941, -0.68127, -0.996854] [-0.906232, -1.4123, -0.0979135] [-0.797879, 0.605561, -1.34985] [-493.992, 1.20692, 93.9076]]
  light__brightness:r=2.5
  light__color:c=155, 125, 125, 255
  light__max_radius:r=4.0
  spot_light__inner_attenuation:r=0.1
  spot_light__dynamic_obj_shadows:b=no
  spot_light__shadows:b=no
  light__affect_volumes:b=no
  spot_light__dynamic_light:b=no
  spot_light__contact_shadows:b=no
}

entity{
  _template:t="spot_light"
  transform:m=[[-0.909275, 0.279283, -0.308577] [-0.0322463, 0.691919, 0.721253] [0.414945, 0.665769, -0.62014] [290.789, 1.26243, 87.6286]]
  light__brightness:r=341.0
  spot_light__shadows:b=yes
  spot_light__dynamic_obj_shadows:b=no
  light__max_radius:r=8.0
  spot_light__inner_attenuation:r=0.1
  spot_light__shadow_shrink:i=0
  spot_light__dynamic_light:b=no
  light__color:c=245, 80, 30, 255
  light__affect_volumes:b=no
}

entity{
  _template:t="light_bunker_ceiling"
  transform:m=[[-0.139502, -0.0249036, 1.15579] [-1.15597, 0.0179727, -0.139137] [-0.014864, -1.16405, -0.026878] [299.857, 6.58089, 90.5873]]
  light__max_radius:r=5.0
  spot_light__shadows:b=no
  spot_light__dynamic_obj_shadows:b=no
  spot_light__shadow_shrink:i=0
  light__color:c=225, 140, 110, 255
  light__brightness:r=56.0
  spot_light__inner_attenuation:r=0.9
  light__affect_volumes:b=yes
}

entity{
  _template:t="light_bunker_ceiling"
  transform:m=[[-0.139502, -0.0249036, 1.15579] [-1.15597, 0.0179727, -0.139137] [-0.014864, -1.16405, -0.026878] [308.844, 6.58089, 90.5873]]
  light__max_radius:r=5.0
  spot_light__shadows:b=no
  spot_light__dynamic_obj_shadows:b=no
  spot_light__shadow_shrink:i=0
  light__color:c=225, 140, 110, 255
  light__brightness:r=5.0
  spot_light__inner_attenuation:r=0.9
  light__affect_volumes:b=yes
}

entity{
  _template:t="light_bunker_ceiling"
  transform:m=[[-0.139502, -0.0249036, 1.15579] [-1.15597, 0.0179727, -0.139137] [-0.014864, -1.16405, -0.026878] [304.97, 6.58089, 82.243]]
  light__max_radius:r=5.0
  spot_light__shadows:b=no
  spot_light__dynamic_obj_shadows:b=no
  spot_light__shadow_shrink:i=0
  light__color:c=225, 140, 110, 255
  light__brightness:r=30.0
  spot_light__inner_attenuation:r=0.9
  light__affect_volumes:b=yes
}

entity{
  _template:t="light_bunker_ceiling"
  transform:m=[[-0.139502, -0.0249036, 1.15579] [-1.15597, 0.0179727, -0.139137] [-0.014864, -1.16405, -0.026878] [299.82, 6.58089, 73.9774]]
  light__max_radius:r=5.0
  spot_light__shadows:b=no
  spot_light__dynamic_obj_shadows:b=no
  spot_light__shadow_shrink:i=0
  light__color:c=225, 140, 110, 255
  light__brightness:r=16.0
  spot_light__inner_attenuation:r=0.9
  light__affect_volumes:b=yes
}

entity{
  _template:t="light_bunker_ceiling"
