import{
  scene:t="content/enlisted/gamedata/scenes/_normandy_sounds.blk"
}

import{
  scene:t="content/enlisted/gamedata/scenes/_normandy_shore_sound.blk"
}

entity{
  _template:t="level"
  level__blk:t="content/enlisted/levels/normandy_coastal_area_1x1.blk"
  level__timeRange:p2=5.0, 19.2
  level__day:i=9
  level__month:i=6

  "level__weatherChoice:object"{
    weather_clear_a:r=1.0
  }

  "level__timeVec:array"{
    level_timeVec:r=16.5
  }
}

entity{
  _template:t="water"
  water__strength:r=0.27
}

entity{
  _template:t="wind"
  wind__strength:r=2.0
}

entity{
  _template:t="session_finalizer"
  session_finalizer__timer:r=10.0
}

entity{
  _template:t="door_mult_ent_generator"
  ri_extra_gen__blk:t="content/e_normandy/gamedata/normandy_doors.blk"
}

entity{
  _template:t="shaderVars"

  "shader_vars__vars:object"{
    hmap_displacement_up:r=0.3
    ocean1:p4=0.267, 0.251, 0.125, 0.0
    ocean0:p4=0.278, 0.247, 0.129, 0.0
    ocean_density:r=0.4
    puddle_hardness:r=33.0
    puddle_flat_noise_normal_effect:r=0.015
    puddle_flat_normal_hardness:r=45.0
    land_selfillum_worldscale:r=0.9
    river1:p4=0.247, 0.267, 0.204, 0.0
    river0:p4=0.392, 0.396, 0.29, 0.0
    hmap_displacement_down:r=-0.15
    puddle_flat_hmap_reduce:r=-0.0095
    leaves_ss_profile:p4=0.514, 0.569, 0.447, 0.0
    autodetect_land_selfillum_color:p4=0.53, 0.0, 0.0, 0.16
    paint_details_tex:t="normandy_wall_color_tex_palette*"
    puddle_increase:r=-0.02
    land_selfillum_strength:r=32.0
    water_color_noise_size:r=737.0
    puddle_flat_noise_height_reduce:r=0.09
    water_depth_hardness:r=0.1
    max_river_width:r=50.0
    river_density:r=5.0
  }
}

entity{
  _template:t="postfx_color_grading_tonemap_death_alive_enlisted"
}

entity{
  _template:t="postfx_roundctrl"
}

entity{
  _template:t="pzkpfw_vi_ausf_e_tiger_a_destroyed"
  transform:m=[[0.928588, -0.00941934, 0.370993] [0.0223668, 0.999281, -0.0306123] [-0.370438, 0.0367241, 0.928131] [268.286, -0.232569, -226.467]]
}

entity{
  _template:t="pzkpfw_vi_ausf_e_tiger_a_destroyed"
  transform:m=[[0.338625, 0.0271202, 0.94053] [0.00950146, 0.999435, -0.0322395] [-0.940873, 0.0198535, 0.338176] [274.8, -0.251644, -359.665]]
}

entity{
  _template:t="m4a2_sherman_1944_body_destroyed"
  transform:m=[[0.809379, -0.0527859, 0.58491] [0.0609377, 0.998125, 0.00575345] [-0.584117, 0.0309864, 0.811078] [197.911, -0.114694, -315.773]]
}

entity{
  _template:t="pzkpfw_v_ausf_g_panther_a_destroyed"
  transform:m=[[0.889054, -0.000230448, -0.457802] [0.0154417, 0.999446, 0.0294848] [0.457542, -0.0332829, 0.888565] [264.021, -0.235016, -276.909]]
}

entity{
  _template:t="m4a2_sherman_1944_destroyed"
  transform:m=[[-0.166675, 0.0179235, -0.985849] [-0.0179235, 0.999615, 0.0212041] [0.985849, 0.0212041, -0.166289] [188.13, -0.244201, -260.37]]
}

entity{
  _template:t="m4a2_sherman_1944_destroyed"
  transform:m=[[-0.34375, -0.00802754, -0.939027] [-0.0100052, 0.999938, -0.00488564] [0.939008, 0.00771573, -0.343809] [252.159, -0.289603, -148.761]]
}

entity{
  _template:t="pzkpfw_vi_ausf_e_tiger_a_destroyed"
  transform:m=[[-0.0254179, -0.0756601, 0.99681] [0.215105, 0.973361, 0.0793653] [-0.97626, 0.216436, -0.00846589] [198.207, -0.496548, -192.858]]
}

entity{
  _template:t="fire_bonfire_huge_effect"
  transform:m=[[1.0, 0.0, 0.0] [0.0, 1.0, 0.0] [0.0, 0.0, 1.0] [280.892, -1.46192, 76.5882]]
}

entity{
  _template:t="pzkpfw_v_ausf_g_panther_a_destroyed"
  transform:m=[[0.919814, -0.0424811, 0.390049] [0.0325752, 0.998958, 0.03198] [-0.391001, -0.0167098, 0.920239] [204.707, -0.17863, -229.317]]
}

entity{
  _template:t="m4a2_sherman_1944_destroyed"
  transform:m=[[0.177377, -0.0276088, 0.983756] [-0.0127393, 0.999458, 0.0303465] [-0.98406, -0.0179151, 0.176929] [148.646, -0.202618, -237.113]]
}

entity{
  _template:t="m4a2_sherman_1944_destroyed"
  transform:m=[[-0.390252, 0.0338952, -0.920084] [0.0132954, 0.999425, 0.0311789] [0.920612, -6.5254e-05, -0.390479] [255.526, -0.242231, -303.08]]
}

entity{
  _template:t="m4a2_sherman_1944_destroyed"
  transform:m=[[-0.617637, 0.0118342, -0.786374] [0.0170016, 0.999854, 0.00169346] [0.78628, -0.0123237, -0.617748] [304.337, -0.23937, -215.933]]
}

entity{
  _template:t="m4a2_sherman_1944_body_destroyed"
  transform:m=[[-0.818291, 0.0334561, -0.57383] [0.0282768, 0.999439, 0.0179474] [0.574108, -0.00153986, -0.818778] [326.097, -0.0827376, -153.531]]
}

entity{
  _template:t="m4a2_sherman_1944_body_destroyed"
  transform:m=[[-0.898751, 0.00271304, 0.438451] [0.0182711, 0.999344, 0.031269] [-0.438078, 0.0361141, -0.898211] [287.355, -0.0921417, -338.31]]
}

entity{
  _template:t="m4a2_sherman_1944_destroyed"
  transform:m=[[0.619888, 0.0391356, -0.783714] [-0.0534662, 0.998541, 0.00757353] [0.782867, 0.0372075, 0.621076] [239.726, -0.140909, -345.324]]
}

entity{
  _template:t="pzkpfw_v_ausf_g_panther_a_destroyed"
  transform:m=[[0.970085, 5.54593e-05, 0.242765] [0.00597049, 0.999692, -0.0240864] [-0.242692, 0.0248153, 0.969786] [271.696, -0.24393, -161.433]]
}

entity{
  _template:t="pzkpfw_v_ausf_g_panther_a_destroyed"
  transform:m=[[-0.775085, -0.022532, 0.631455] [-0.0252106, 0.999671, 0.00472591] [-0.631354, -0.0122564, -0.775398] [206.248, -0.226392, -364.414]]
}

entity{
  _template:t="m4a2_sherman_1944_body_destroyed"
  transform:m=[[-0.74571, 0.0226086, -0.665887] [0.0118692, 0.999717, 0.020651] [0.666165, 0.00749609, -0.745767] [224.482, -0.277277, -385.347]]
}

entity{
  _template:t="pzkpfw_vi_ausf_e_tiger_a_destroyed"
  transform:m=[[-0.239205, -0.00669335, 0.970946] [0.00943807, 0.999913, 0.00921823] [-0.970923, 0.0113689, -0.239121] [323.373, -0.266244, -194.949]]
}

entity{
  _template:t="bf_109g_14_a_destroyed"
  transform:m=[[0.071281, 0.0076424, -0.997427] [-0.0347824, 0.999382, 0.00517167] [0.996849, 0.0343243, 0.0715024] [283.727, -0.212447, -205.352]]
}

entity{
  _template:t="m4a2_sherman_1944_turret_destroyed"
  transform:m=[[0.836052, 0.0617785, -0.545161] [0.0362435, 0.985251, 0.167233] [0.547452, -0.159574, 0.821482] [318.715, -0.179963, -161.871]]
}

entity{
  _template:t="ford_gpa"
  transform:m=[[-0.118972, -0.00290513, -0.992893] [-0.00996897, 0.999949, -0.00173126] [0.992848, 0.00969216, -0.118994] [327.636, -0.239949, -122.788]]
}

entity{
  _template:t="ford_gpa"
  transform:m=[[-0.485672, -0.00326075, 0.874135] [0.00289283, 0.999982, 0.00533745] [-0.874136, 0.00512098, -0.485654] [301.646, -0.229822, -406.261]]
}

entity{
  _template:t="ford_gpa"
  transform:m=[[-0.550741, 0.0169539, 0.834504] [0.0730989, 0.996932, 0.0279887] [-0.831469, 0.0764158, -0.550291] [294.72, -0.119007, -407.392]]
}

entity{
  _template:t="ford_gpa"
  transform:m=[[0.382044, -0.000740975, -0.924144] [0.00718096, 0.999972, 0.00216686] [0.924116, -0.00746408, 0.382038] [319.615, -0.225037, -125.482]]
}

entity{
  _template:t="ford_gpa"
  transform:m=[[-0.998055, -0.00669553, 0.0619826] [-0.0046122, 0.999422, 0.0336938] [-0.0621724, 0.0333424, -0.997508] [302.787, -0.212889, -122.038]]
}

entity{
  _template:t="ford_gpa"
  transform:m=[[0.379928, 0.00421232, -0.925007] [0.0587436, 0.997861, 0.0286718] [0.923149, -0.0652314, 0.378868] [183.142, 0.886717, -166.91]]
}

entity{
  _template:t="ford_gpa"
  transform:m=[[0.435217, -0.014491, 0.900209] [0.0165577, 0.99983, 0.00808965] [-0.900173, 0.0113846, 0.435383] [159.441, 2.38901, -308.059]]
}

entity{
  _template:t="ford_gpa"
  transform:m=[[-0.192439, 0.0630959, 0.979278] [0.0426683, 0.997525, -0.0558867] [-0.980381, 0.0310294, -0.194655] [160.344, 2.64729, -398.629]]
}

entity{
  _template:t="ford_gpa"
  transform:m=[[-0.1464, 0.00414898, -0.989217] [-0.150737, 0.98822, 0.0264533] [0.977673, 0.152984, -0.14405] [355.638, 2.19114, -173.595]]
}

entity{
  _template:t="ford_gpa"
  transform:m=[[-0.741411, -0.0341133, 0.670184] [-0.0678589, 0.997399, -0.0243019] [-0.667611, -0.0634956, -0.741797] [306.962, 0.0223015, -398.971]]
}

entity{
  _template:t="screen_fade_anim"
  screen_fade:r=0.9
  anim_track_on:b=yes
}

entity{
  _template:t="ui_disabled"
}

entity{
  _template:t="benchmark"
  benchmark_name:t="normandy_coast"

  "camera_tracks:array"{

    "camera_tracks:object"{
      from_fov:r=90.0
      from_pos:p3=281.835, 3.34522, -249.987
      to_dir:p3=-0.969144, -0.069716, -0.236432
      duration:r=10.0
      to_pos:p3=306.593, 2.12986, -202.307
      to_fov:r=90.0
      from_dir:p3=-0.166326, -0.084005, 0.982486
    }

    "camera_tracks:object"{
      from_fov:r=90.0
      from_pos:p3=209.466, 7.30004, -82.1591
      to_dir:p3=0.065092, 0.000284, -0.997879
      duration:r=10.0
      to_pos:p3=241.507, 7.31693, -89.5658
      to_fov:r=90.0
      from_dir:p3=0.913269, -0.035602, -0.405798
    }

    "camera_tracks:object"{
      from_fov:r=90.0
      from_pos:p3=-58.3553, 43.2524, 148.389
      to_dir:p3=-0.075964, -0.073842, -0.994373
      duration:r=10.0
      to_pos:p3=-149.943, 45.0353, 216.819
      to_fov:r=90.0
      from_dir:p3=-0.978238, -0.090443, -0.186735
    }

    "camera_tracks:object"{
      from_fov:r=90.0
      from_pos:p3=-174.709, 28.2233, -0.176861
      to_dir:p3=-0.477917, -0.016044, 0.878258
      duration:r=10.0
      to_pos:p3=-165.323, 27.6154, 38.7478
      to_fov:r=90.0
      from_dir:p3=0.276492, -0.041964, 0.9601
    }

    "camera_tracks:object"{
      from_fov:r=90.0
      from_pos:p3=-253.752, 23.1321, -191.212
      to_dir:p3=-0.99822, 0.04683, 0.036918
      duration:r=10.0
      to_pos:p3=-282.885, 24.2624, -190.186
      to_fov:r=90.0
      from_dir:p3=-0.999822, 0.016762, 0.008683
    }

    "camera_tracks:object"{
      from_fov:r=90.0
      from_pos:p3=184.985, 12.0458, -319.448
      to_dir:p3=0.500721, -0.170702, -0.84861
      duration:r=10.0
      to_pos:p3=203.257, 12.5114, -206.458
      to_fov:r=90.0
      from_dir:p3=0.768005, -0.2601, 0.585249
    }

    "camera_tracks:object"{
      from_fov:r=90.0
      from_pos:p3=-223.149, 73.4974, 106.791
      to_dir:p3=0.909159, -0.099727, 0.404332
      duration:r=10.0
      to_pos:p3=-302.291, 55.2442, 7.52627
      to_fov:r=90.0
      from_dir:p3=0.399161, -0.278259, -0.873637
    }
  }
}