import{
  scene:t="content/enlisted/gamedata/scenes/_normandy_sounds.blk"
}

import{
  scene:t="content/enlisted/gamedata/scenes/_normandy_beach_fortified_biom_fx.blk"
}

entity{
  _template:t="static_cam"
  camera__active:b=yes
  transform:m=[[0.0, 0.0, -1.0] [0.0, 1.0, 0.0] [1.0, 0.0, 0.0] [-50.0, 10.0, 300.0]]
}

entity{
  _template:t="level"
  level__blk:t="content/enlisted/levels/normandy_beach_fortified_1x1.blk"
  level__timeRange:p2=5.0, 19.2

  "level__weatherChoice:object"{
    weather_cloudy_a:r=1.0
    weather_poor_a:r=0.125
    weather_clear_a:r=0.5
    weather_clear_b:r=1.0
  }

  "level__timeVec:array"{
    level_timeVec:r=6.5
    level_timeVec:r=7.5
    level_timeVec:r=8.5
    level_timeVec:r=17.0
    level_timeVec:r=18.0
  }
}

entity{
  _template:t="minimap_normandy_beach_fortified"
}

entity{
  _template:t="water"
  water__strength:r=1.3
}

entity{
  _template:t="wind"
  wind__strength:r=2.0
}

entity{
  _template:t="postfx_color_grading_tonemap_death_alive_enlisted"
}

entity{
  _template:t="session_timer"
  session_timer__time_left:r=2400.0
}

entity{
  _template:t="session_finalizer"
  session_finalizer__timer:r=10.0
}

entity{
  _template:t="group_activator"

  "activator__activateChoice:object"{
    1_3:r=1.0
  }
}

entity{
  _template:t="shaderVars"

  "shader_vars__vars:object"{
    hmap_displacement_up:r=0.3
    ocean1:c=142, 137, 71, 0
    ocean0:c=76, 63, 5, 0
    ocean_density:r=0.1
    river1:c=142, 137, 71, 0
    river0:c=76, 63, 5, 0
    hmap_displacement_down:r=-0.15
    paint_details_tex:t="normandy_wall_color_tex_palette*"
    water_color_noise_size:r=71.0
    river_density:r=0.3
  }
}

entity{
  _template:t="postfx_roundctrl"
}

entity{
  _template:t="team_usa+team_narrator_invasion_attack"
  team__memberCount:r=0.0
  team__scoreCap:r=2000.0
  team__score:r=2000.0
  team__squadSpawnCost:i=250
  team__firstSpawnCostMul:r=0.0
  team__zeroScoreFailTimer:r=60.0
  team__botTemplate:t="usa_npc_summer_soldier_1"
  team__id:i=1
  team__briefing:t="invasion/attackers_goals"
  team__winSubtitle:t="debriefing/won_invasion_subtitle"
  team__loseSubtitle:t="debriefing/lost_invasion_subtitle"
  team__winTitle:t="debriefing/normandy/usa_won_invasion_title"
  team__spawnBotArmy:t="normandy_allies"
}

entity{
  _template:t="respawnBase"
  transform:m=[[-0.155204, 0.0, 0.987882] [0.0, 1.0, 0.0] [-0.987883, 0.0, -0.155204] [-1841.02, 56.9066, -334.937]]
  groupName:t="1_3"
  team:i=1
  active:b=no
}

entity{
  _template:t="p_51d_5+dm_debug"
  transform:m=[[0.982381, 0.175583, 0.0640127] [-0.176985, 0.984069, 0.0168919] [-0.060027, -0.0279236, 0.997806] [-1838.83, 55.6495, -321.604]]
}

entity{
  _template:t="fire_bonfire_medium_effect"
  transform:m=[[1.0, 0.0, 0.0] [0.0, 1.0, 0.0] [0.0, 0.0, 1.0] [488.05, 60.7262, 112.4]]
}

entity{
  _template:t="fire_bonfire_medium_effect"
  transform:m=[[1.0, 0.0, 0.0] [0.0, 1.0, 0.0] [0.0, 0.0, 1.0] [499.15, 61.686, 111.55]]
}

entity{
  _template:t="fire_bonfire_big_effect"
  transform:m=[[1.0, 0.0, 0.0] [0.0, 1.0, 0.0] [0.0, 0.0, 1.0] [-114.25, 6.83328, 297.8]]
}

entity{
  _template:t="fire_bonfire_medium_effect"
  transform:m=[[1.0, 0.0, 0.0] [0.0, 1.0, 0.0] [0.0, 0.0, 1.0] [-144.5, 4.79309, 283.9]]
}

entity{
  _template:t="fire_bonfire_medium_effect"
  transform:m=[[1.0, 0.0, 0.0] [0.0, 1.0, 0.0] [0.0, 0.0, 1.0] [-426.95, 1.85983, 362.5]]
}

entity{
  _template:t="fire_bonfire_huge_effect"
  transform:m=[[1.0, 0.0, 0.0] [0.0, 1.0, 0.0] [0.0, 0.0, 1.0] [-500.05, 66.1542, 291.35]]
}

entity{
  _template:t="fire_bonfire_medium_effect"
  transform:m=[[1.0, 0.0, 0.0] [0.0, 1.0, 0.0] [0.0, 0.0, 1.0] [277.7, 0.993134, 335.25]]
}

entity{
  _template:t="fire_bonfire_medium_effect"
  transform:m=[[1.0, 0.0, 0.0] [0.0, 1.0, 0.0] [0.0, 0.0, 1.0] [344.65, 1.09077, 344.35]]
}

entity{
  _template:t="fire_bonfire_medium_effect"
  transform:m=[[1.0, 0.0, 0.0] [0.0, 1.0, 0.0] [0.0, 0.0, 1.0] [543.6, 0.619873, 415.25]]
}

entity{
  _template:t="fire_bonfire_big_effect"
  transform:m=[[1.0, 0.0, 0.0] [0.0, 1.0, 0.0] [0.0, 0.0, 1.0] [78.5, 2.10735, 335.35]]
}

entity{
  _template:t="fire_bonfire_medium_effect"
  transform:m=[[1.0, 0.0, 0.0] [0.0, 1.0, 0.0] [0.0, 0.0, 1.0] [35.55, 3.9, 332.55]]
}

entity{
  _template:t="fire_bonfire_medium_effect"
  transform:m=[[1.0, 0.0, 0.0] [0.0, 1.0, 0.0] [0.0, 0.0, 1.0] [-55.95, 2.25, 314.8]]
}

entity{
  _template:t="door_mult_ent_generator"
  ri_extra_gen__blk:t="content/e_normandy/gamedata/normandy_doors.blk"
}

entity{
  _template:t="turret_105_skc_32"
  transform:m=[[-0.995194, 0.0, -0.0979228] [0.0, 1.0, 0.0] [0.0979228, 0.0, -0.995194] [-299.9, 56.7407, 204.649]]
}

entity{
  _template:t="ship_gun_105mm"
  transform:m=[[0.994167, 0.0, -0.10785] [0.0, 1.0, 0.0] [0.10785, 0.0, 0.994167] [55.2549, 11.0548, 766.882]]
}

entity{
  _template:t="ship_gun_105mm"
  transform:m=[[0.994167, 0.0, -0.10785] [0.0, 1.0, 0.0] [0.10785, 0.0, 0.994167] [15.7021, 8.48837, 807.208]]
}

entity{
  _template:t="ship_gun_105mm"
  transform:m=[[0.994167, 0.0, -0.10785] [0.0, 1.0, 0.0] [0.10785, 0.0, 0.994167] [9.1231, 5.88644, 814.142]]
}

entity{
  _template:t="ship_gun_105mm"
  transform:m=[[0.245069, 0.0, -0.969505] [0.0, 1.0, 0.0] [0.969505, 0.0, 0.245069] [-89.1134, 8.94576, 747.342]]
  collres__res:t="mg42_collision"
  gun__blk:t="content/e_ww2_common/gamedata/weapons/turret_50mm_ship.blk"
  gun__itemPropsId:i=-1
}

entity{
  _template:t="ship_gun_105mm"
  transform:m=[[0.245069, 0.0, -0.969505] [0.0, 1.0, 0.0] [0.969505, 0.0, 0.245069] [-63.0216, 8.48837, 804.29]]
}

entity{
  _template:t="ship_gun_105mm"
  transform:m=[[0.778533, 0.0, -0.627603] [0.0, 1.0, 0.0] [0.627603, 0.0, 0.778533] [-26.0808, 8.94576, 911.319]]
}

entity{
  _template:t="ship_gun_105mm"
  transform:m=[[0.778533, 0.0, -0.627603] [0.0, 1.0, 0.0] [0.627603, 0.0, 0.778533] [-39.4516, 8.48837, 972.516]]
}

entity{
  _template:t="ship_gun_105mm"
  transform:m=[[0.784886, 0.0, -0.619639] [0.0, 1.0, 0.0] [0.619639, 0.0, 0.784886] [382.272, 5.88644, 973.393]]
}

entity{
  _template:t="ship_gun_105mm"
  transform:m=[[0.784886, 0.0, -0.619639] [0.0, 1.0, 0.0] [0.619639, 0.0, 0.784886] [396.239, 11.0548, 908.843]]
}

entity{
  _template:t="ship_gun_105mm"
  transform:m=[[0.530201, 0.0, -0.847871] [0.0, 1.0, 0.0] [0.847871, 0.0, 0.530201] [351.821, 5.88644, 808.152]]
}

entity{
  _template:t="ship_gun_105mm"
  transform:m=[[0.530201, 0.0, -0.847871] [0.0, 1.0, 0.0] [0.847871, 0.0, 0.530201] [343.221, 11.0548, 742.671]]
}

entity{
  _template:t="ship_gun_105mm"
  transform:m=[[0.991511, 0.0, -0.130021] [0.0, 1.0, 0.0] [0.130021, 0.0, 0.991511] [433.337, 5.88644, 806.199]]
}

entity{
  _template:t="ship_gun_105mm"
  transform:m=[[0.991511, 0.0, -0.130021] [0.0, 1.0, 0.0] [0.130021, 0.0, 0.991511] [478.402, 11.0548, 757.92]]
}

entity{
  _template:t="ship_gun_105mm"
  transform:m=[[0.991511, 0.0, -0.130021] [0.0, 1.0, 0.0] [0.130021, 0.0, 0.991511] [483.058, 8.94576, 753.853]]
}

entity{
  _template:t="ship_gun_105mm"
  transform:m=[[0.991511, 0.0, -0.130021] [0.0, 1.0, 0.0] [0.130021, 0.0, 0.991511] [439.76, 8.48837, 799.119]]
}

entity{
  _template:t="ship_gun_105mm"
  transform:m=[[0.446701, 0.0, -0.894683] [0.0, 1.0, 0.0] [0.894683, 0.0, 0.446701] [589.875, 8.94576, 847.053]]
}

entity{
  _template:t="ship_gun_105mm"
  transform:m=[[0.446701, 0.0, -0.894683] [0.0, 1.0, 0.0] [0.894683, 0.0, 0.446701] [166.676, 11.0548, 861.668]]
}

entity{
  _template:t="ship_gun_105mm"
  transform:m=[[0.446701, 0.0, -0.894683] [0.0, 1.0, 0.0] [0.894683, 0.0, 0.446701] [165.908, 8.94576, 855.534]]
}

entity{
  _template:t="ship_gun_105mm"
  transform:m=[[0.446701, 0.0, -0.894683] [0.0, 1.0, 0.0] [0.894683, 0.0, 0.446701] [179.22, 8.48837, 916.743]]
}

entity{
  _template:t="ship_gun_105mm"
  transform:m=[[0.915991, 0.0, 0.401199] [0.0, 1.0, 0.0] [-0.401199, 0.0, 0.915991] [223.209, 5.88644, 1006.15]]
}

entity{
  _template:t="ship_gun_105mm"
  transform:m=[[0.915991, 0.0, 0.401199] [0.0, 1.0, 0.0] [-0.401199, 0.0, 0.915991] [286.742, 11.0548, 988.11]]
}

entity{
  _template:t="ship_gun_105mm"
  transform:m=[[0.915991, 0.0, 0.401199] [0.0, 1.0, 0.0] [-0.401199, 0.0, 0.915991] [292.83, 8.94576, 987.036]]
}

entity{
  _template:t="ship_gun_105mm"
  transform:m=[[0.915991, 0.0, 0.401199] [0.0, 1.0, 0.0] [-0.401199, 0.0, 0.915991] [232.366, 8.48837, 1003.41]]
}

entity{
  _template:t="ship_gun_105mm"
  transform:m=[[0.915991, 0.0, 0.401199] [0.0, 1.0, 0.0] [-0.401199, 0.0, 0.915991] [-130.693, 8.94576, 995.523]]
}

entity{
  _template:t="ship_gun_105mm"
  transform:m=[[0.915991, 0.0, 0.401199] [0.0, 1.0, 0.0] [-0.401199, 0.0, 0.915991] [-191.157, 8.48837, 1011.89]]
}

entity{
  _template:t="ship_gun_105mm"
  transform:m=[[0.915991, 0.0, 0.401199] [0.0, 1.0, 0.0] [-0.401199, 0.0, 0.915991] [-446.943, 5.88644, 988.579]]
}

entity{
  _template:t="ship_gun_105mm"
  transform:m=[[0.915991, 0.0, 0.401199] [0.0, 1.0, 0.0] [-0.401199, 0.0, 0.915991] [-437.786, 8.48837, 985.838]]
}

entity{
  _template:t="ship_gun_105mm"
  transform:m=[[0.834993, 0.0, 0.55026] [0.0, 1.0, 0.0] [-0.55026, 0.0, 0.834993] [-357.701, 5.88644, 836.736]]
}

entity{
  _template:t="ship_gun_105mm"
  transform:m=[[0.834993, 0.0, 0.55026] [0.0, 1.0, 0.0] [-0.55026, 0.0, 0.834993] [-292.034, 11.0548, 829.7]]
}

entity{
  _template:t="ship_gun_105mm"
  transform:m=[[0.834993, 0.0, 0.55026] [0.0, 1.0, 0.0] [-0.55026, 0.0, 0.834993] [-285.852, 8.94576, 829.669]]
}

entity{
  _template:t="ship_gun_105mm"
  transform:m=[[0.58393, 0.0, 0.811803] [0.0, 1.0, 0.0] [-0.811803, 0.0, 0.58393] [-608.349, 11.0548, 836.017]]
}

entity{
  _template:t="ship_gun_105mm"
  transform:m=[[0.849216, 0.0, -0.528045] [0.0, 1.0, 0.0] [0.528045, 0.0, 0.849216] [-236.901, 5.88644, 893.893]]
}

entity{
  _template:t="ship_gun_105mm"
  transform:m=[[0.849216, 0.0, -0.528045] [0.0, 1.0, 0.0] [0.528045, 0.0, 0.849216] [-233.977, 8.48837, 884.793]]
}

entity{
  _template:t="turret_105_skc_32"
  transform:m=[[-0.995194, 0.0, -0.0979228] [0.0, 1.0, 0.0] [0.0979228, 0.0, -0.995194] [-306.84, 61.9565, 196.837]]
}

entity{
  _template:t="enemy_attack_marker"
}

entity{
  _template:t="static_cam"
  transform:m=[[-0.975772, 0.0, -0.218789] [0.060414, 0.961121, -0.269439] [0.210283, -0.276129, -0.937835] [-2.7694, 28.6125, 266.639]]
}

entity{
  _template:t="respawnBase"
  transform:m=[[0.232013, 0.0, -0.972713] [0.0, 1.0, 0.0] [0.972713, 0.0, 0.232013] [-299.148, 59.9725, -23.5969]]
}

entity{
  _template:t="respawnBase"
  transform:m=[[0.232013, 0.0, -0.972713] [0.0, 1.0, 0.0] [0.972713, 0.0, 0.232013] [-311.007, 69.8041, -87.7528]]
}

entity{
  _template:t="respawnBase"
  transform:m=[[-0.767477, 0.0, 0.641076] [0.0, 1.0, 0.0] [-0.641076, 0.0, -0.767478] [-201.038, 72.0435, -141.59]]
}

entity{
  _template:t="respawnBase"
  transform:m=[[0.676521, 0.0, 0.736423] [0.0, 1.0, 0.0] [-0.736423, 0.0, 0.676521] [-219.818, 71.9553, -182.69]]
}

entity{
  _template:t="respawnBase"
  transform:m=[[-0.822661, 0.0, -0.568533] [0.0, 1.0, 0.0] [0.568533, 0.0, -0.822661] [-211.961, 71.9553, -121.738]]
}

entity{
  _template:t="respawnBase"
  transform:m=[[0.639315, 0.0, 0.768945] [0.0, 1.0, 0.0] [-0.768945, -0.0, 0.639315] [-23.9328, 9.50692, 164.406]]
}

entity{
  _template:t="respawnBase"
  transform:m=[[0.0394132, 0.0, -0.999223] [0.0, 1.0, 0.0] [0.999223, -0.0, 0.0394132] [11.7386, 7.80158, 220.025]]
}

entity{
  _template:t="respawnBase"
  transform:m=[[0.999579, 0.0, 0.0290323] [0.0, 1.0, 0.0] [-0.0290323, 0.0, 0.999579] [-62.8707, 20.6131, 125.354]]
}

entity{
  _template:t="respawnBase"
  transform:m=[[0.0394132, 0.0, -0.999223] [0.0, 1.0, 0.0] [0.999223, -0.0, 0.0394132] [11.7386, 7.80158, 220.025]]
}

entity{
  _template:t="respawnBase"
  transform:m=[[-0.450634, 0.0, 0.892708] [0.0, 1.0, 0.0] [-0.892708, 0.0, -0.450634] [26.2262, 21.3852, 2.40907]]
}

entity{
  _template:t="respawnBase"
  transform:m=[[0.380519, 0.0, -0.924773] [0.0, 1.0, 0.0] [0.924774, 0.0, 0.380518] [-64.9407, 21.0556, 126.373]]
}

entity{
  _template:t="respawnBase"
  transform:m=[[0.159452, 0.0, -0.987206] [0.0, 1.0, 0.0] [0.987206, -0.0, 0.159452] [19.0225, 20.1965, 32.8638]]
}

entity{
  _template:t="respawnBase"
  transform:m=[[0.227848, 0.0, 0.973697] [0.0, 1.0, 0.0] [-0.973697, 0.0, 0.227848] [3.13614, 46.6792, -95.2512]]
}

entity{
  _template:t="respawnBase"
  transform:m=[[-0.0393373, 0.0, 0.999226] [0.0, 1.0, 0.0] [-0.999226, -0.0, -0.0393373] [-12.2565, 65.1492, -161.607]]
}

entity{
  _template:t="respawnBase"
  transform:m=[[0.964483, 0.0, 0.264146] [0.0, 1.0, 0.0] [-0.264146, -0.0, 0.964483] [3.38387, 25.7891, -25.6903]]
}

entity{
  _template:t="respawnBase"
  transform:m=[[0.66814, 0.0, -0.744036] [0.0, 1.0, 0.0] [0.744037, 0.0, 0.668139] [2.79958, 46.8347, -93.553]]
}

entity{
  _template:t="respawnBase"
  transform:m=[[0.00885709, 0.0, 0.99996] [0.0, 1.0, 0.0] [-0.99996, 0.0, 0.00885709] [-4.74305, 66.7738, -254.477]]
}

entity{
  _template:t="respawnBase"
  transform:m=[[0.229659, 0.0, 0.973271] [0.0, 1.0, 0.0] [-0.973271, -0.0, 0.229659] [29.3341, 65.628, -268.375]]
}

entity{
  _template:t="respawnBase"
  transform:m=[[-0.0578917, 0.0, -0.998323] [0.0, 1.0, 0.0] [0.998323, -0.0, -0.0578917] [66.2222, 69.675, -208.085]]
}

entity{
  _template:t="respawnBase"
  transform:m=[[0.969149, 0.0, 0.246476] [0.0, 1.0, 0.0] [-0.246476, -0.0, 0.969149] [-18.0256, 70.0336, -296.642]]
}

entity{
  _template:t="respawnBase"
  transform:m=[[-0.481723, 0.0, -0.876324] [0.0, 1.0, 0.0] [0.876324, -0.0, -0.481723] [9.1826, 66.1984, -265.968]]
}

entity{
  _template:t="respawnBase"
  transform:m=[[0.0153452, 0.0, 0.999882] [0.0, 1.0, 0.0] [-0.999882, 0.0, 0.0153452] [-6.35544, 69.7918, -380.883]]
}

entity{
  _template:t="respawnBase"
  transform:m=[[0.702609, 0.0, 0.711576] [0.0, 1.0, 0.0] [-0.711576, 0.0, 0.702609] [-6.16217, 70.0105, -382.187]]
}

entity{
  _template:t="respawnBase"
  transform:m=[[0.639315, 0.0, 0.768945] [0.0, 1.0, 0.0] [-0.768945, -0.0, 0.639315] [76.6356, 9.67225, 213.021]]
}

entity{
  _template:t="respawnBase"
  transform:m=[[-0.0393373, 0.0, 0.999226] [0.0, 1.0, 0.0] [-0.999226, -0.0, -0.0393373] [87.2899, 67.4808, -158.302]]
}

entity{
  _template:t="respawnBase"
  transform:m=[[-0.99981, 0.0, -0.0195086] [0.0, 1.0, 0.0] [0.0195086, 0.0, -0.99981] [39.6568, 68.3222, -301.45]]
}

entity{
  _template:t="respawnBase"
  transform:m=[[0.78186, 0.0, -0.623455] [0.0, 1.0, 0.0] [0.623455, 0.0, 0.78186] [155.341, 68.6705, -159.731]]
}

entity{
  _template:t="respawnBase"
  transform:m=[[0.997324, 0.0, -0.0731078] [0.0, 1.0, 0.0] [0.0731078, 0.0, 0.997324] [231.595, 67.9814, -221.333]]
}

entity{
  _template:t="respawnBase"
  transform:m=[[0.0685626, 0.0, 0.997647] [0.0, 1.0, 0.0] [-0.997647, 0.0, 0.0685626] [286.506, 70.039, -259.542]]
}

entity{
  _template:t="respawnBase"
  transform:m=[[-0.704793, 0.0, -0.709413] [0.0, 1.0, 0.0] [0.709413, 0.0, -0.704793] [314.667, 68.7418, -211.779]]
}

entity{
  _template:t="respawnBase"
  transform:m=[[-0.704793, 0.0, -0.709413] [0.0, 1.0, 0.0] [0.709413, 0.0, -0.704793] [287.618, 68.6998, -193.428]]
}

entity{
  _template:t="respawnBase"
  transform:m=[[0.657354, 0.0, -0.753581] [0.0, 1.0, 0.0] [0.753581, 0.0, 0.657354] [-322.02, 70.0577, -97.4396]]
}

entity{
  _template:t="respawnBase"
  transform:m=[[0.999819, 0.0, 0.0190284] [0.0, 1.0, 0.0] [-0.0190284, 0.0, 0.999819] [202.343, 68.2413, -151.524]]
}

entity{
  _template:t="respawnBase"
  transform:m=[[-0.789837, 0.0, 0.613317] [0.0, 1.0, 0.0] [-0.613317, 0.0, -0.789837] [172.179, 10.4284, 234.396]]
}

entity{
  _template:t="respawnBase"
  transform:m=[[0.96168, 0.0, 0.274174] [0.0, 1.0, 0.0] [-0.274174, -0.0, 0.96168] [168.963, 66.016, -111.383]]
}

entity{
  _template:t="respawnBase"
  transform:m=[[-0.994479, 0.0, 0.104938] [0.0, 1.0, 0.0] [-0.104938, -0.0, -0.994479] [317.636, 68.7241, -201.304]]
}

entity{
  _template:t="respawnBase"
  transform:m=[[0.0756243, 0.0, 0.997136] [0.0, 1.0, 0.0] [-0.997136, 0.0, 0.0756243] [-7.12095, 70.0336, -382.994]]
}

entity{
  _template:t="respawnBase"
  transform:m=[[0.744411, 0.0, -0.667722] [0.0, 1.0, 0.0] [0.667722, 0.0, 0.744411] [-92.0057, 66.2761, -252.493]]
}

entity{
  _template:t="respawnBase"
  transform:m=[[-0.927743, 0.0, -0.37322] [0.0, 1.0, 0.0] [0.37322, 0.0, -0.927743] [238.189, 68.3597, -227.605]]
}

entity{
  _template:t="respawnBase"
  transform:m=[[0.059004, 0.0, 0.998258] [0.0, 1.0, 0.0] [-0.998258, 0.0, 0.059004] [316.809, 69.8956, -231.471]]
}

entity{
  _template:t="respawnBase"
  transform:m=[[0.679201, 0.0, 0.733952] [0.0, 1.0, 0.0] [-0.733952, 0.0, 0.679201] [270.092, 68.5462, -237.075]]
}

entity{
  _template:t="respawnBase"
  transform:m=[[0.71063, 0.0, 0.703566] [0.0, 1.0, 0.0] [-0.703566, 0.0, 0.71063] [-326.556, 71.7441, -155.6]]
}

entity{
  _template:t="respawnBase"
  transform:m=[[-0.481723, 0.0, -0.876324] [0.0, 1.0, 0.0] [0.876324, -0.0, -0.481723] [-8.70624, 69.0439, -336.39]]
}

entity{
  _template:t="respawnBase"
  transform:m=[[0.155776, 0.0, 0.987792] [0.0, 1.0, 0.0] [-0.987792, 0.0, 0.155776] [-131.06, 70.9939, -347.118]]
}

entity{
  _template:t="respawnBase"
  transform:m=[[-0.999681, 0.0, -0.0252872] [0.0, 1.0, 0.0] [0.0252872, 0.0, -0.999681] [85.8148, 21.2941, 128.439]]
}

entity{
  _template:t="respawnBase"
  transform:m=[[0.987795, 0.0, 0.155753] [0.0, 1.0, 0.0] [-0.155753, 0.0, 0.987795] [-25.0319, 27.9541, -3.59005]]
}

entity{
  _template:t="respawnBase"
  transform:m=[[0.964483, 0.0, 0.264146] [0.0, 1.0, 0.0] [-0.264146, -0.0, 0.964483] [4.0245, 26.059, -25.7131]]
}

entity{
  _template:t="respawnBase"
  transform:m=[[-0.0393373, 0.0, 0.999226] [0.0, 1.0, 0.0] [-0.999226, -0.0, -0.0393373] [64.3438, 63.1151, -146.634]]
}

entity{
  _template:t="respawnBase"
  transform:m=[[-0.0393373, 0.0, 0.999226] [0.0, 1.0, 0.0] [-0.999226, -0.0, -0.0393373] [-9.63781, 64.3323, -148.091]]
}

entity{
  _template:t="respawnBase"
  transform:m=[[-0.95862, 0.0, -0.284691] [0.0, 1.0, 0.0] [0.284691, 0.0, -0.95862] [18.7714, 20.1965, 32.84]]
}

entity{
  _template:t="respawnBase"
  transform:m=[[0.227848, 0.0, 0.973697] [0.0, 1.0, 0.0] [-0.973697, 0.0, 0.227848] [2.84529, 46.6792, -94.9564]]
}

entity{
  _template:t="respawnBase"
  transform:m=[[0.66814, 0.0, -0.744036] [0.0, 1.0, 0.0] [0.744037, 0.0, 0.668139] [3.081, 46.8347, -93.9533]]
}

entity{
  _template:t="respawnBase"
  transform:m=[[0.66814, 0.0, -0.744036] [0.0, 1.0, 0.0] [0.744037, 0.0, 0.668139] [3.48801, 46.8347, -93.4709]]
}

entity{
  _template:t="respawnBase"
  transform:m=[[0.229659, 0.0, 0.973271] [0.0, 1.0, 0.0] [-0.973271, -0.0, 0.229659] [29.3788, 65.628, -268.395]]
}

entity{
  _template:t="respawnBase"
  transform:m=[[0.479558, 0.0, -0.87751] [0.0, 1.0, 0.0] [0.87751, 0.0, 0.479558] [62.3586, 69.7309, -199.71]]
}

entity{
  _template:t="respawnBase"
  transform:m=[[-0.198624, 0.0, 0.980076] [0.0, 1.0, 0.0] [-0.980076, 0.0, -0.198624] [-37.802, 69.4935, -317.623]]
}

entity{
  _template:t="respawnBase"
  transform:m=[[-0.613721, 0.0, -0.789523] [0.0, 1.0, 0.0] [0.789523, 0.0, -0.613721] [118.371, 67.6672, -290.205]]
}

entity{
  _template:t="respawnBase"
  transform:m=[[-0.295408, 0.0, 0.955371] [0.0, 1.0, 0.0] [-0.955371, 0.0, -0.295408] [-2.6218, 65.7424, -170.997]]
}

entity{
  _template:t="respawnBase"
  transform:m=[[0.739114, 0.0, -0.673581] [0.0, 1.0, 0.0] [0.673581, 0.0, 0.739114] [-127.853, 69.7023, -106.0]]
}

entity{
  _template:t="respawnBase"
  transform:m=[[0.969149, 0.0, 0.246476] [0.0, 1.0, 0.0] [-0.246476, -0.0, 0.969149] [-248.537, 70.8991, -116.19]]
}

entity{
  _template:t="respawnBase"
  transform:m=[[-0.295408, 0.0, 0.955371] [0.0, 1.0, 0.0] [-0.955371, 0.0, -0.295408] [-100.598, 69.1649, -180.821]]
}

entity{
  _template:t="respawnBase"
  transform:m=[[0.429132, 0.0, 0.903242] [0.0, 1.0, 0.0] [-0.903242, 0.0, 0.429132] [-307.191, 72.0755, -144.717]]
}

entity{
  _template:t="respawnBase"
  transform:m=[[-0.858898, 0.0, -0.512147] [0.0, 1.0, 0.0] [0.512147, 0.0, -0.858898] [-208.79, 71.5895, -97.5615]]
}

entity{
  _template:t="respawnBase"
  transform:m=[[0.999584, 0.0, 0.0288364] [0.0, 1.0, 0.0] [-0.0288364, 0.0, 0.999584] [-84.3755, 63.4998, -286.571]]
}

entity{
  _template:t="respawnBase"
  transform:m=[[-0.991052, 0.0, -0.133482] [0.0, 1.0, 0.0] [0.133482, 0.0, -0.991052] [5.74062, 69.4719, -332.229]]
}

entity{
  _template:t="respawnBase"
  transform:m=[[-0.295408, 0.0, 0.955371] [0.0, 1.0, 0.0] [-0.955371, 0.0, -0.295408] [-100.598, 69.1649, -180.821]]
}

entity{
  _template:t="respawnBase"
  transform:m=[[0.969149, 0.0, 0.246476] [0.0, 1.0, 0.0] [-0.246476, -0.0, 0.969149] [-248.537, 70.8991, -116.19]]
}

entity{
  _template:t="respawnBase"
  transform:m=[[-0.450634, 0.0, 0.892708] [0.0, 1.0, 0.0] [-0.892708, 0.0, -0.450634] [130.211, 58.3684, 25.1713]]
}

entity{
  _template:t="respawnBase"
  transform:m=[[-0.702067, 0.0, -0.71211] [0.0, 1.0, 0.0] [0.71211, 0.0, -0.702069] [82.2912, 20.9879, 126.218]]
}

entity{
  _template:t="respawnBase"
  transform:m=[[-0.56244, 0.0, -0.826839] [0.0, 1.0, 0.0] [0.826839, 0.0, -0.56244] [114.033, 55.316, 31.8597]]
}

entity{
  _template:t="respawnBase"
  transform:m=[[-0.949495, 0.0, 0.313784] [0.0, 1.0, 0.0] [-0.313784, 0.0, -0.949495] [115.59, 61.9518, -75.1252]]
}

entity{
  _template:t="respawnBase"
  transform:m=[[0.732681, 0.0, -0.680573] [0.0, 1.0, 0.0] [0.680573, 0.0, 0.732681] [121.755, 65.8657, -18.5965]]
}

entity{
  _template:t="respawnBase"
  transform:m=[[-0.757501, 0.0, 0.652833] [0.0, 1.0, 0.0] [-0.652833, -0.0, -0.757501] [239.568, 67.4906, -129.559]]
}

entity{
  _template:t="respawnBase"
  transform:m=[[0.0589998, 0.0, -0.998258] [0.0, 1.0, 0.0] [0.998259, 0.0, 0.0590006] [196.8, 67.2945, -90.9894]]
}

entity{
  _template:t="respawnBase"
  transform:m=[[-0.994479, 0.0, 0.104938] [0.0, 1.0, 0.0] [-0.104938, -0.0, -0.994479] [326.175, 68.4218, -158.311]]
}

entity{
  _template:t="respawnBase"
  transform:m=[[0.955038, 0.0, -0.296484] [0.0, 1.0, 0.0] [0.296485, -0.0, 0.955038] [286.588, 68.7619, -164.926]]
}

entity{
  _template:t="respawnBase"
  transform:m=[[0.290446, 0.0, 0.956891] [0.0, 1.0, 0.0] [-0.956891, 0.0, 0.290446] [287.079, 69.8956, -260.172]]
}

entity{
  _template:t="respawnBase"
  transform:m=[[-0.818794, 0.0, -0.574088] [0.0, 1.0, 0.0] [0.574088, 0.0, -0.818794] [337.77, 68.1956, -151.306]]
}

entity{
  _template:t="respawnBase"
  transform:m=[[0.0806439, 0.0, 0.996743] [0.0, 1.0, 0.0] [-0.996743, 0.0, 0.0806439] [285.603, 69.9386, -258.417]]
}

entity{
  _template:t="respawnBase"
  transform:m=[[-0.818794, 0.0, -0.574088] [0.0, 1.0, 0.0] [0.574088, 0.0, -0.818794] [300.805, 68.6482, -214.986]]
}

entity{
  _template:t="respawnBase"
  transform:m=[[0.905243, 0.0, -0.424894] [0.0, 1.0, 0.0] [0.424894, 0.0, 0.905243] [179.575, 67.3844, -213.605]]
}

entity{
  _template:t="respawnBase"
  transform:m=[[0.155776, 0.0, 0.987792] [0.0, 1.0, 0.0] [-0.987792, 0.0, 0.155776] [-130.804, 69.0233, -290.433]]
}

entity{
  _template:t="respawnBase"
  transform:m=[[0.639315, 0.0, 0.768945] [0.0, 1.0, 0.0] [-0.768945, -0.0, 0.639315] [76.6356, 9.73295, 213.021]]
}

entity{
  _template:t="respawnBase"
  transform:m=[[-0.969977, 0.0, 0.243199] [0.0, 1.0, 0.0] [-0.243199, 0.0, -0.969977] [77.8521, 9.66129, 211.449]]
}

entity{
  _template:t="respawnBase"
  transform:m=[[0.85626, 0.0, 0.516545] [0.0, 1.0, 0.0] [-0.516545, 0.0, 0.85626] [-29.9615, 16.956, 123.559]]
}

entity{
  _template:t="respawnBase"
  transform:m=[[0.0394132, 0.0, -0.999223] [0.0, 1.0, 0.0] [0.999223, -0.0, 0.0394132] [115.74, 6.64228, 271.03]]
}

entity{
  _template:t="respawnBase"
  transform:m=[[-0.999681, 0.0, -0.0252872] [0.0, 1.0, 0.0] [0.0252872, 0.0, -0.999681] [85.8148, 21.2941, 128.439]]
}

entity{
  _template:t="respawnBase"
  transform:m=[[-0.450634, 0.0, 0.892708] [0.0, 1.0, 0.0] [-0.892708, 0.0, -0.450634] [-116.159, 55.518, 60.9286]]
}

entity{
  _template:t="respawnBase"
  transform:m=[[0.991796, 0.0, -0.127824] [0.0, 1.0, 0.0] [0.127825, 0.0, 0.991797] [-25.3433, 9.52962, 169.288]]
}

entity{
  _template:t="respawnBase"
  transform:m=[[-0.321057, 0.0, -0.947061] [0.0, 1.0, 0.0] [0.947061, 0.0, -0.321057] [-115.416, 55.2836, 60.1365]]
}

entity{
  _template:t="respawnBase"
  transform:m=[[0.990747, 0.0, -0.135721] [0.0, 1.0, 0.0] [0.135721, 0.0, 0.990747] [-219.733, 61.4095, -21.3269]]
}

entity{
  _template:t="respawnBase"
  transform:m=[[-0.912579, 0.0, -0.408901] [0.0, 1.0, 0.0] [0.408901, 0.0, -0.912579] [-191.001, 60.1812, 15.7541]]
}

entity{
  _template:t="respawnBase"
  transform:m=[[0.751438, 0.0, -0.659804] [0.0, 1.0, 0.0] [0.659804, -0.0, 0.751438] [-326.279, 61.0239, -6.53832]]
}

entity{
  _template:t="respawnBase"
  transform:m=[[0.955038, 0.0, -0.296484] [0.0, 1.0, 0.0] [0.296485, -0.0, 0.955038] [80.3781, 67.7128, -180.382]]
}

entity{
  _template:t="respawnBase"
  transform:m=[[-0.927743, 0.0, -0.37322] [0.0, 1.0, 0.0] [0.37322, 0.0, -0.927743] [212.145, 68.6398, -186.072]]
}

entity{
  _template:t="respawnBase"
  transform:m=[[0.0806439, 0.0, 0.996743] [0.0, 1.0, 0.0] [-0.996743, 0.0, 0.0806439] [285.371, 69.9386, -258.417]]
}

entity{
  _template:t="respawnBase"
  transform:m=[[0.532477, 0.0, -0.846444] [0.0, 1.0, 0.0] [0.846445, 0.0, 0.532477] [-64.3893, 21.0474, 126.229]]
}

entity{
  _template:t="respawnBase"
  transform:m=[[-0.585582, 0.0, -0.810612] [0.0, 1.0, 0.0] [0.810612, 0.0, -0.585584] [82.7469, 21.007, 127.531]]
}

entity{
  _template:t="respawnBase"
  transform:m=[[0.842953, 0.0, -0.537987] [0.0, 1.0, 0.0] [0.537987, 0.0, 0.842953] [-64.8231, 21.0336, 124.244]]
}

entity{
  _template:t="respawnBase"
  transform:m=[[-0.416682, 0.0, -0.909052] [0.0, 1.0, 0.0] [0.909052, 0.0, -0.416682] [81.6303, 21.2483, 128.241]]
}

entity{
  _template:t="respawnBase"
  transform:m=[[0.710212, 0.0, -0.703988] [0.0, 1.0, 0.0] [0.703988, 0.0, 0.710212] [-64.0654, 21.0931, 124.175]]
}

entity{
  _template:t="fire_bonfire_small_effect"
  transform:m=[[1.0, 0.0, 0.0] [0.0, 1.0, 0.0] [0.0, 0.0, 1.0] [76.8493, 18.9857, 148.388]]
}

entity{
  _template:t="fire_bonfire_small_effect"
  transform:m=[[1.0, 0.0, 0.0] [0.0, 1.0, 0.0] [0.0, 0.0, 1.0] [-19.1245, 6.14809, 291.43]]
}

entity{
  _template:t="fire_bonfire_small_effect"
  transform:m=[[1.0, 0.0, 0.0] [0.0, 1.0, 0.0] [0.0, 0.0, 1.0] [-156.082, 63.6239, 19.7565]]
}

entity{
  _template:t="fire_bonfire_small_effect"
  transform:m=[[1.0, 0.0, 0.0] [0.0, 1.0, 0.0] [0.0, 0.0, 1.0] [208.05, 49.4149, 16.85]]
}

entity{
  _template:t="fire_bonfire_small_effect"
  transform:m=[[1.0, 0.0, 0.0] [0.0, 1.0, 0.0] [0.0, 0.0, 1.0] [490.8, 61.7568, 105.75]]
}

entity{
  _template:t="fire_bonfire_small_effect"
  transform:m=[[1.0, 0.0, 0.0] [0.0, 1.0, 0.0] [0.0, 0.0, 1.0] [35.8477, 8.42039, 286.85]]
}

entity{
  _template:t="fire_bonfire_small_effect"
  transform:m=[[1.0, 0.0, 0.0] [0.0, 1.0, 0.0] [0.0, 0.0, 1.0] [177.729, 15.9907, 188.728]]
}

entity{
  _template:t="fire_bonfire_small_effect"
  transform:m=[[1.0, 0.0, 0.0] [0.0, 1.0, 0.0] [0.0, 0.0, 1.0] [363.25, 13.8551, 151.9]]
}

entity{
  _template:t="fire_bonfire_small_effect"
  transform:m=[[1.0, 0.0, 0.0] [0.0, 1.0, 0.0] [0.0, 0.0, 1.0] [88.0313, 7.65396, 268.093]]
}

entity{
  _template:t="fire_bonfire_small_effect"
  transform:m=[[1.0, 0.0, 0.0] [0.0, 1.0, 0.0] [0.0, 0.0, 1.0] [200.45, 0.78038, 335.35]]
}

entity{
  _template:t="fire_bonfire_small_effect"
  transform:m=[[1.0, 0.0, 0.0] [0.0, 1.0, 0.0] [0.0, 0.0, 1.0] [15.0, 6.9, 231.7]]
}

entity{
  _template:t="fire_bonfire_small_effect"
  transform:m=[[1.0, 0.0, 0.0] [0.0, 1.0, 0.0] [0.0, 0.0, 1.0] [0.85, 7.3, 283.85]]
}

entity{
  _template:t="fire_bonfire_small_effect"
  transform:m=[[1.0, 0.0, 0.0] [0.0, 1.0, 0.0] [0.0, 0.0, 1.0] [4.35, 6.75, 302.0]]
}

entity{
  _template:t="shore_sound"
  transform:m=[[0.995004, 0.0, -0.0998334] [0.0, 1.0, 0.0] [0.0998334, 0.0, 0.995004] [0.0, 0.0, 0.0]]
}

entity{
  _template:t="turret_105_skc_32"
  transform:m=[[-0.995194, 0.0, -0.0979228] [0.0, 1.0, 0.0] [0.0979228, 0.0, -0.995194] [-203.833, 61.1241, 111.13]]
}

entity{
  _template:t="turret_105_skc_32"
  transform:m=[[-0.995194, 0.0, -0.0979228] [0.0, 1.0, 0.0] [0.0979228, 0.0, -0.995194] [275.806, 40.643, 95.8893]]
}

entity{
  _template:t="turret_105_skc_32"
  transform:m=[[-0.995194, 0.0, -0.0979228] [0.0, 1.0, 0.0] [0.0979228, 0.0, -0.995194] [211.278, 53.9472, 36.3328]]
}

entity{
  _template:t="turret_105_skc_32"
  transform:m=[[-0.995194, 0.0, -0.0979228] [0.0, 1.0, 0.0] [0.0979228, 0.0, -0.995194] [-217.484, 44.0561, 164.061]]
}

entity{
  _template:t="turret_105_skc_32"
  transform:m=[[-0.995194, 0.0, -0.0979228] [0.0, 1.0, 0.0] [0.0979228, 0.0, -0.995194] [113.194, 54.1453, 63.9146]]
}

entity{
  _template:t="turret_105_skc_32"
  transform:m=[[-0.995194, 0.0, -0.0979228] [0.0, 1.0, 0.0] [0.0979228, 0.0, -0.995194] [-83.8214, 42.7041, 108.762]]
}

entity{
  _template:t="turret_105_skc_32"
  transform:m=[[-0.995194, 0.0, -0.0979228] [0.0, 1.0, 0.0] [0.0979228, 0.0, -0.995194] [-206.462, 63.4154, 107.461]]
}

entity{
  _template:t="briefing_invasion"
}

entity{
  _template:t="88mm_cannon_b"
  transform:m=[[-0.958334, 0.0, 0.28565] [0.0, 1.0, 0.0] [-0.28565, 0.0, -0.958334] [-19.2994, 24.6865, 39.2396]]
}

entity{
  _template:t="searchlight"
  transform:m=[[0.899054, -0.204221, 0.387292] [0.188423, 0.978922, 0.0787893] [-0.395219, 0.00213876, 0.918584] [-27.1972, 25.7536, 37.8146]]
}

entity{
  _template:t="searchlight_base"
  transform:m=[[0.336387, 0.242852, -0.909872] [-0.087323, 0.970058, 0.226632] [0.937667, 0.00321683, 0.347521] [-18.9264, 24.2572, 44.6248]]
}

entity{
  _template:t="searchlight_no_base"
  transform:m=[[0.784644, -0.415873, 0.459765] [0.468304, 0.883567, 0.0] [-0.406233, 0.21531, 0.888041] [-28.3202, 26.5856, 37.3476]]
}

entity{
  _template:t="searchlight_no_base"
  transform:m=[[-0.082479, 0.564454, -0.821334] [-0.231364, 0.79078, 0.56669] [0.969365, 0.236767, 0.0653714] [-16.3448, 25.4191, 46.9821]]
}

entity{
  _template:t="88mm_cannon_b"
  transform:m=[[-0.975687, 0.0, 0.219167] [0.0, 1.0, 0.0] [-0.219167, 0.0, -0.975687] [7.07417, 46.7249, -85.5442]]
}

entity{
  _template:t="88mm_cannon_b"
  transform:m=[[-0.871366, 0.0, -0.490634] [0.0, 1.0, 0.0] [0.490634, 0.0, -0.871366] [15.4087, 19.7043, 17.015]]
}

entity{
  _template:t="generator"
  transform:m=[[0.632554, 0.0, 0.774517] [0.0, 1.0, 0.0] [-0.774517, 0.0, 0.632554] [23.9739, 19.7105, 14.4607]]
}

entity{
  _template:t="generator"
  transform:m=[[0.632554, 0.0, 0.774517] [0.0, 1.0, 0.0] [-0.774517, 0.0, 0.632554] [23.9739, 19.7105, 14.4607]]
}

entity{
  _template:t="searchlight_base"
  transform:m=[[0.996695, -0.0794032, 0.0171702] [0.0772673, 0.991831, 0.101497] [-0.0250885, -0.0998345, 0.994688] [25.3831, 20.1154, 9.14236]]
}

entity{
  _template:t="searchlight_no_base"
  transform:m=[[0.514968, -0.757029, 0.402138] [-0.666465, -0.648622, -0.367579] [0.539104, -0.0787188, -0.838553] [22.3105, 20.7449, 13.9011]]
}

entity{
  _template:t="searchlight_no_base"
  transform:m=[[0.514968, -0.757029, 0.402138] [-0.666465, -0.648622, -0.367579] [0.539104, -0.0787188, -0.838553] [22.3105, 20.7449, 13.9011]]
}

entity{
  _template:t="generator"
  transform:m=[[-0.997208, 0.0681473, 0.030541] [0.064537, 0.992195, -0.106697] [-0.0375738, -0.104428, -0.993822] [11.9968, 19.9871, 22.4744]]
}

entity{
  _template:t="generator"
  transform:m=[[-0.997208, 0.0681473, 0.030541] [0.064537, 0.992195, -0.106697] [-0.0375738, -0.104428, -0.993822] [11.9968, 19.9871, 22.4744]]
}

entity{
  _template:t="rangefinder_a"
  transform:m=[[0.206209, 0.0, 0.978508] [0.0, 1.0, 0.0] [-0.978508, 0.0, 0.206209] [9.70982, 46.8765, -83.4601]]
}

entity{
  _template:t="88mm_cannon_b"
  transform:m=[[-0.997316, -0.0204087, -0.0703163] [-0.0204594, 0.999791, 0.0] [0.0703016, 0.00143863, -0.997525] [-5.77, 65.75, -170.37]]
}

entity{
  _template:t="mbs_field_table_a"
  transform:m=[[0.0754539, 0.0, -0.997149] [0.0, 1.0, 0.0] [0.997149, 0.0, 0.0754539] [67.5791, 69.7513, -198.574]]
}

entity{
  _template:t="mbs_desktop_stuff_a_map"
  transform:m=[[1.89919, 0.0, 0.0] [0.0, 1.0, 0.0] [0.0, 0.0, 1.43306] [67.242, 70.4063, -198.633]]
}

entity{
  _template:t="mbs_ger_radio_kw_e_a"
  transform:m=[[0.0388397, 0.0, -0.999245] [0.0, 1.0, 0.0] [0.999245, 0.0, 0.0388397] [67.8844, 70.4357, -198.45]]
}

entity{
  _template:t="mbs_field_table_b"
  transform:m=[[0.888324, 0.0, 1.01639] [0.0, 1.34987, 0.0] [-1.01639, 0.0, 0.888324] [69.0541, 69.5943, -202.467]]
}

entity{
  _template:t="generator"
  transform:m=[[0.68031, 0.0, 0.732924] [0.0, 1.0, 0.0] [-0.732924, 0.0, 0.68031] [71.2507, 69.5693, -199.444]]
}

entity{
  _template:t="mbs_chair_a"
  transform:m=[[0.629759, 0.0, 0.77679] [0.0, 1.0, 0.0] [-0.77679, 0.0, 0.629759] [71.5025, 69.6554, -202.724]]
}

entity{
  _template:t="mbs_chair_a"
  transform:m=[[0.930778, 0.0, 0.365586] [0.0, 1.0, 0.0] [-0.365586, 0.0, 0.930778] [70.3091, 69.6554, -200.642]]
}

entity{
  _template:t="mbs_field_table_a"
  transform:m=[[-0.553695, 0.0, -0.832719] [0.0, 1.0, 0.0] [0.832719, 0.0, -0.553695] [74.9902, 69.7513, -197.845]]
}

entity{
  _template:t="mbs_desktop_stuff_a_map"
  transform:m=[[1.47913, 0.0, -1.19125] [0.0, 1.0, 0.0] [0.898879, 0.0, 1.1161] [74.6827, 70.4063, -197.648]]
}

entity{
  _template:t="mbs_desktop_stuff_a_binoculars"
  transform:m=[[1.0, 0.0, 0.0] [0.0, 1.0, 0.0] [0.0, 0.0, 1.0] [74.6756, 70.4063, -197.792]]
}

entity{
  _template:t="mbs_desktop_stuff_a_folder"
  transform:m=[[0.710524, 0.0, -0.703673] [0.0, 1.0, 0.0] [0.703673, 0.0, 0.710524] [74.5968, 70.4063, -197.526]]
}

entity{
  _template:t="mbs_ger_radio_feld_fu"
  transform:m=[[0.842013, 0.0, -0.539457] [0.0, 1.0, 0.0] [0.539457, 0.0, 0.842013] [75.205, 70.436, -198.039]]
}

entity{
  _template:t="mbs_chair_a"
  transform:m=[[0.600597, 0.0, 0.799552] [0.0, 1.0, 0.0] [-0.799552, 0.0, 0.600597] [74.3431, 69.6554, -198.245]]
}

entity{
  _template:t="mbs_chair_a"
  transform:m=[[0.190689, 0.0, 0.98165] [0.0, 1.0, 0.0] [-0.98165, 0.0, 0.190689] [67.2503, 69.6554, -199.38]]
}

entity{
  _template:t="is_gramophone_a"
  transform:m=[[0.629159, 0.0, 0.777276] [0.0, 1.0, 0.0] [-0.777276, 0.0, 0.629159] [68.9671, 70.6741, -202.351]]
}

entity{
  _template:t="mbs_field_table_a"
  transform:m=[[-0.670314, 0.0, -0.742077] [0.0, 1.0, 0.0] [0.742077, 0.0, -0.670314] [72.0293, 69.6284, -201.974]]
}

entity{
  _template:t="mbs_desktop_stuff_a_map"
  transform:m=[[1.49206, 0.0, -1.17502] [0.0, 1.0, 0.0] [0.886629, 0.0, 1.12585] [71.7782, 70.2905, -201.798]]
}

entity{
  _template:t="mbs_desktop_stuff_a_tablet"
  transform:m=[[1.0, 0.0, 0.0] [0.0, 1.0, 0.0] [0.0, 0.0, 1.0] [71.7229, 70.2834, -201.837]]
}

entity{
  _template:t="mbs_stool_a"
  transform:m=[[0.872329, 0.0, 0.488919] [0.0, 1.0, 0.0] [-0.488919, 0.0, 0.872329] [67.9529, 69.6763, -199.171]]
}

entity{
  _template:t="mbs_desktop_stuff_a_folder"
  transform:m=[[0.710524, 0.0, -0.703673] [0.0, 1.0, 0.0] [0.703673, 0.0, 0.710524] [72.4921, 70.3021, -202.276]]
}

entity{
  _template:t="mbs_ger_radio_feld_fu"
  transform:m=[[0.982234, 0.0, -0.187659] [0.0, 1.0, 0.0] [0.187659, 0.0, 0.982234] [72.1859, 70.3071, -202.095]]
}

entity{
  _template:t="standart_left_window"
  transform:m=[[1.0, 0.0, 0.0] [0.0, 1.0, 0.0] [0.0, 0.0, 1.0] [0.0, 0.0, 0.0]]
}

entity{
  _template:t="standart_left_window"
  transform:m=[[1.0, 0.0, 0.0] [0.0, 1.0, 0.0] [0.0, 0.0, 1.0] [0.0, 0.0, 0.0]]
}

entity{
  _template:t="standart_left_window"
  transform:m=[[1.0, 0.0, 0.0] [0.0, 1.0, 0.0] [0.0, 0.0, 1.0] [0.0, 0.0, 0.0]]
}

entity{
  _template:t="standart_left_window"
  transform:m=[[1.0, 0.0, 0.0] [0.0, 1.0, 0.0] [0.0, 0.0, 1.0] [0.0, 0.0, 0.0]]
}

entity{
  _template:t="standart_left_window"
  transform:m=[[1.0, 0.0, 0.0] [0.0, 1.0, 0.0] [0.0, 0.0, 1.0] [0.0, 0.0, 0.0]]
}

entity{
  _template:t="standart_left_window"
  transform:m=[[1.0, 0.0, 0.0] [0.0, 1.0, 0.0] [0.0, 0.0, 1.0] [0.0, 0.0, 0.0]]
}

entity{
  _template:t="standart_left_window"
  transform:m=[[1.0, 0.0, 0.0] [0.0, 1.0, 0.0] [0.0, 0.0, 1.0] [0.0, 0.0, 0.0]]
}

entity{
  _template:t="standart_left_window"
  transform:m=[[1.0, 0.0, 0.0] [0.0, 1.0, 0.0] [0.0, 0.0, 1.0] [0.0, 0.0, 0.0]]
}

entity{
  _template:t="standart_left_window"
  transform:m=[[1.0, 0.0, 0.0] [0.0, 1.0, 0.0] [0.0, 0.0, 1.0] [0.0, 0.0, 0.0]]
}

entity{
  _template:t="standart_left_window"
  transform:m=[[1.0, 0.0, 0.0] [0.0, 1.0, 0.0] [0.0, 0.0, 1.0] [0.0, 0.0, 0.0]]
}

entity{
  _template:t="standart_left_window"
  transform:m=[[1.0, 0.0, 0.0] [0.0, 1.0, 0.0] [0.0, 0.0, 1.0] [0.0, 0.0, 0.0]]
}

entity{
  _template:t="standart_left_window"
  transform:m=[[1.0, 0.0, 0.0] [0.0, 1.0, 0.0] [0.0, 0.0, 1.0] [0.0, 0.0, 0.0]]
}

entity{
  _template:t="standart_left_window"
  transform:m=[[1.0, 0.0, 0.0] [0.0, 1.0, 0.0] [0.0, 0.0, 1.0] [0.0, 0.0, 0.0]]
}

entity{
  _template:t="standart_left_window"
  transform:m=[[1.0, 0.0, 0.0] [0.0, 1.0, 0.0] [0.0, 0.0, 1.0] [0.0, 0.0, 0.0]]
}

entity{
  _template:t="standart_left_window"
  transform:m=[[1.0, 0.0, 0.0] [0.0, 1.0, 0.0] [0.0, 0.0, 1.0] [0.0, 0.0, 0.0]]
}

entity{
  _template:t="standart_left_window"
  transform:m=[[1.0, 0.0, 0.0] [0.0, 1.0, 0.0] [0.0, 0.0, 1.0] [0.0, 0.0, 0.0]]
}

entity{
  _template:t="standart_left_window"
  transform:m=[[1.0, 0.0, 0.0] [0.0, 1.0, 0.0] [0.0, 0.0, 1.0] [0.0, 0.0, 0.0]]
}

entity{
  _template:t="standart_left_window"
  transform:m=[[1.0, 0.0, 0.0] [0.0, 1.0, 0.0] [0.0, 0.0, 1.0] [0.0, 0.0, 0.0]]
}

entity{
  _template:t="standart_left_window"
  transform:m=[[1.0, 0.0, 0.0] [0.0, 1.0, 0.0] [0.0, 0.0, 1.0] [0.0, 0.0, 0.0]]
}

entity{
  _template:t="standart_left_window"
  transform:m=[[1.0, 0.0, 0.0] [0.0, 1.0, 0.0] [0.0, 0.0, 1.0] [0.0, 0.0, 0.0]]
}

entity{
  _template:t="standart_left_window"
  transform:m=[[1.0, 0.0, 0.0] [0.0, 1.0, 0.0] [0.0, 0.0, 1.0] [0.0, 0.0, 0.0]]
}

entity{
  _template:t="standart_right_window"
  transform:m=[[1.0, 0.0, 0.0] [0.0, 1.0, 0.0] [0.0, 0.0, 1.0] [0.0, 0.0, 0.0]]
}

entity{
  _template:t="standart_right_window"
  transform:m=[[1.0, 0.0, 0.0] [0.0, 1.0, 0.0] [0.0, 0.0, 1.0] [0.0, 0.0, 0.0]]
}

entity{
  _template:t="standart_right_window"
  transform:m=[[1.0, 0.0, 0.0] [0.0, 1.0, 0.0] [0.0, 0.0, 1.0] [0.0, 0.0, 0.0]]
}

entity{
  _template:t="standart_right_window"
  transform:m=[[1.0, 0.0, 0.0] [0.0, 1.0, 0.0] [0.0, 0.0, 1.0] [0.0, 0.0, 0.0]]
}

entity{
  _template:t="standart_right_window"
  transform:m=[[1.0, 0.0, 0.0] [0.0, 1.0, 0.0] [0.0, 0.0, 1.0] [0.0, 0.0, 0.0]]
}

entity{
  _template:t="standart_right_window"
  transform:m=[[1.0, 0.0, 0.0] [0.0, 1.0, 0.0] [0.0, 0.0, 1.0] [0.0, 0.0, 0.0]]
}

entity{
  _template:t="standart_right_window"
  transform:m=[[1.0, 0.0, 0.0] [0.0, 1.0, 0.0] [0.0, 0.0, 1.0] [0.0, 0.0, 0.0]]
}

entity{
  _template:t="standart_right_window"
  transform:m=[[1.0, 0.0, 0.0] [0.0, 1.0, 0.0] [0.0, 0.0, 1.0] [0.0, 0.0, 0.0]]
}

entity{
  _template:t="standart_right_window"
  transform:m=[[1.0, 0.0, 0.0] [0.0, 1.0, 0.0] [0.0, 0.0, 1.0] [0.0, 0.0, 0.0]]
}

entity{
  _template:t="standart_right_window"
  transform:m=[[1.0, 0.0, 0.0] [0.0, 1.0, 0.0] [0.0, 0.0, 1.0] [0.0, 0.0, 0.0]]
}

entity{
  _template:t="standart_right_window"
  transform:m=[[1.0, 0.0, 0.0] [0.0, 1.0, 0.0] [0.0, 0.0, 1.0] [0.0, 0.0, 0.0]]
}

entity{
  _template:t="standart_right_window"
  transform:m=[[1.0, 0.0, 0.0] [0.0, 1.0, 0.0] [0.0, 0.0, 1.0] [0.0, 0.0, 0.0]]
}

entity{
  _template:t="standart_right_window"
  transform:m=[[1.0, 0.0, 0.0] [0.0, 1.0, 0.0] [0.0, 0.0, 1.0] [0.0, 0.0, 0.0]]
}

entity{
  _template:t="standart_right_window"
  transform:m=[[1.0, 0.0, 0.0] [0.0, 1.0, 0.0] [0.0, 0.0, 1.0] [0.0, 0.0, 0.0]]
}

entity{
  _template:t="standart_right_window"
  transform:m=[[1.0, 0.0, 0.0] [0.0, 1.0, 0.0] [0.0, 0.0, 1.0] [0.0, 0.0, 0.0]]
}

entity{
  _template:t="standart_right_window"
  transform:m=[[1.0, 0.0, 0.0] [0.0, 1.0, 0.0] [0.0, 0.0, 1.0] [0.0, 0.0, 0.0]]
}

entity{
  _template:t="standart_right_window"
  transform:m=[[1.0, 0.0, 0.0] [0.0, 1.0, 0.0] [0.0, 0.0, 1.0] [0.0, 0.0, 0.0]]
}

entity{
  _template:t="standart_right_window"
