entity{
  _template:t="box_battle_area"
  transform:m=[[11305.8, 0.0, 440.806] [0.0, 2400.4, 0.0] [-440.382, 0.0, 11305.6] [17.1205, 66.0706, 43.6742]]
  battle_area__team:i=-1
}

entity{
  _template:t="aircraft_box_battle_area"
  transform:m=[[9380.94, 0.0, 6126.52] [0.0, 8000.03, -0.0] [-6195.73, 0.0, 9486.91] [49.5369, 331.507, 40.5401]]
  battle_area__team:i=-1
}

entity{
  _template:t="gmc_353_b"
  transform:m=[[-0.999203, 0.0255444, 0.0306879] [0.0260147, 0.999549, 0.0150229] [-0.0302903, 0.0158092, -0.999416] [401.964, 4.17306, 286.333]]
}

entity{
  _template:t="gmc_353_a"
  transform:m=[[-0.0379616, -0.00414123, -0.999271] [0.0122543, 0.999914, -0.00460944] [0.999204, -0.0124204, -0.0379076] [442.407, 6.13564, 250.185]]
}

entity{
  _template:t="willys_mb"
  transform:m=[[-0.93356, 0.00474234, 0.35839] [0.0408873, 0.994794, 0.0933427] [-0.356082, 0.101795, -0.928894] [339.065, 4.4514, 395.859]]
}

entity{
  _template:t="gmc_353_a"
  transform:m=[[-0.999835, 0.00825578, -0.0161798] [0.00834504, 0.99995, -0.00545696] [0.016134, -0.00559108, -0.999854] [432.978, 5.14784, 299.431]]
}

entity{
  _template:t="gmc_353_b"
  transform:m=[[0.663306, -0.00527435, -0.74833] [0.0164544, 0.999836, 0.00753789] [0.748168, -0.0173133, 0.663284] [276.695, 3.77475, 403.648]]
}

entity{
  _template:t="gmc_353_a"
  transform:m=[[0.55849, -0.0807647, -0.82557] [0.038935, 0.996704, -0.0711674] [0.828597, 0.00760275, 0.559794] [271.09, 4.01169, 410.729]]
}

entity{
  _template:t="gmc_353_b"
  transform:m=[[-0.86811, -0.0169435, 0.496083] [0.0320206, 0.995424, 0.090032] [-0.495338, 0.0940426, -0.863595] [331.238, 4.41832, 400.75]]
}

entity{
  _template:t="vw_kubelwagen"
  transform:m=[[0.863833, -0.038007, -0.502342] [-0.00784144, 0.996015, -0.0888423] [0.503717, 0.0806841, 0.860093] [225.388, 5.05096, 168.934]]
}

entity{
  _template:t="opel_blitz_kfz_305"
  transform:m=[[0.49385, -0.00302051, -0.869542] [0.0217, 0.999725, 0.00885164] [0.869276, -0.0232404, 0.49378] [264.704, 5.49426, 212.157]]
}

entity{
  _template:t="opel_blitz_kfz_305"
  transform:m=[[0.930099, -0.0192533, -0.366805] [0.0257626, 0.999585, 0.0128582] [0.366406, -0.0214093, 0.930209] [338.396, 6.00998, 226.357]]
}

entity{
  _template:t="opel_blitz_kfz_305"
  transform:m=[[-0.668998, -0.0113401, -0.743178] [-0.00887528, 0.999934, -0.00726857] [0.743211, 0.00173325, -0.669055] [252.032, 12.9726, 1.4034]]
}

entity{
  _template:t="opel_blitz_kfz_305"
  transform:m=[[-0.628954, -0.00735325, -0.777408] [-0.00307217, 0.999971, -0.00697289] [0.777436, -0.0019973, -0.628958] [148.852, 5.79103, 158.478]]
}

entity{
  _template:t="opel_blitz_kfz_305"
  transform:m=[[-0.880832, -0.0102432, -0.473319] [-0.0055182, 0.99992, -0.0113703] [0.473398, -0.00740345, -0.880818] [24.291, 4.88061, 3.27051]]
}

entity{
  _template:t="opel_blitz_kfz_305"
  transform:m=[[-0.457444, -0.00343008, 0.889232] [-0.000632592, 0.999994, 0.00353191] [-0.889238, 0.00105313, -0.457443] [-185.607, 5.96629, -78.8356]]
}

entity{
  _template:t="opel_blitz_kfz_305"
  transform:m=[[0.746467, -0.0109262, -0.665333] [0.0275289, 0.999516, 0.0144717] [0.664853, -0.0291185, 0.746407] [-335.825, 4.37381, -111.52]]
}

entity{
  _template:t="opel_blitz_kfz_305"
  transform:m=[[0.225237, -0.00175784, 0.974303] [0.00462476, 0.999989, 0.00073505] [-0.974293, 0.00434035, 0.225242] [-253.048, 4.86975, -236.253]]
}

entity{
  _template:t="vw_kubelwagen"
  transform:m=[[0.385303, -0.00190864, 0.922788] [0.000744897, 0.999998, 0.00175732] [-0.92279, 1.02844e-05, 0.385303] [-244.989, 4.92159, -272.787]]
}

entity{
  _template:t="vw_kubelwagen"
  transform:m=[[0.61011, -0.00345084, 0.792309] [0.00146554, 0.999994, 0.00322687] [-0.792315, -0.000807589, 0.610111] [-275.606, 4.92236, -200.599]]
}

entity{
  _template:t="session_finalizer"
  session_finalizer__timer:r=10.0
}

entity{
  _template:t="enemy_attack_marker"
}

entity{
  _template:t="static_cam"
  camera__active:b=yes
  transform:m=[[-0.994782, -1.86265e-09, -0.102027] [0.0183871, 0.983626, -0.179278] [0.100356, -0.180219, -0.978494] [237.896, 22.777, 334.364]]
}

entity{
  _template:t="respawn_camera"
  respawnCameraForTeam:i=2
  transform:m=[[1.0, 0.0, 0.0] [0.0, 1.0, 0.0] [0.0, 0.0, 1.0] [-616.634, 317.064, 400.939]]
}

entity{
  _template:t="respawn_camera"
  respawnCameraForTeam:i=1
  transform:m=[[1.0, 0.0, 0.0] [0.0, 1.0, 0.0] [0.0, 0.0, 1.0] [-606.564, 323.692, 1001.26]]
}

entity{
  _template:t="normandy_level"
  level__blk:t="content/enlisted/levels/normandy_smn_2x2.blk"
}

entity{
  _template:t="briefing_invasion"
  mission_name:t="normandy_factory_inv"

  "loading_images:list<t>"{
    item:t="ui/normandy_smn_01_result.avif"
    item:t="ui/normandy_smn_04_result.avif"
    item:t="ui/normandy_smn_09_result.avif"
  }
}

entity{
  _template:t="team_usa+team_narrator_invasion_attack+respawn_creators_team"
  team__memberCount:r=0.0
  team__scoreCap:r=2000.0
  team__score:r=2000.0
  team__squadSpawnCost:i=250
  team__firstSpawnCostMul:r=0.0
  team__zeroScoreFailTimer:r=60.0
  team__id:i=1
  team__briefing:t="invasion/attackers_goals"
  team__winSubtitle:t="debriefing/won_invasion_subtitle"
  team__loseSubtitle:t="debriefing/lost_invasion_subtitle"
  team__winTitle:t="debriefing/usa_won_invasion"
  team__spawnBotArmy:t="normandy_allies"
}

entity{
  _template:t="team_germany+team_narrator_invasion_defence+respawn_creators_team"
  team__countAdd:r=0.5
  team__memberCount:r=0.5
  team__scoreCap:r=5000.0
  team__capturePenalty:r=1001.0
  team__score:r=5000.0
  team__id:i=2
  team__briefing:t="invasion/defenders_goals"
  team__winSubtitle:t="debriefing/won_defence_subtitle"
  team__loseSubtitle:t="debriefing/lost_defence_subtitle"
  team__winTitle:t="debriefing/ger_won_defence"
  team__spawnBotArmy:t="normandy_axis"
}

entity{
  _template:t="group_activator"

  "activator__activateChoice:object"{
    sector_1_a:r=1.0
    sector_1_b:r=1.0
    sector_1_c:r=1.0
  }
}

entity{
  _template:t="defend_zone_chained_box+defend_zone_respawnbase"
  capzone__capRewardPartCap:r=1.125
  capzone__onlyTeamCanCapture:i=1
  capzone__curTeamCapturingZone:i=-1
  groupName:t="sector_1_a"
  capzone__capTime:r=50.0
  capzone__capTeam:i=-1
  transform:m=[[12.5278, 0.0, -14.4247] [0.0, 9.51516, 0.0] [14.5292, -0.0, 12.6186] [313.817, 8.71082, 188.896]]
  active:b=no
  capzone__decapTime:r=6000.0
  ui_order:i=0
  capzone__capReward:r=250.0
  capzone__icon:t="AAA"
  capzone__progress:r=0.0
  capzone__caption:t="capzone/locomotive_depot"
  capzone__deactivateAfterTimeout:r=25.0
  capzone__spawnAtZoneTimeout:r=25.0
  capzone__createRespawnBaseForTeam:i=2
  decal__thickness:r=0.15
  decal__height:r=0.3
  capzone__createRespawnBase:t="respawnBaseGroupActivator"
  capzone__createdRespawnBaseGroup:i=3

  "capzone__activateChoice:object"{
    sector_2_a:r=1.0
    sector_2_b:r=1.0
  }
}

entity{
  _template:t="defend_zone_chained_poly+defend_zone_respawnbase"
  capzone__capRewardPartCap:r=1.125
  capzone__onlyTeamCanCapture:i=1
  capzone__curTeamCapturingZone:i=-1
  groupName:t="sector_1_b"
  capzone__capTime:r=50.0
  capzone__capTeam:i=-1
  transform:m=[[1.0, 0.0, 0.0] [0.0, 1.0, 0.0] [0.0, 0.0, 1.0] [-34.3185, 6.44595, -149.055]]
  active:b=no
  capzone__decapTime:r=6000.0
  ui_order:i=0
  capzone__capReward:r=250.0
  capzone__icon:t="AAA"
  capzone__caption:t="capzone/boiler"
  capzone__iconOffsetY:r=3.0
  capzone__deactivateAfterTimeout:r=25.0
  capzone__spawnAtZoneTimeout:r=25.0
  capzone__createRespawnBaseForTeam:i=2
  capzone__createRespawnBase:t="respawnBaseGroupActivator"
  capzone__createdRespawnBaseGroup:i=4
  capzone__areaId:t="caparea_1_b"

  "capzone__activateChoice:object"{
    sector_2_b:r=1.0
  }
}

entity{
  _template:t="defend_zone_chained_box+defend_zone_respawnbase"
  capzone__capRewardPartCap:r=1.125
  capzone__onlyTeamCanCapture:i=1
  capzone__curTeamCapturingZone:i=-1
  groupName:t="sector_1_c"
  capzone__capTime:r=50.0
  capzone__capTeam:i=-1
  transform:m=[[32.2216, 0.0, -36.5264] [0.0, 7.94399, 0.0] [12.3671, -0.0, 10.9096] [355.468, 8.79486, 180.312]]
  active:b=yes
  capzone__decapTime:r=6000.0
  ui_order:i=0
  capzone__capReward:r=250.0
  capzone__icon:t="AAA"
  capzone__progress:r=0.0
  capzone__caption:t="capzone/locomotive_depot"
  capzone__deactivateAfterTimeout:r=25.0
  capzone__spawnAtZoneTimeout:r=25.0
  capzone__createRespawnBaseForTeam:i=2
  decal__thickness:r=0.15
  decal__height:r=0.8
  capzone__createRespawnBase:t="respawnBaseGroupActivator"
  capzone__createdRespawnBaseGroup:i=18

  "capzone__activateChoice:object"{
    sector_2_a:r=1.0
    sector_2_b:r=1.0
  }
}

entity{
  _template:t="defend_zone_chained_sphere+defend_zone_respawnbase"
  capzone__capRewardPartCap:r=1.25
  capzone__onlyTeamCanCapture:i=1
  capzone__curTeamCapturingZone:i=-1
  groupName:t="sector_2_a"
  capzone__capTime:r=55.0
  capzone__capTeam:i=-1
  transform:m=[[1.0, 0.0, 0.0] [0.0, 0.992405, 0.0] [0.0, 0.0, 1.0] [239.684, 4.3166, 77.9463]]
  active:b=no
  capzone__decapTime:r=6000.0
  ui_order:i=1
  capzone__capReward:r=250.0
  capzone__icon:t="AAA"
  capzone__progress:r=0.0
  capzone__caption:t="capzone/supply_wagons"
  capzone__deactivateAfterTimeout:r=25.0
  capzone__spawnAtZoneTimeout:r=25.0
  capzone__createRespawnBaseForTeam:i=2
  sphere_zone__radius:r=22.0
  decal__thickness:r=0.15
  decal__height:r=1.5
  capzone__createRespawnBase:t="respawnBaseGroupActivator"
  capzone__createdRespawnBaseGroup:i=5
  capzone__iconOffsetY:r=4.0

  "capzone__activateChoice:object"{
    sector_3_d:r=1.0
    sector_3_b:r=2.0
    sector_3_c:r=1.0
  }
}

entity{
  _template:t="defend_zone_chained_box+defend_zone_respawnbase"
  capzone__capRewardPartCap:r=1.25
  capzone__onlyTeamCanCapture:i=1
  capzone__curTeamCapturingZone:i=-1
  groupName:t="sector_2_b"
  capzone__capTime:r=60.0
  capzone__capTeam:i=-1
  transform:m=[[-11.5383, 0.0, -10.6612] [0.0, 6.60763, 0.0] [32.4801, 0.0, -35.1523] [198.736, 7.92223, 134.112]]
  active:b=no
  capzone__decapTime:r=6000.0
  ui_order:i=1
  capzone__capReward:r=250.0
  capzone__icon:t="AAA"
  capzone__progress:r=0.0
  capzone__caption:t="capzone/pipe_rolling"
  capzone__deactivateAfterTimeout:r=25.0
  capzone__spawnAtZoneTimeout:r=25.0
  capzone__createRespawnBaseForTeam:i=2
  decal__thickness:r=0.15
  decal__height:r=0.6
  capzone__createRespawnBase:t="respawnBaseGroupActivator"
  capzone__createdRespawnBaseGroup:i=6

  "capzone__activateChoice:object"{
    sector_3_d:r=1.0
    sector_3_a:r=1.0
    sector_3_b:r=2.0
    sector_3_c:r=1.0
  }
}

entity{
  _template:t="defend_zone_chained_box+defend_zone_respawnbase"
  capzone__capRewardPartCap:r=1.375
  capzone__onlyTeamCanCapture:i=1
  capzone__curTeamCapturingZone:i=-1
  groupName:t="sector_3_a"
  capzone__capTime:r=55.0
  capzone__capTeam:i=-1
  transform:m=[[-30.935, 0.0, -28.0439] [0.0, 5.54946, 0.0] [17.8916, 0.0, -19.736] [109.62, 7.07547, -25.0432]]
  active:b=no
  capzone__decapTime:r=6000.0
  ui_order:i=2
  capzone__capReward:r=250.0
  capzone__icon:t="AAA"
  capzone__progress:r=0.0
  capzone__caption:t="capzone/supply_wagons"
  capzone__deactivateAfterTimeout:r=25.0
  capzone__spawnAtZoneTimeout:r=25.0
  capzone__createRespawnBaseForTeam:i=2
  decal__thickness:r=0.15
  decal__height:r=1.5
  capzone__createRespawnBase:t="respawnBaseGroupActivator"
  capzone__createdRespawnBaseGroup:i=8
  capzone__iconOffsetY:r=1.0

  "capzone__activateChoice:object"{
    sector_4_c:r=1.0
    sector_4_b:r=1.0
  }
}

entity{
  _template:t="defend_zone_chained_box+defend_zone_respawnbase"
  capzone__capRewardPartCap:r=1.375
  capzone__onlyTeamCanCapture:i=1
  capzone__curTeamCapturingZone:i=-1
  groupName:t="sector_3_b"
  capzone__capTime:r=70.0
  capzone__capTeam:i=-1
  transform:m=[[-23.4332, 0.0, -21.8723] [0.0, 4.99452, 0.0] [17.1059, 0.0, -18.3266] [83.8696, 7.37822, 28.0506]]
  active:b=no
  capzone__decapTime:r=6000.0
  ui_order:i=2
  capzone__capReward:r=250.0
  capzone__icon:t="AAA"
  capzone__progress:r=0.0
  capzone__caption:t="capzone/smeltery"
  capzone__deactivateAfterTimeout:r=25.0
  capzone__spawnAtZoneTimeout:r=25.0
  capzone__createRespawnBaseForTeam:i=2
  decal__thickness:r=0.15
  decal__height:r=1.2
  capzone__createRespawnBase:t="respawnBaseGroupActivator"
  capzone__createdRespawnBaseGroup:i=9

  "capzone__activateChoice:object"{
    sector_4_c:r=1.0
    sector_4_b:r=1.0
  }
}

entity{
  _template:t="defend_zone_chained_box+defend_zone_respawnbase"
  capzone__capRewardPartCap:r=1.375
  capzone__onlyTeamCanCapture:i=1
  capzone__curTeamCapturingZone:i=-1
  groupName:t="sector_3_c"
  capzone__capTime:r=60.0
  capzone__capTeam:i=-1
  transform:m=[[-12.5966, 0.0, -11.3174] [0.0, 4.99452, 0.0] [16.0866, 0.0, -17.9049] [65.9821, 23.5374, 11.7299]]
  active:b=no
  capzone__decapTime:r=6000.0
  ui_order:i=2
  capzone__capReward:r=250.0
  capzone__icon:t="AAA"
  capzone__progress:r=0.0
  capzone__caption:t="capzone/canteen"
  capzone__deactivateAfterTimeout:r=25.0
  capzone__spawnAtZoneTimeout:r=25.0
  capzone__createRespawnBaseForTeam:i=2
  decal__thickness:r=0.15
  decal__height:r=0.0
  capzone__createRespawnBase:t="respawnBaseGroupActivator"
  capzone__createdRespawnBaseGroup:i=10

  "capzone__activateChoice:object"{
    sector_4_c:r=1.0
    sector_4_b:r=1.0
  }
}

entity{
  _template:t="defend_zone_chained_box+defend_zone_respawnbase"
  capzone__capRewardPartCap:r=1.375
  capzone__onlyTeamCanCapture:i=1
  capzone__curTeamCapturingZone:i=-1
  groupName:t="sector_3_d"
  capzone__capTime:r=60.0
  capzone__capTeam:i=-1
  transform:m=[[-12.5966, 0.0, -11.3174] [0.0, 4.99452, 0.0] [16.0866, 0.0, -17.9049] [65.9821, 17.3644, 11.7299]]
  active:b=no
  capzone__decapTime:r=6000.0
  ui_order:i=2
  capzone__capReward:r=250.0
  capzone__icon:t="AAA"
  capzone__progress:r=0.0
  capzone__caption:t="capzone/offices"
  capzone__deactivateAfterTimeout:r=25.0
  capzone__spawnAtZoneTimeout:r=25.0
  capzone__createRespawnBaseForTeam:i=2
  decal__thickness:r=0.15
  decal__height:r=0.0
  capzone__createRespawnBase:t="respawnBaseGroupActivator"
  capzone__createdRespawnBaseGroup:i=17

  "capzone__activateChoice:object"{
    sector_4_c:r=1.0
    sector_4_b:r=1.0
  }
}

entity{
  _template:t="defend_zone_chained_box+defend_zone_respawnbase"
  capzone__capRewardPartCap:r=1.5
  capzone__onlyTeamCanCapture:i=1
  capzone__curTeamCapturingZone:i=-1
  groupName:t="sector_4_a"
  capzone__capTime:r=60.0
  capzone__capTeam:i=-1
  transform:m=[[-36.4627, 0.0, -30.7454] [0.0, 32.6792, 0.0] [20.1177, 0.0, -23.8587] [53.3305, 22.2504, -126.63]]
  active:b=no
  capzone__decapTime:r=6000.0
  ui_order:i=3
  capzone__capReward:r=250.0
  capzone__icon:t="AAA"
  capzone__progress:r=0.0
  capzone__caption:t="capzone/blast_furnace"
  capzone__deactivateAfterTimeout:r=25.0
  capzone__spawnAtZoneTimeout:r=25.0
  capzone__createRespawnBaseForTeam:i=2
  decal__thickness:r=0.15
  decal__height:r=0.9
  capzone__createRespawnBase:t="respawnBaseGroupActivator"
  capzone__createdRespawnBaseGroup:i=11

  "capzone__activateChoice:object"{
    sector_5_a:r=1.0
  }
}

entity{
  _template:t="defend_zone_chained_box+defend_zone_respawnbase"
  capzone__capRewardPartCap:r=1.5
  capzone__onlyTeamCanCapture:i=1
  capzone__curTeamCapturingZone:i=-1
  groupName:t="sector_4_b"
  capzone__capTime:r=60.0
  capzone__capTeam:i=-1
  transform:m=[[-36.6277, 0.0, -30.5486] [0.0, 14.9821, 0.0] [13.8602, 0.0, -16.6184] [14.3253, 13.2558, -80.4348]]
  active:b=no
  capzone__decapTime:r=6000.0
  ui_order:i=3
  capzone__capReward:r=250.0
  capzone__icon:t="AAA"
  capzone__progress:r=0.0
  capzone__caption:t="capzone/blast_furnace"
  capzone__deactivateAfterTimeout:r=25.0
  capzone__spawnAtZoneTimeout:r=25.0
  capzone__createRespawnBaseForTeam:i=2
  decal__thickness:r=0.15
  decal__height:r=0.9
  capzone__createRespawnBase:t="respawnBaseGroupActivator"
  capzone__createdRespawnBaseGroup:i=12

  "capzone__activateChoice:object"{
    sector_5_b:r=1.0
    sector_5_a:r=1.0
  }
}

entity{
  _template:t="defend_zone_chained_box+defend_zone_respawnbase"
  capzone__capRewardPartCap:r=1.5
  capzone__onlyTeamCanCapture:i=1
  capzone__curTeamCapturingZone:i=-1
  groupName:t="sector_4_c"
  capzone__capTime:r=70.0
  capzone__capTeam:i=-1
  transform:m=[[-63.1079, 0.0, -54.5374] [0.0, 13.558, 0.0] [29.7408, 0.0, -34.4145] [-37.1266, 11.2829, -30.1705]]
  active:b=no
  capzone__decapTime:r=6000.0
  ui_order:i=3
  capzone__capReward:r=250.0
  capzone__icon:t="AAA"
  capzone__progress:r=0.0
  capzone__caption:t="capzone/blast_furnace"
  capzone__deactivateAfterTimeout:r=25.0
  capzone__spawnAtZoneTimeout:r=25.0
  capzone__createRespawnBaseForTeam:i=2
  decal__thickness:r=0.15
  decal__height:r=0.9
  capzone__createRespawnBase:t="respawnBaseGroupActivator"
  capzone__createdRespawnBaseGroup:i=13

  "capzone__activateChoice:object"{
    sector_5_b:r=1.0
    sector_5_a:r=1.0
  }
}

entity{
  _template:t="defend_zone_chained_box+defend_zone_respawnbase"
  capzone__capRewardPartCap:r=1.0
  capzone__onlyTeamCanCapture:i=1
  capzone__curTeamCapturingZone:i=-1
  groupName:t="sector_5_a"
  capzone__capTime:r=60.0
  capzone__capTeam:i=-1
  transform:m=[[-31.7245, 0.0, -28.336] [0.0, 4.93905, 0.0] [18.0431, 0.0, -20.2008] [-140.795, 7.04589, -183.738]]
  active:b=no
  capzone__decapTime:r=6000.0
  ui_order:i=4
  capzone__capReward:r=250.0
  capzone__icon:t="AAA"
  capzone__progress:r=0.0
  capzone__caption:t="capzone/wire_rolling"
  capzone__deactivateAfterTimeout:r=25.0
  capzone__spawnAtZoneTimeout:r=25.0
  capzone__createRespawnBaseForTeam:i=2
  decal__thickness:r=0.15
  decal__height:r=0.9
  capzone__createRespawnBase:t="respawnBaseGroupActivator"
  capzone__createdRespawnBaseGroup:i=15
}

entity{
  _template:t="defend_zone_chained_box+defend_zone_respawnbase"
  capzone__capRewardPartCap:r=1.0
  capzone__onlyTeamCanCapture:i=1
  capzone__curTeamCapturingZone:i=-1
  groupName:t="sector_5_b"
  capzone__capTime:r=60.0
  capzone__capTeam:i=-1
  transform:m=[[-30.6351, 0.0, -28.2708] [0.0, 6.00392, 0.0] [15.9163, 0.0, -17.2474] [-206.591, 8.9965, -114.438]]
  active:b=no
  capzone__decapTime:r=6000.0
  ui_order:i=4
  capzone__capReward:r=250.0
  capzone__icon:t="AAA"
  capzone__progress:r=0.0
  capzone__caption:t="capzone/workshop"
  capzone__deactivateAfterTimeout:r=25.0
  capzone__spawnAtZoneTimeout:r=25.0
  capzone__createRespawnBaseForTeam:i=2
  decal__thickness:r=0.15
  decal__height:r=0.5
  capzone__createRespawnBase:t="respawnBaseGroupActivator"
  capzone__createdRespawnBaseGroup:i=16
}

entity{
  _template:t="resupply_in_air_zone"
  transform:m=[[-0.999999, 0.0, -0.000445871] [0.0, 1.0, 0.0] [0.000445871, 0.0, -0.999999] [-2016.38, 741.28, -1999.37]]
  resupply_zone__team:i=2
}

entity{
  _template:t="respAircraftInAir"
  respawnbaseType:t="aircraft_fighter"
  transform:m=[[-0.96913, 0.0, -0.24655] [0.0, 1.0, 0.0] [0.24655, 0.0, -0.96913] [3476.81, 1023.92, 930.276]]
  team:i=1
  maxVehicleOnSpawn:i=1
  respTime:i=120
}

entity{
  _template:t="respAircraftInAir"
  respawnbaseType:t="aircraft_assault"
  transform:m=[[-0.959105, 0.0, -0.283055] [0.0, 1.0, 0.0] [0.283055, 0.0, -0.959105] [3451.48, 823.92, 1105.68]]
  team:i=1
  maxVehicleOnSpawn:i=1
  respTime:i=120
}

entity{
  _template:t="respAircraftInAir"
  respawnbaseType:t="aircraft_fighter"
  transform:m=[[-0.961804, 0.0, -0.273741] [0.0, 1.0, 0.0] [0.273741, 0.0, -0.961804] [3461.91, 1023.92, 1086.2]]
  team:i=1
  maxVehicleOnSpawn:i=1
  respTime:i=120
}

entity{
  _template:t="respAircraftInAir"
  respawnbaseType:t="aircraft_assault"
  transform:m=[[-0.972049, 0.0, -0.234777] [0.0, 1.0, 0.0] [0.234777, 0.0, -0.972049] [3476.81, 823.92, 930.276]]
  team:i=1
  maxVehicleOnSpawn:i=1
  respTime:i=120
}

entity{
  _template:t="resupply_in_air_zone"
  transform:m=[[0.327869, 0.0, -0.944724] [0.0, 1.0, 0.0] [0.944724, 0.0, 0.327869] [1943.52, 721.141, 2269.66]]
  resupply_zone__team:i=1
}

entity{
  _template:t="respAircraftInAir"
  respawnbaseType:t="aircraft_fighter"
  transform:m=[[0.999828, 0.0, 0.0185856] [0.0, 1.0, -0.0] [-0.0185856, 0.0, 0.999828] [-3479.52, 1000.0, 17.2208]]
  team:i=2
  maxVehicleOnSpawn:i=1
  respTime:i=120
}

entity{
  _template:t="respAircraftInAir"
  respawnbaseType:t="aircraft_assault"
  transform:m=[[0.999988, 0.0, -0.00494498] [0.0, 1.0, 0.0] [0.00494498, -0.0, 0.999988] [-3479.52, 800.0, 17.2208]]
  team:i=2
  maxVehicleOnSpawn:i=1
  respTime:i=120
}

entity{
  _template:t="respAircraftInAir"
  respawnbaseType:t="aircraft_fighter"
  transform:m=[[0.999247, 0.0, 0.038803] [0.0, 1.0, -0.0] [-0.038803, 0.0, 0.999247] [-3473.42, 1000.0, -133.244]]
  team:i=2
  maxVehicleOnSpawn:i=1
  respTime:i=120
}

entity{
  _template:t="respAircraftInAir"
  respawnbaseType:t="aircraft_assault"
  transform:m=[[0.998535, 0.0, 0.0541197] [0.0, 1.0, -0.0] [-0.0541197, 0.0, 0.998535] [-3509.84, 800.0, -159.127]]
  team:i=2
  maxVehicleOnSpawn:i=1
  respTime:i=120
}

entity{
  _template:t="respawnChooser+respTeam1"
  transform:m=[[-0.471773, 0.00186473, -0.881718] [-0.000692015, 0.999997, 0.00248515] [0.88172, 0.00178259, -0.471771] [454.467, 5.77964, 263.521]]
  groupName:t="sector_1_a"
  respawnBaseGroup:i=1
  active:b=no
}

entity{
  _template:t="respawnChooser+respTeam1"
  transform:m=[[-0.0972614, 0.00045583, -0.995259] [-0.00248273, 0.999997, 0.000700624] [0.995257, 0.0025391, -0.0972601] [438.663, 5.81496, 291.126]]
  groupName:t="sector_1_a"
  respawnBaseGroup:i=1
  active:b=no
}

entity{
  _template:t="respawnChooser+respVehicle+vehicle_resp_soft_ground_collision"
  transform:m=[[0.543301, 0.0544332, -0.837771] [-0.0438427, 0.998374, 0.0364359] [0.838392, 0.0169345, 0.544804] [281.011, 5.50437, 440.684]]
  groupName:t="sector_1_a"
  active:b=no
  team:i=1
  maxVehicleOnSpawn:i=2
  respTime:i=120
  respawnBaseGroup:i=1
}

entity{
  _template:t="respawnChooser+respMotorcycle"
  active:b=no
  transform:m=[[0.540595, 0.0444203, -0.840109] [-0.0406861, 0.998817, 0.0266311] [0.840298, 0.0197842, 0.541763] [280.824, 5.46936, 440.573]]
  team:i=1
  groupName:t="sector_1_a"
  respawnBaseGroup:i=1
}

entity{
  _template:t="resupply_for_ground_vehicle_zone"
  transform:m=[[0.337003, 2.33168e-11, 0.726833] [0.000802308, 1.0, -0.000371998] [-0.726832, 0.000708507, 0.337003] [343.416, 5.14397, 393.394]]
  resupply_zone__team:i=1
  groupName:t="sector_1_a"
  active:b=no
}

entity{
  _template:t="respawnChooser+respTeam2"
  transform:m=[[0.998735, -0.000743532, -0.0502835] [0.000618378, 0.999997, -0.00250449] [0.0502852, 0.00247022, 0.998732] [193.231, 5.92209, 118.066]]
  groupName:t="sector_1_a"
  respawnBaseGroup:i=1
  active:b=no
}

entity{
  _template:t="respawnChooser+respTeam2"
  transform:m=[[0.353199, 0.00153406, 0.935547] [0.00139851, 0.999997, -0.00216772] [-0.935547, 0.00207401, 0.353196] [217.243, 5.57636, 99.7972]]
  groupName:t="sector_1_a"
  respawnBaseGroup:i=2
  active:b=no
}

entity{
  _template:t="resupply_for_ground_vehicle_zone"
  transform:m=[[-0.291921, -9.50604e-05, -0.956443] [-0.000868682, 1.0, 0.000165745] [0.956443, 0.000879229, -0.291921] [185.641, 6.1672, 67.1804]]
  resupply_zone__team:i=2
  groupName:t="sector_1_a"
  active:b=no
}

entity{
  _template:t="respawnChooser+respMotorcycle"
  active:b=no
  transform:m=[[0.928532, 1.66098e-05, -0.371253] [4.16118e-05, 1.0, 0.000148814] [0.371253, -0.000153627, 0.928532] [172.372, 6.59643, 82.4555]]
  team:i=2
  groupName:t="sector_1_a"
  respawnBaseGroup:i=1
}

entity{
  _template:t="respawnChooser+respVehicle+vehicle_resp_soft_ground_collision"
  transform:m=[[0.882373, -0.000224467, -0.47055] [-0.00077885, 0.999998, -0.00193753] [0.47055, 0.00207611, 0.882371] [172.836, 6.60167, 82.2751]]
  groupName:t="sector_1_a"
  active:b=no
  team:i=2
  maxVehicleOnSpawn:i=2
  respTime:i=120
  respawnBaseGroup:i=1
}

entity{
  _template:t="respawnChooser+respTeam2"
  transform:m=[[0.987401, 0.00110823, 0.158235] [-0.000725656, 0.999997, -0.00247553] [-0.158237, 0.00232952, 0.987398] [183.029, 5.98685, 146.917]]
  groupName:t="sector_1_a"
  respawnBaseGroup:i=1
  active:b=no
}

entity{
  _template:t="respawnChooser+respTeam1"
  transform:m=[[-0.392952, 0.00210194, -0.919556] [-0.000549275, 0.999997, 0.00252053] [0.919559, 0.00149554, -0.39295] [314.897, 3.02743, 342.983]]
  groupName:t="sector_1_a"
  respawnBaseGroup:i=2
  active:b=no
}

entity{
  _template:t="respawnChooser+respTeam1"
  transform:m=[[0.0985227, 0.00210706, -0.995132] [-0.00168868, 0.999997, 0.00195017] [0.995134, 0.00148833, 0.098526] [317.115, 2.74572, 341.279]]
  groupName:t="sector_1_a"
  respawnBaseGroup:i=2
  active:b=no
}

entity{
  _template:t="respawnChooser+respTeam1"
  transform:m=[[-0.425335, 0.0015388, -0.905034] [-0.00121936, 0.999997, 0.00227332] [0.905035, 0.00207049, -0.425332] [348.382, 6.3989, 399.427]]
  groupName:t="sector_1_b"
  respawnBaseGroup:i=2
  active:b=no
}

entity{
  _template:t="respawnChooser+respTeam1"
  transform:m=[[-0.799947, 0.0015388, -0.600068] [-1.14767e-05, 0.999997, 0.00257967] [0.60007, 0.00207048, -0.799945] [283.862, 4.69829, 410.62]]
  groupName:t="sector_1_b"
  respawnBaseGroup:i=2
  active:b=no
}

entity{
  _template:t="respawnChooser+respTeam1"
  transform:m=[[-0.851283, -0.00238742, 0.5247] [-0.0015196, 0.999997, 0.00208462] [-0.524705, 0.0009772721, -0.851286] [414.347, 4.94208, 274.745]]
  groupName:t="sector_1_b"
  respawnBaseGroup:i=1
  active:b=no
}

entity{
  _template:t="respawnChooser+respTeam1"
  transform:m=[[-0.873394, -0.00217212, 0.487008] [-0.00121936, 0.999997, 0.00227332] [-0.487012, 0.00139166, -0.873395] [418.001, 5.8852, 253.228]]
  groupName:t="sector_1_b"
  respawnBaseGroup:i=1
  active:b=no
}

entity{
  _template:t="respawnChooser+respVehicle+vehicle_resp_soft_ground_collision"
  transform:m=[[0.805573, 0.0544332, -0.589991] [-0.0539296, 0.998374, 0.0184756] [0.590037, 0.0169346, 0.807198] [242.426, 5.50436, 476.231]]
  groupName:t="sector_1_b"
  active:b=no
  team:i=1
  maxVehicleOnSpawn:i=2
  respTime:i=120
  respawnBaseGroup:i=1
}

entity{
  _template:t="respawnChooser+respMotorcycle"
  active:b=no
  transform:m=[[0.801987, 0.0444203, -0.595687] [-0.0474612, 0.998817, 0.0105835] [0.595452, 0.0197841, 0.803147] [242.302, 5.46935, 476.07]]
  team:i=1
  groupName:t="sector_1_b"
  respawnBaseGroup:i=1
}

entity{
  _template:t="resupply_for_ground_vehicle_zone"
  transform:m=[[0.337003, 2.33168e-11, 0.726833] [0.000802308, 1.0, -0.000371998] [-0.726832, 0.000708507, 0.337003] [341.955, 5.14397, 393.766]]
  resupply_zone__team:i=1
  groupName:t="sector_1_b"
  active:b=no
}

entity{
  _template:t="respawnChooser+respTeam2"
  transform:m=[[0.863761, 0.000960611, 0.503902] [0.000376695, 0.999997, -0.00255205] [-0.503903, 0.00239417, 0.863757] [96.6037, 5.43086, 275.221]]
  groupName:t="sector_1_b"
  respawnBaseGroup:i=1
  active:b=no
}

entity{
  _template:t="respawnChooser+respTeam2"
  transform:m=[[0.779525, 0.000960611, 0.626371] [0.000750827, 0.999997, -0.00246802] [-0.626372, 0.00239418, 0.779521] [101.131, 5.43086, 271.113]]
  groupName:t="sector_1_b"
  respawnBaseGroup:i=1
  active:b=no
}

entity{
  _template:t="respawnChooser+respTeam2"
  transform:m=[[0.943454, 0.000960611, -0.331501] [-0.00169996, 0.999997, -0.00194035] [0.331498, 0.00239417, 0.943453] [87.613, 6.48096, 247.828]]
  groupName:t="sector_1_b"
  respawnBaseGroup:i=1
  active:b=no
}

entity{
  _template:t="respawnChooser+respTeam2"
  transform:m=[[-0.0218136, -0.000743532, 0.999762] [0.00245342, 0.999997, 0.000797238] [-0.999759, 0.00247022, -0.0218117] [193.036, 5.92613, 132.473]]
  groupName:t="sector_1_b"
  respawnBaseGroup:i=2
  active:b=no
}

entity{
  _template:t="respawnChooser+respTeam2"
  transform:m=[[-0.155938, -0.000743532, 0.987767] [0.00232406, 0.999997, 0.00111964] [-0.987764, 0.00247022, -0.155936] [200.542, 5.91513, 132.07]]
  groupName:t="sector_1_b"
  respawnBaseGroup:i=2
  active:b=no
}

entity{
  _template:t="respawnChooser+respVehicle+vehicle_resp_soft_ground_collision"
  transform:m=[[0.794926, -0.000224467, 0.606706] [0.00143802, 0.999998, -0.00151417] [-0.606704, 0.00207611, 0.794925] [6.77248, 4.75304, 234.839]]
  groupName:t="sector_1_b"
  active:b=no
  team:i=2
  maxVehicleOnSpawn:i=2
  respTime:i=120
  respawnBaseGroup:i=1
}

entity{
  _template:t="respawnChooser+respMotorcycle"
  active:b=no
  transform:m=[[0.812681, 1.66098e-05, 0.582709] [-0.000103018, 1.0, 0.000115171] [-0.582709, -0.000153627, 0.812681] [6.44101, 4.7406, 234.589]]
  team:i=2
  groupName:t="sector_1_b"
  respawnBaseGroup:i=1
}

entity{
  _template:t="resupply_for_ground_vehicle_zone"
  transform:m=[[-0.291921, -9.50604e-05, -0.956443] [-0.000868682, 1.0, 0.000165745] [0.956443, 0.000879229, -0.291921] [48.5885, 4.60378, 213.833]]
  resupply_zone__team:i=2
  groupName:t="sector_1_b"
  active:b=no
}

entity{
  _template:t="respawnChooser+respTeam1"
  transform:m=[[0.303349, 0.00257071, -0.952876] [-0.000984826, 0.999997, 0.00238432] [0.952879, 0.000215137, 0.303351] [256.723, 5.37099, 430.449]]
  groupName:t="sector_1_b"
  respawnBaseGroup:i=2
  active:b=no
}

entity{
  _template:t="respawnChooser+respVehicle+vehicle_resp_soft_ground_collision"
  transform:m=[[-0.768323, -0.0135503, -0.639919] [0.00614061, 0.999574, -0.0285388] [0.640033, -0.0258565, -0.767912] [402.369, 6.52084, 404.746]]
  groupName:t="sector_1_b"
  active:b=no
  team:i=1
  maxVehicleOnSpawn:i=2
  respTime:i=120
  respawnBaseGroup:i=2
}

entity{
  _template:t="respawnChooser+respMotorcycle"
  active:b=no
  transform:m=[[-0.772594, -0.0150138, -0.634722] [0.0113682, 0.999233, -0.0374735] [0.634798, -0.0361675, -0.771831] [402.076, 6.4979, 404.697]]
  team:i=1
  groupName:t="sector_1_b"
  respawnBaseGroup:i=2
}

entity{
  _template:t="respawnChooser+respVehicle+vehicle_resp_soft_ground_collision"
  transform:m=[[0.916763, -0.000224467, 0.399432] [0.00103505, 0.999998, -0.00181364] [-0.399431, 0.00207611, 0.916761] [64.0526, 6.02737, 87.0398]]
  groupName:t="sector_1_b"
  active:b=no
  team:i=2
  maxVehicleOnSpawn:i=2
  respTime:i=120
  respawnBaseGroup:i=2
}

entity{
  _template:t="respawnChooser+respMotorcycle"
  active:b=no
  transform:m=[[0.928277, 1.66098e-05, 0.37189] [-7.25509e-05, 1.0, 0.000136431] [-0.37189, -0.000153627, 0.928277] [64.2556, 6.01493, 86.8195]]
  team:i=2
  groupName:t="sector_1_b"
  respawnBaseGroup:i=2
}

entity{
  _template:t="respawnChooser+respTeam1"
  transform:m=[[-0.150099, 0.0013315, -0.98867] [-0.00198463, 0.999997, 0.00164806] [0.988669, 0.00220951, -0.150096] [371.203, 5.73502, 168.048]]
  groupName:t="sector_2_a"
  respawnBaseGroup:i=1
  active:b=no
}

entity{
  _template:t="respawnChooser+respTeam1"
  transform:m=[[-0.99307, 0.000594702, -0.117522] [0.000295574, 0.999997, 0.0025627] [0.117523, 0.00251021, -0.993067] [347.686, 5.68413, 198.169]]
  groupName:t="sector_2_a"
  respawnBaseGroup:i=1
  active:b=no
}

entity{
  _template:t="respawnChooser+respVehicle+vehicle_resp_soft_ground_collision"
  transform:m=[[-0.725861, 0.0380913, -0.686787] [-0.00152656, 0.998374, 0.0569862] [0.68784, 0.0424124, -0.724621] [389.554, 5.46897, 229.752]]
  groupName:t="sector_2_a"
  active:b=no
  team:i=1
  maxVehicleOnSpawn:i=2
  respTime:i=120
  respawnBaseGroup:i=1
}

entity{
  _template:t="respawnChooser+respMotorcycle"
  active:b=no
  transform:m=[[-0.7449, 0.02718, -0.666622] [-0.00666179, 0.998817, 0.0481685] [0.667142, 0.0403216, -0.743838] [389.328, 5.42276, 229.931]]
  team:i=1
  groupName:t="sector_2_a"
  respawnBaseGroup:i=1
}

entity{
  _template:t="resupply_for_ground_vehicle_zone"
  transform:m=[[0.86976, 5.82077e-11, 0.493476] [0.000436407, 1.0, -0.000769175] [-0.493476, 0.000884353, 0.869759] [375.142, 6.49784, 197.812]]
  resupply_zone__team:i=1
  groupName:t="sector_2_a"
  active:b=no
}

entity{
  _template:t="respawnChooser+respTeam2"
  transform:m=[[0.375155, 0.000928816, 0.926962] [0.00188246, 0.999997, -0.00176386] [-0.92696, 0.00240668, 0.375152] [169.73, 8.14366, -57.959]]
  groupName:t="sector_2_a"
  respawnBaseGroup:i=1
  active:b=no
}

entity{
  _template:t="respawnChooser+respTeam2"
  transform:m=[[0.750132, -0.00123219, 0.661289] [0.00242305, 0.999997, -0.000885266] [-0.661285, 0.0022664, 0.750131] [172.272, 8.10159, -59.114]]
  groupName:t="sector_2_a"
  respawnBaseGroup:i=1
  active:b=no
}

entity{
  _template:t="resupply_for_ground_vehicle_zone"
  transform:m=[[-0.18742, 2.91038e-11, -0.98228] [-0.000868682, 1.0, 0.000165745] [0.98228, 0.000884353, -0.18742] [57.6568, 6.11969, -40.3332]]
  resupply_zone__team:i=2
  groupName:t="sector_2_a"
  active:b=no
}

entity{
  _template:t="respawnChooser+respVehicle+vehicle_resp_soft_ground_collision"
  transform:m=[[0.700604, -2.13681e-06, -0.713552] [-0.000829084, 0.999999, -0.000817034] [0.713552, 0.00116401, 0.700604] [22.0194, 5.95324, -10.2902]]
  groupName:t="sector_2_a"
  active:b=no
  team:i=2
  maxVehicleOnSpawn:i=2
  respTime:i=120
  respawnBaseGroup:i=1
}

entity{
  _template:t="respawnChooser+respMotorcycle"
  active:b=no
  transform:m=[[0.722675, -0.000348193, -0.691188] [-0.00275145, 0.99999, -0.00338055] [0.691183, 0.00434482, 0.722668] [21.674, 5.87555, -10.4738]]
  team:i=2
  groupName:t="sector_2_a"
  respawnBaseGroup:i=1
}

entity{
  _template:t="respawnChooser+respTeam1"
  transform:m=[[-0.284013, 0.00173942, -0.958819] [-0.00133259, 0.999997, 0.00220885] [0.95882, 0.00190505, -0.28401] [298.732, 5.5918, 237.413]]
  groupName:t="sector_2_a"
  respawnBaseGroup:i=2
  active:b=no
}

entity{
  _template:t="respawnChooser+respTeam2"
  transform:m=[[0.538411, 0.000781643, 0.842683] [0.00165083, 0.999997, -0.00198232] [-0.842681, 0.00245843, 0.538407] [102.932, 6.27042, 22.8793]]
  groupName:t="sector_2_a"
  respawnBaseGroup:i=2
  active:b=no
}

entity{
  _template:t="respawnChooser+respTeam1"
  transform:m=[[-0.264606, 0.00173942, -0.964355] [-0.00137689, 0.999997, 0.00218151] [0.964356, 0.00190505, -0.264603] [310.038, 5.82674, 227.446]]
  groupName:t="sector_2_a"
  respawnBaseGroup:i=2
  active:b=no
}

entity{
  _template:t="respawnChooser+respTeam2"
  transform:m=[[0.96724, 0.000928816, 0.253862] [-0.00028742, 0.999997, -0.00256364] [-0.253863, 0.00240668, 0.967236] [95.4152, 6.08664, 66.2812]]
  groupName:t="sector_2_a"
  respawnBaseGroup:i=2
  active:b=no
}

entity{
  _template:t="respawnChooser+respTeam2"
  transform:m=[[0.971161, -0.000637836, 0.238424] [0.0012154, 0.999997, -0.00227544] [-0.238421, 0.0024996, 0.971159] [103.586, 6.25869, 20.5968]]
  groupName:t="sector_2_a"
  respawnBaseGroup:i=2
  active:b=no
}

entity{
  _template:t="respawnChooser+respTeam1"
  transform:m=[[-0.851046, 0.0013315, -0.525088] [-2.70259e-05, 0.999997, 0.00257955] [0.52509, 0.00220951, -0.851044] [354.209, 5.73501, 190.52]]
  groupName:t="sector_2_b"
  respawnBaseGroup:i=1
  active:b=no
}

entity{
  _template:t="respawnChooser+respTeam1"
  transform:m=[[-0.996095, 0.000594702, -0.0882838] [0.000370768, 0.999997, 0.00255291] [0.0882851, 0.00251021, -0.996092] [347.61, 5.68413, 198.167]]
  groupName:t="sector_2_b"
  respawnBaseGroup:i=1
  active:b=no
}

entity{
  _template:t="respawnChooser+respVehicle+vehicle_resp_soft_ground_collision"
  transform:m=[[-0.725861, 0.0380913, -0.686787] [-0.00152656, 0.998374, 0.0569862] [0.68784, 0.0424124, -0.724621] [389.554, 5.46897, 229.752]]
  groupName:t="sector_2_b"
  active:b=no
  team:i=1
  maxVehicleOnSpawn:i=2
  respTime:i=120
  respawnBaseGroup:i=1
}

entity{
  _template:t="respawnChooser+respMotorcycle"
  active:b=no
  transform:m=[[-0.7449, 0.02718, -0.666622] [-0.00666179, 0.998817, 0.0481685] [0.667142, 0.0403216, -0.743838] [389.328, 5.42276, 229.931]]
  team:i=1
  groupName:t="sector_2_b"
  respawnBaseGroup:i=1
}

entity{
  _template:t="resupply_for_ground_vehicle_zone"
  transform:m=[[0.86976, 5.82077e-11, 0.493476] [0.000436407, 1.0, -0.000769175] [-0.493476, 0.000884353, 0.869759] [375.142, 6.49784, 197.812]]
  resupply_zone__team:i=1
  groupName:t="sector_2_b"
  active:b=no
}

entity{
  _template:t="respawnChooser+respTeam2"
  transform:m=[[0.588755, 0.000928816, 0.808311] [0.00139851, 0.999997, -0.00216772] [-0.80831, 0.00240669, 0.588751] [77.9371, 6.21673, 64.7659]]
  groupName:t="sector_2_b"
  respawnBaseGroup:i=1
  active:b=no
}

entity{
  _template:t="respawnChooser+respTeam2"
  transform:m=[[0.952603, -0.00123219, 0.304215] [0.00186326, 0.999997, -0.00178413] [-0.304212, 0.0022664, 0.952602] [82.8799, 6.17466, 48.7716]]
  groupName:t="sector_2_b"
  respawnBaseGroup:i=1
  active:b=no
}

entity{
  _template:t="resupply_for_ground_vehicle_zone"
  transform:m=[[-0.18742, 2.91038e-11, -0.98228] [-0.000868682, 1.0, 0.000165745] [0.98228, 0.000884353, -0.18742] [57.6568, 6.11969, -40.3332]]
  resupply_zone__team:i=2
  groupName:t="sector_2_b"
  active:b=no
}

entity{
  _template:t="respawnChooser+respVehicle+vehicle_resp_soft_ground_collision"
  transform:m=[[0.775289, -2.13686e-06, 0.631607] [0.000736853, 0.999999, -0.000901095] [-0.631607, 0.00116401, 0.775289] [-5.1012, 5.95325, 54.975]]
  groupName:t="sector_2_b"
  active:b=no
  team:i=2
  maxVehicleOnSpawn:i=2
  respTime:i=120
  respawnBaseGroup:i=1
}

entity{
  _template:t="respawnChooser+respMotorcycle"
  active:b=no
  transform:m=[[0.755063, -0.000348193, 0.655652] [0.00311159, 0.99999, -0.00305232] [-0.655645, 0.00434482, 0.755058] [-4.91557, 5.87556, 54.9884]]
  team:i=2
  groupName:t="sector_2_b"
  respawnBaseGroup:i=1
}

entity{
  _template:t="respawnChooser+respTeam1"
  transform:m=[[0.374878, 0.00173942, -0.927072] [-0.0024182, 0.999997, 0.000898402] [0.927071, 0.00190506, 0.374881] [238.866, 6.57449, 277.286]]
  groupName:t="sector_2_b"
  respawnBaseGroup:i=2
  active:b=no
}

entity{
  _template:t="respawnChooser+respTeam2"
  transform:m=[[0.636538, 0.000781643, 0.771246] [0.00139851, 0.999997, -0.00216772] [-0.771244, 0.00245843, 0.636534] [103.973, 6.27042, 24.3373]]
  groupName:t="sector_2_b"
  respawnBaseGroup:i=2
  active:b=no
}

entity{
  _template:t="respawnChooser+respTeam1"
  transform:m=[[-0.571169, 0.0013315, -0.82083] [-0.00105312, 0.999997, 0.00235494] [0.820832, 0.00220951, -0.571166] [362.22, 5.73501, 179.983]]
  groupName:t="sector_2_b"
  respawnBaseGroup:i=1
  active:b=no
}

entity{
  _template:t="respawnChooser+respTeam1"
  transform:m=[[-0.86302, 0.00173942, -0.505167] [0.000538782, 0.999997, 0.0025228] [0.50517, 0.00190505, -0.863018] [235.259, 6.51721, 276.947]]
  groupName:t="sector_2_b"
  respawnBaseGroup:i=2
  active:b=no
}

entity{
  _template:t="respawnChooser+respVehicle+vehicle_resp_soft_ground_collision"
  transform:m=[[-0.233665, 0.0380913, -0.971572] [0.00829794, 0.999274, 0.0371817] [0.972281, 0.000626038, -0.233811] [277.117, 4.27942, 349.252]]
  groupName:t="sector_2_b"
  active:b=no
  team:i=1
  maxVehicleOnSpawn:i=2
  respTime:i=120
  respawnBaseGroup:i=2
}

entity{
  _template:t="respawnChooser+respMotorcycle"
  active:b=no
  transform:m=[[-0.260622, 0.02718, -0.965058] [0.00851711, 0.999629, 0.0258536] [0.965403, -0.00148149, -0.260757] [276.863, 4.2332, 349.086]]
  team:i=1
  groupName:t="sector_2_b"
  respawnBaseGroup:i=2
}

entity{
  _template:t="respawnChooser+respTeam2"
  transform:m=[[0.961006, 0.000928816, -0.276526] [-0.00155811, 0.999997, -0.002056] [0.276523, 0.00240668, 0.961003] [37.0891, 7.15568, 109.247]]
  groupName:t="sector_2_b"
  respawnBaseGroup:i=1
  active:b=no
}

entity{
  _template:t="respawnChooser+respTeam2"
  transform:m=[[0.94825, -0.000637836, 0.317524] [0.00139851, 0.999997, -0.00216772] [-0.317522, 0.0024996, 0.948248] [106.753, 6.25869, 20.718]]
  groupName:t="sector_2_b"
  respawnBaseGroup:i=2
  active:b=no
}

entity{
  _template:t="respawnChooser+respTeam2"
  transform:m=[[0.344034, -0.000637836, 0.938957] [0.00256646, 0.999997, -0.000261049] [-0.938954, 0.0024996, 0.344035] [122.292, 5.99664, 13.6841]]
  groupName:t="sector_2_b"
  respawnBaseGroup:i=2
  active:b=no
}

entity{
  _template:t="respawnChooser+respTeam1"
  transform:m=[[-0.185145, 0.0015746, -0.982709] [-0.00171653, 0.999997, 0.0019257] [0.98271, 0.00204338, -0.185141] [201.471, 5.96932, 125.859]]
  groupName:t="sector_3_a"
  respawnBaseGroup:i=1
  active:b=no
}

entity{
