import{
  scene:t="content/enlisted/gamedata/scenes/_normandy_sounds.blk"
}

import{
  scene:t="content/enlisted/gamedata/scenes/_normandy_shore_sound.blk"
}

import{
  scene:t="content/enlisted/gamedata/scenes/_normandy_city_dom_scene_fx.blk"
}

import{
  scene:t="content/enlisted/gamedata/scenes/_normandy_beach_fortified_biom_fx.blk"
}

entity{
  _template:t="minimap_normandy_beach_fortified"
}

entity{
  _template:t="wind"
  wind__strength:r=2.0
}

entity{
  _template:t="session_finalizer"
  session_finalizer__timer:r=10.0
}

entity{
  _template:t="door_mult_ent_generator"
  ri_extra_gen__blk:t="content/e_normandy/gamedata/normandy_doors.blk"
}

entity{
  _template:t="shaderVars"

  "shader_vars__vars:object"{
    hmap_displacement_up:r=0.3
    ocean1:c=68, 70, 70, 0
    ocean0:c=56, 59, 62, 0
    ocean_density:r=0.1
    land_selfillum_worldscale:r=0.9
    river1:c=68, 70, 70, 0
    river0:c=56, 59, 62, 0
    hmap_displacement_down:r=-0.15
    autodetect_land_selfillum_color:p4=0.53, 0.0, 0.0, 0.16
    paint_details_tex:t="normandy_wall_color_tex_palette*"
    land_selfillum_strength:r=32.0
    water_color_noise_size:r=71.0
    river_density:r=3.0
  }
}

entity{
  _template:t="postfx_color_grading_tonemap_death_alive_enlisted"
}

entity{
  _template:t="postfx_roundctrl"
}

entity{
  _template:t="enemy_attack_marker"
}

entity{
  _template:t="static_cam"
  camera__active:b=yes
  transform:m=[[-0.603164, -0.000636627, 0.797616] [-0.185728, 0.972623, -0.139673] [-0.775692, -0.232386, -0.58677] [53.2952, 101.734, -265.569]]
}

entity{
  _template:t="briefing_domination"
  mission_name:t="normandy_city_dom"

  "loading_images:list<t>"{
    item:t="ui/normandy_city_dom_01.jpg"
    item:t="ui/normandy_city_dom_02.jpg"
    item:t="ui/normandy_city_dom_03.jpg"
  }
}

entity{
  _template:t="team_usa+team_narrator_domination+respawn_creators_team"
  team__id:i=1
  team__score:r=2500.0
  team__scoreCap:r=2500.0
  score_bleed__domBleed:r=4.0
  score_bleed__domBleedOn:b=no
  score_bleed__totalDomZoneCount:i=3
  score_bleed__totalDomBleedMul:r=2.0
  score_bleed__totalDomBleedOn:b=no
  team__briefing:t="domination/common_goals"
  team__numZonesCaptured:i=0
  team__deathPenalty:r=2.0
  team__spawnBotArmy:t="normandy_allies"
}

entity{
  _template:t="team_germany+team_narrator_domination+respawn_creators_team"
  team__id:i=2
  team__score:r=2500.0
  team__scoreCap:r=2500.0
  score_bleed__domBleed:r=4.0
  score_bleed__domBleedOn:b=no
  score_bleed__totalDomZoneCount:i=3
  score_bleed__totalDomBleedMul:r=2.0
  score_bleed__totalDomBleedOn:b=no
  team__briefing:t="domination/common_goals"
  team__numZonesCaptured:i=0
  team__deathPenalty:r=2.0
  team__spawnBotArmy:t="normandy_axis"
}

entity{
  _template:t="respawn_camera"
  respawnCameraForTeam:i=1
  moveCameraToHeight:r=200.0
  respawnSelectorDistanceMult:r=1.5
  transform:m=[[1.0, 0.0, 0.0] [0.0, 1.0, 0.0] [0.0, 0.0, 1.0] [92.5511, 267.635, -42.034]]
}

entity{
  _template:t="respawn_camera"
  respawnCameraForTeam:i=2
  moveCameraToHeight:r=200.0
  respawnSelectorDistanceMult:r=1.5
  transform:m=[[1.0, 0.0, 0.0] [0.0, 1.0, 0.0] [0.0, 0.0, 1.0] [-8.54423, 262.424, -589.661]]
}

entity{
  _template:t="domination_box_capzone"
  transform:m=[[18.0037, 0.0, 0.376661] [0.0, 10.5586, 0.0] [-0.0703578, 0.0, 14.592] [44.6478, 72.0401, -313.297]]
  capzone__title:t="A"
  capzone__caption:t="capzone/field_headquarters"
  decal__thickness:r=0.4
  decal__height:r=2.7
  ui_order:i=1
}

entity{
  _template:t="domination_sphere_capzone"
  transform:m=[[2.39954, 0.0, 0.995925] [0.0, 1.0, 0.0] [-0.534627, 0.0, 1.28811] [-30.6206, 69.2551, -301.696]]
  capzone__title:t="B"
  capzone__caption:t="capzone/normandy_cathedral"
  decal__thickness:r=0.4
  decal__height:r=0.4
  ui_order:i=2
  capzone__iconOffsetY:r=2.0
}

entity{
  _template:t="domination_box_capzone"
  transform:m=[[16.411, 0.0, 3.61908] [0.0, 7.12316, 0.0] [-3.46433, 0.0, 15.7093] [-121.711, 70.227, -301.683]]
  capzone__title:t="C"
  capzone__caption:t="capzone/warehouse"
  decal__thickness:r=0.4
  decal__height:r=2.4
  ui_order:i=3
}

entity{
  _template:t="respawnChooser+respTeam1"
  transform:m=[[-0.075219, 0.0854253, -0.993501] [0.00644916, 0.996345, 0.0851817] [-0.997147, 0.0, 0.0754951] [60.8971, 70.3982, -202.725]]
  respawnBaseGroup:i=1
}

entity{
  _template:t="respawnChooser+respTeam1"
  transform:m=[[-0.677326, 0.0854253, -0.730706] [0.0580731, 0.996345, 0.0626499] [-0.733387, 0.0, 0.679811] [68.5851, 70.0007, -206.513]]
  respawnBaseGroup:i=1
}

entity{
  _template:t="respawnChooser+respTeam1"
  transform:m=[[-0.301992, 0.0854253, -0.949475] [0.0258924, 0.996345, 0.0814069] [-0.952959, 0.0, 0.3031] [-83.0053, 68.8207, -191.44]]
  respawnBaseGroup:i=2
}

entity{
  _template:t="respawnChooser+respTeam1"
  transform:m=[[-0.346612, 0.0854253, -0.93411] [0.0297182, 0.996345, 0.0800896] [-0.937538, 0.0, 0.347884] [-77.0946, 68.9796, -193.441]]
  respawnBaseGroup:i=2
}

entity{
  _template:t="respawnChooser+respTeam1"
  transform:m=[[-0.559235, 0.0854253, -0.824596] [0.0479481, 0.996345, 0.0706999] [-0.827622, 0.0, 0.561287] [73.1705, 70.1759, -215.135]]
  respawnBaseGroup:i=1
}

entity{
  _template:t="respawnChooser+respTeam2"
  transform:m=[[-0.108929, 0.0854253, 0.990371] [0.0093396, 0.996345, -0.0849132] [0.994006, 0.0, 0.109331] [22.4577, 64.3743, -424.038]]
  respawnBaseGroup:i=2
}

entity{
  _template:t="respawnChooser+respTeam2"
  transform:m=[[-0.401997, 0.0854253, 0.911647] [0.0344667, 0.996345, -0.0781635] [0.914993, 0.0, 0.403471] [-98.4813, 71.3532, -407.203]]
  respawnBaseGroup:i=1
}

entity{
  _template:t="respawnChooser+respTeam2"
  transform:m=[[-0.518016, 0.0854253, 0.851095] [0.0444141, 0.996345, -0.0729718] [0.854217, 0.0, 0.519918] [-95.2168, 71.3828, -405.149]]
  respawnBaseGroup:i=1
}

entity{
  _template:t="respawnChooser+respTeam2"
  transform:m=[[-0.507095, 0.0854253, 0.857646] [0.0434778, 0.996345, -0.0735335] [0.860793, 0.0, 0.508957] [17.1586, 64.7443, -424.121]]
  respawnBaseGroup:i=2
}

entity{
  _template:t="respawnChooser+respTeam2"
  transform:m=[[0.18528, 0.0854253, 0.978966] [-0.0158857, 0.996345, -0.0839354] [0.982558, 0.0, -0.18596] [27.2443, 64.7434, -424.124]]
  respawnBaseGroup:i=2
}

entity{
  _template:t="respawnChooser+respVehicle+vehicle_resp_soft_ground_collision"
  transform:m=[[-0.481251, 0.0854253, -0.872411] [0.0412618, 0.996345, 0.0747994] [-0.875612, 0.0, 0.483017] [50.3493, 68.4246, -191.639]]
  team:i=1
  maxVehicleOnSpawn:i=2
  respTime:i=120
  respawnBaseGroup:i=1
}

entity{
  _template:t="respawnChooser+respVehicle+vehicle_resp_soft_ground_collision"
  transform:m=[[0.206215, 0.0854253, 0.974771] [-0.0176807, 0.996345, -0.0835757] [0.978348, 0.0, -0.20697] [-20.2651, 66.9026, -431.997]]
  team:i=2
  maxVehicleOnSpawn:i=2
  respTime:i=120
  respawnBaseGroup:i=1
}

entity{
  _template:t="poly_battle_area"
  transform:m=[[1.0, 0.0, 0.0] [0.0, 1.0, 0.0] [0.0, 0.0, 1.0] [0.0, 0.0, 0.0]]
  battle_area__team:i=1
  battleAreaId:t="area1"
}

entity{
  _template:t="battle_area_polygon_point"
  transform:m=[[1.0, 0.0, 0.0] [0.0, 1.0, 0.0] [0.0, 0.0, 1.0] [-69.5005, 68.5118, -340.18]]
  battle_area_polygon_point__id:t="A"
  battle_area_polygon_point__nextId:t="B"
  battle_area_polygon_point__forBattleAreaId:t="area1"
}

entity{
  _template:t="battle_area_polygon_point"
  transform:m=[[1.0, 0.0, 0.0] [0.0, 1.0, 0.0] [0.0, 0.0, 1.0] [-47.874, 69.158, -356.95]]
  battle_area_polygon_point__id:t="B"
  battle_area_polygon_point__nextId:t="C"
  battle_area_polygon_point__forBattleAreaId:t="area1"
}

entity{
  _template:t="battle_area_polygon_point"
  transform:m=[[1.0, 0.0, 0.0] [0.0, 1.0, 0.0] [0.0, 0.0, 1.0] [160.054, 66.9369, -359.25]]
  battle_area_polygon_point__id:t="C"
  battle_area_polygon_point__nextId:t="D"
  battle_area_polygon_point__forBattleAreaId:t="area1"
}

entity{
  _template:t="battle_area_polygon_point"
  transform:m=[[1.0, 0.0, 0.0] [0.0, 1.0, 0.0] [0.0, 0.0, 1.0] [157.808, 68.8868, -188.216]]
  battle_area_polygon_point__id:t="D"
  battle_area_polygon_point__nextId:t="E"
  battle_area_polygon_point__forBattleAreaId:t="area1"
}

entity{
  _template:t="battle_area_polygon_point"
  transform:m=[[1.0, 0.0, 0.0] [0.0, 1.0, 0.0] [0.0, 0.0, 1.0] [87.0134, 71.0725, -158.909]]
  battle_area_polygon_point__id:t="E"
  battle_area_polygon_point__nextId:t="F"
  battle_area_polygon_point__forBattleAreaId:t="area1"
}

entity{
  _template:t="battle_area_polygon_point"
  transform:m=[[1.0, 0.0, 0.0] [0.0, 1.0, 0.0] [0.0, 0.0, 1.0] [-168.091, 68.7871, -154.312]]
  battle_area_polygon_point__id:t="F"
  battle_area_polygon_point__nextId:t="G"
  battle_area_polygon_point__forBattleAreaId:t="area1"
}

entity{
  _template:t="battle_area_polygon_point"
  transform:m=[[1.0, 0.0, 0.0] [0.0, 1.0, 0.0] [0.0, 0.0, 1.0] [-258.924, 65.8819, -196.094]]
  battle_area_polygon_point__id:t="G"
  battle_area_polygon_point__nextId:t="H"
  battle_area_polygon_point__forBattleAreaId:t="area1"
}

entity{
  _template:t="battle_area_polygon_point"
  transform:m=[[1.0, 0.0, 0.0] [0.0, 1.0, 0.0] [0.0, 0.0, 1.0] [-223.518, 69.7049, -394.398]]
  battle_area_polygon_point__id:t="H"
  battle_area_polygon_point__nextId:t="I"
  battle_area_polygon_point__forBattleAreaId:t="area1"
}

entity{
  _template:t="battle_area_polygon_point"
  transform:m=[[1.0, 0.0, 0.0] [0.0, 1.0, 0.0] [0.0, 0.0, 1.0] [-89.2955, 70.3408, -339.356]]
  battle_area_polygon_point__id:t="I"
  battle_area_polygon_point__nextId:t="A"
  battle_area_polygon_point__forBattleAreaId:t="area1"
}

entity{
  _template:t="poly_battle_area"
  transform:m=[[1.0, 0.0, 0.0] [0.0, 1.0, 0.0] [0.0, 0.0, 1.0] [0.0, 0.0, 0.0]]
  battle_area__team:i=2
  battleAreaId:t="area2"
}

entity{
  _template:t="battle_area_polygon_point"
  transform:m=[[1.0, 0.0, 0.0] [0.0, 1.0, 0.0] [0.0, 0.0, 1.0] [-98.1181, 71.604, -463.608]]
  battle_area_polygon_point__id:t="A"
  battle_area_polygon_point__nextId:t="B"
  battle_area_polygon_point__forBattleAreaId:t="area2"
}

entity{
  _template:t="battle_area_polygon_point"
  transform:m=[[1.0, 0.0, 0.0] [0.0, 1.0, 0.0] [0.0, 0.0, 1.0] [115.792, 69.158, -467.895]]
  battle_area_polygon_point__id:t="B"
  battle_area_polygon_point__nextId:t="C"
  battle_area_polygon_point__forBattleAreaId:t="area2"
}

entity{
  _template:t="battle_area_polygon_point"
  transform:m=[[1.0, 0.0, 0.0] [0.0, 1.0, 0.0] [0.0, 0.0, 1.0] [160.832, 66.9369, -410.186]]
  battle_area_polygon_point__id:t="C"
  battle_area_polygon_point__nextId:t="D"
  battle_area_polygon_point__forBattleAreaId:t="area2"
}

entity{
  _template:t="battle_area_polygon_point"
  transform:m=[[1.0, 0.0, 0.0] [0.0, 1.0, 0.0] [0.0, 0.0, 1.0] [159.601, 68.8868, -270.715]]
  battle_area_polygon_point__id:t="D"
  battle_area_polygon_point__nextId:t="E"
  battle_area_polygon_point__forBattleAreaId:t="area2"
}

entity{
  _template:t="battle_area_polygon_point"
  transform:m=[[1.0, 0.0, 0.0] [0.0, 1.0, 0.0] [0.0, 0.0, 1.0] [19.94, 71.0725, -267.973]]
  battle_area_polygon_point__id:t="E"
  battle_area_polygon_point__nextId:t="F"
  battle_area_polygon_point__forBattleAreaId:t="area2"
}

entity{
  _template:t="battle_area_polygon_point"
  transform:m=[[1.0, 0.0, 0.0] [0.0, 1.0, 0.0] [0.0, 0.0, 1.0] [-11.6618, 68.7871, -251.999]]
  battle_area_polygon_point__id:t="F"
  battle_area_polygon_point__nextId:t="G"
  battle_area_polygon_point__forBattleAreaId:t="area2"
}

entity{
  _template:t="battle_area_polygon_point"
  transform:m=[[1.0, 0.0, 0.0] [0.0, 1.0, 0.0] [0.0, 0.0, 1.0] [-144.58, 65.8819, -252.394]]
  battle_area_polygon_point__id:t="G"
  battle_area_polygon_point__nextId:t="H"
  battle_area_polygon_point__forBattleAreaId:t="area2"
}

entity{
  _template:t="battle_area_polygon_point"
  transform:m=[[1.0, 0.0, 0.0] [0.0, 1.0, 0.0] [0.0, 0.0, 1.0] [-242.155, 69.7049, -289.798]]
  battle_area_polygon_point__id:t="H"
  battle_area_polygon_point__nextId:t="I"
  battle_area_polygon_point__forBattleAreaId:t="area2"
}

entity{
  _template:t="battle_area_polygon_point"
  transform:m=[[1.0, 0.0, 0.0] [0.0, 1.0, 0.0] [0.0, 0.0, 1.0] [-217.526, 69.7049, -423.004]]
  battle_area_polygon_point__id:t="I"
  battle_area_polygon_point__nextId:t="A"
  battle_area_polygon_point__forBattleAreaId:t="area2"
}

entity{
  _template:t="normandy_level"
  level__blk:t="content/enlisted/levels/normandy_beach_fortified_1x1.blk"
}

entity{
  _template:t="clouds_hole_target"
  transform:m=[[1.0, 0.0, 0.0] [0.0, 1.0, 0.0] [0.0, 0.0, 1.0] [0.0, 0.0, 0.0]]
}

entity{
  _template:t="water"
  water__strength:r=1.3
}

entity{
  _template:t="pzkpfw_v_ausf_g_panther_a_destroyed+still_obstacle"
  transform:m=[[-0.901004, 0.0593352, 0.429733] [0.0797182, 0.996379, 0.0295674] [-0.426422, 0.0608979, -0.902472] [-94.5022, 68.1805, -375.921]]
}

entity{
  _template:t="m4a2_sherman_1944_destroyed+still_obstacle"
  transform:m=[[0.699825, -0.0971499, 0.707677] [0.115854, 0.993028, 0.0217543] [-0.704857, 0.0667631, 0.706201] [-115.576, 69.7759, -367.001]]
}

entity{
  _template:t="m4a2_sherman_1944_destroyed+still_obstacle"
  transform:m=[[0.874055, 0.0610543, -0.481975] [-0.0272926, 0.996676, 0.0767594] [0.48506, -0.0539376, 0.872816] [-136.963, 67.4934, -265.563]]
}

entity{
  _template:t="resupply_in_air_zone"
  transform:m=[[-0.999999, 0.0, -0.000445871] [0.0, 1.0, 0.0] [0.000445871, 0.0, -0.999999] [1595.04, 1000.0, 2601.8]]
  resupply_zone__team:i=1
}

entity{
  _template:t="respAircraftInAir"
  respawnbaseType:t="aircraft_fighter"
  transform:m=[[0.0312836, 0.0, 0.999511] [0.0, 1.0, 0.0] [-0.999511, 0.0, 0.0312836] [-191.863, 1023.92, -2474.34]]
  team:i=2
  maxVehicleOnSpawn:i=1
  respTime:i=120
}

entity{
  _template:t="respAircraftInAir"
  respawnbaseType:t="aircraft_assault"
  transform:m=[[-0.066378, 0.0, 0.997795] [0.0, 1.0, 0.0] [-0.997795, 0.0, -0.066378] [-369.084, 823.92, -2474.23]]
  team:i=2
  maxVehicleOnSpawn:i=1
  respTime:i=120
}

entity{
  _template:t="respAircraftInAir"
  respawnbaseType:t="aircraft_fighter"
  transform:m=[[-0.0120528, 0.0, 0.999928] [0.0, 1.0, 0.0] [-0.999928, 0.0, -0.0120528] [-348.307, 1023.92, -2466.71]]
  team:i=2
  maxVehicleOnSpawn:i=1
  respTime:i=120
}

entity{
  _template:t="respAircraftInAir"
  respawnbaseType:t="aircraft_assault"
  transform:m=[[-0.00207494, 0.0, 0.999998] [0.0, 1.0, 0.0] [-0.999998, 0.0, -0.00207494] [-191.863, 823.92, -2474.34]]
  team:i=2
  maxVehicleOnSpawn:i=1
  respTime:i=120
}

entity{
  _template:t="resupply_in_air_zone"
  transform:m=[[0.327869, 0.0, -0.944724] [0.0, 1.0, 0.0] [0.944724, 0.0, 0.327869] [-1972.94, 1023.92, -3391.65]]
  resupply_zone__team:i=2
}

entity{
  _template:t="respAircraftInAir"
  respawnbaseType:t="aircraft_fighter"
  transform:m=[[-0.0399923, 0.0, -0.9992] [0.0, 1.0, 0.0] [0.9992, 0.0, -0.0399923] [-167.613, 1000.0, 1885.34]]
  team:i=1
  maxVehicleOnSpawn:i=1
  respTime:i=120
}

entity{
  _template:t="respAircraftInAir"
  respawnbaseType:t="aircraft_assault"
  transform:m=[[-0.0399923, 0.0, -0.9992] [0.0, 1.0, 0.0] [0.9992, 0.0, -0.0399923] [-167.613, 800.0, 1885.34]]
  team:i=1
  maxVehicleOnSpawn:i=1
  respTime:i=120
}

entity{
  _template:t="respAircraftInAir"
  respawnbaseType:t="aircraft_fighter"
  transform:m=[[-0.0399923, 0.0, -0.9992] [0.0, 1.0, 0.0] [0.9992, 0.0, -0.0399923] [-18.7795, 1000.0, 1908.26]]
  team:i=1
  maxVehicleOnSpawn:i=1
  respTime:i=120
}

entity{
  _template:t="respAircraftInAir"
  respawnbaseType:t="aircraft_assault"
  transform:m=[[-0.0399923, 0.0, -0.9992] [0.0, 1.0, 0.0] [0.9992, 0.0, -0.0399923] [11.0203, 800.0, 1874.98]]
  team:i=1
  maxVehicleOnSpawn:i=1
  respTime:i=120
}

entity{
  _template:t="aircraft_box_battle_area"
  transform:m=[[11269.8, 0.0, -1003.34] [0.0, 8000.03, 0.0] [1002.81, 0.0, 11269.8] [-6.61504, 240.916, -61.402]]
  battle_area__team:i=-1
}

entity{
  _template:t="resupply_for_ground_vehicle_zone"
  transform:m=[[0.885256, 0.0854253, 0.457192] [-0.0759006, 0.996345, -0.0391991] [0.45887, 0.0, -0.888504] [118.078, 70.0507, -320.243]]
  resupply_zone__team:i=1
}

entity{
  _template:t="resupply_for_ground_vehicle_zone"
  transform:m=[[0.885256, 0.0854253, 0.457192] [-0.0759006, 0.996345, -0.0391991] [0.45887, 0.0, -0.888504] [118.078, 70.0507, -320.243]]
  resupply_zone__team:i=2
}

entity{
  _template:t="respawnChooser+respMotorcycle"
  transform:m=[[-0.481251, 0.0854253, -0.872411] [0.0412618, 0.996345, 0.0747994] [-0.875612, 0.0, 0.483017] [50.3493, 68.4246, -191.639]]
  team:i=1
}

entity{
  _template:t="respawnChooser+respMotorcycle"
  transform:m=[[0.206215, 0.0854253, 0.974771] [-0.0176807, 0.996345, -0.0835757] [0.978348, 0.0, -0.20697] [-20.2651, 66.9026, -431.997]]
  team:i=2
}