import{
  scene:t="content/enlisted/gamedata/scenes/_normandy_sounds.blk"
}

import{
  scene:t="content/enlisted/gamedata/scenes/_normandy_urban_area_biom_fx.blk"
}

import{
  scene:t="content/enlisted/gamedata/scenes/_normandy_urban_area_common.blk"
}

entity{
  _template:t="battle_area_polygon_point"
  transform:m=[[0.965227, 0.0, 0.261413] [0.0, 1.0, -0.0] [-0.261413, 0.0, 0.965227] [-364.43, 7.41189, 183.339]]
  battle_area_polygon_point__id:t="point1"
  battle_area_polygon_point__nextId:t="point2"
  battle_area_polygon_point__forBattleAreaId:t="area3_2"
}

entity{
  _template:t="battle_area_polygon_point"
  transform:m=[[0.976122, 0.0, 0.217224] [0.0, 1.0, -0.0] [-0.217224, 0.0, 0.976122] [-425.22, 7.41189, 403.181]]
  battle_area_polygon_point__id:t="point2"
  battle_area_polygon_point__nextId:t="point3"
  battle_area_polygon_point__forBattleAreaId:t="area3_2"
}

entity{
  _template:t="battle_area_polygon_point"
  transform:m=[[1.0, 0.0, 0.0] [0.0, 1.0, 0.0] [0.0, 0.0, 1.0] [-502.614, 7.41189, 393.649]]
  battle_area_polygon_point__id:t="point3"
  battle_area_polygon_point__nextId:t="point4"
  battle_area_polygon_point__forBattleAreaId:t="area3_2"
}

entity{
  _template:t="battle_area_polygon_point"
  transform:m=[[0.956862, 0.0, 0.290541] [0.0, 1.0, -0.0] [-0.290541, 0.0, 0.956862] [-548.409, 7.41189, 384.209]]
  battle_area_polygon_point__id:t="point4"
  battle_area_polygon_point__nextId:t="point5"
  battle_area_polygon_point__forBattleAreaId:t="area3_2"
}

entity{
  _template:t="battle_area_polygon_point"
  transform:m=[[0.962086, 0.0, 0.272746] [0.0, 1.0, -0.0] [-0.272746, 0.0, 0.962086] [-578.1, 7.41189, 376.606]]
  battle_area_polygon_point__id:t="point5"
  battle_area_polygon_point__nextId:t="point6"
  battle_area_polygon_point__forBattleAreaId:t="area3_2"
}

entity{
  _template:t="battle_area_polygon_point"
  transform:m=[[1.0, 0.0, 0.0] [0.0, 1.0, 0.0] [0.0, 0.0, 1.0] [-608.901, 7.4119, 365.215]]
  battle_area_polygon_point__id:t="point6"
  battle_area_polygon_point__nextId:t="point7"
  battle_area_polygon_point__forBattleAreaId:t="area3_2"
}

entity{
  _template:t="battle_area_polygon_point"
  transform:m=[[1.0, 0.0, 0.0] [0.0, 1.0, 0.0] [0.0, 0.0, 1.0] [-657.948, 7.41189, 348.776]]
  battle_area_polygon_point__id:t="point7"
  battle_area_polygon_point__nextId:t="point8"
  battle_area_polygon_point__forBattleAreaId:t="area3_2"
}

entity{
  _template:t="battle_area_polygon_point"
  transform:m=[[1.0, 0.0, 0.0] [0.0, 1.0, 0.0] [0.0, 0.0, 1.0] [-701.376, 7.41189, 307.907]]
  battle_area_polygon_point__id:t="point8"
  battle_area_polygon_point__nextId:t="point9"
  battle_area_polygon_point__forBattleAreaId:t="area3_2"
}

entity{
  _template:t="battle_area_polygon_point"
  transform:m=[[0.954578, 0.0, 0.297961] [0.0, 1.0, -0.0] [-0.297961, 0.0, 0.954578] [-739.996, 7.41189, 261.592]]
  battle_area_polygon_point__id:t="point9"
  battle_area_polygon_point__nextId:t="point10"
  battle_area_polygon_point__forBattleAreaId:t="area3_2"
}

entity{
  _template:t="battle_area_polygon_point"
  transform:m=[[1.0, 0.0, 0.0] [0.0, 1.0, 0.0] [0.0, 0.0, 1.0] [-688.388, 7.41189, 97.2851]]
  battle_area_polygon_point__id:t="point10"
  battle_area_polygon_point__nextId:t="point1"
  battle_area_polygon_point__forBattleAreaId:t="area3_2"
}

entity{
  _template:t="battle_area_polygon_point"
  transform:m=[[0.96254, 0.0, 0.271138] [0.0, 1.0, -0.0] [-0.271138, 0.0, 0.96254] [-852.178, 7.41189, 579.738]]
  battle_area_polygon_point__id:t="point1"
  battle_area_polygon_point__nextId:t="point2"
  battle_area_polygon_point__forBattleAreaId:t="area3_1"
}

entity{
  _template:t="battle_area_polygon_point"
  transform:m=[[0.967467, 0.0, 0.252997] [0.0, 1.0, -0.0] [-0.252997, 0.0, 0.967467] [-779.062, 7.41189, 348.505]]
  battle_area_polygon_point__id:t="point2"
  battle_area_polygon_point__nextId:t="point3"
  battle_area_polygon_point__forBattleAreaId:t="area3_1"
}

entity{
  _template:t="battle_area_polygon_point"
  transform:m=[[1.0, 0.0, 0.0] [0.0, 1.0, 0.0] [0.0, 0.0, 1.0] [-733.628, 7.41189, 314.716]]
  battle_area_polygon_point__id:t="point3"
  battle_area_polygon_point__nextId:t="point4"
  battle_area_polygon_point__forBattleAreaId:t="area3_1"
}

entity{
  _template:t="battle_area_polygon_point"
  transform:m=[[1.0, 0.0, 0.0] [0.0, 1.0, 0.0] [0.0, 0.0, 1.0] [-673.134, 7.41189, 285.994]]
  battle_area_polygon_point__id:t="point4"
  battle_area_polygon_point__nextId:t="point5"
  battle_area_polygon_point__forBattleAreaId:t="area3_1"
}

entity{
  _template:t="battle_area_polygon_point"
  transform:m=[[1.0, 0.0, 0.0] [0.0, 1.0, 0.0] [0.0, 0.0, 1.0] [-615.884, 7.41189, 282.12]]
  battle_area_polygon_point__id:t="point5"
  battle_area_polygon_point__nextId:t="point6"
  battle_area_polygon_point__forBattleAreaId:t="area3_1"
}

entity{
  _template:t="battle_area_polygon_point"
  transform:m=[[0.977071, 0.0, 0.212914] [0.0, 1.0, -0.0] [-0.212914, 0.0, 0.977071] [-508.263, 7.41189, 307.701]]
  battle_area_polygon_point__id:t="point6"
  battle_area_polygon_point__nextId:t="point7"
  battle_area_polygon_point__forBattleAreaId:t="area3_1"
}

entity{
  _template:t="battle_area_polygon_point"
  transform:m=[[1.0, 0.0, 0.0] [0.0, 1.0, 0.0] [0.0, 0.0, 1.0] [-446.645, 7.41189, 342.168]]
  battle_area_polygon_point__id:t="point7"
  battle_area_polygon_point__nextId:t="point8"
  battle_area_polygon_point__forBattleAreaId:t="area3_1"
}

entity{
  _template:t="battle_area_polygon_point"
  transform:m=[[0.960613, 0.0, 0.27789] [0.0, 1.0, -0.0] [-0.27789, 0.0, 0.960613] [-396.994, 7.41189, 382.778]]
  battle_area_polygon_point__id:t="point8"
  battle_area_polygon_point__nextId:t="point9"
  battle_area_polygon_point__forBattleAreaId:t="area3_1"
}

entity{
  _template:t="battle_area_polygon_point"
  transform:m=[[0.96254, 0.0, 0.271138] [0.0, 1.0, -0.0] [-0.271138, 0.0, 0.96254] [-481.634, 7.41189, 678.579]]
  battle_area_polygon_point__id:t="point9"
  battle_area_polygon_point__nextId:t="point1"
  battle_area_polygon_point__forBattleAreaId:t="area3_1"
}

entity{
  _template:t="battle_area_polygon_point"
  transform:m=[[1.0, 0.0, 0.0] [0.0, 1.0, 0.0] [0.0, 0.0, 1.0] [-385.272, 7.41189, 277.578]]
  battle_area_polygon_point__id:t="point1"
  battle_area_polygon_point__nextId:t="point2"
  battle_area_polygon_point__forBattleAreaId:t="area2_2"
}

entity{
  _template:t="battle_area_polygon_point"
  transform:m=[[0.963898, 0.0, 0.266271] [0.0, 1.0, -0.0] [-0.266271, 0.0, 0.963898] [-462.753, 7.41189, 573.139]]
  battle_area_polygon_point__id:t="point2"
  battle_area_polygon_point__nextId:t="point3"
  battle_area_polygon_point__forBattleAreaId:t="area2_2"
}

entity{
  _template:t="battle_area_polygon_point"
  transform:m=[[0.968416, 0.0, 0.24934] [0.0, 1.0, -0.0] [-0.24934, 0.0, 0.968416] [-490.781, 7.41189, 567.81]]
  battle_area_polygon_point__id:t="point3"
  battle_area_polygon_point__nextId:t="point4"
  battle_area_polygon_point__forBattleAreaId:t="area2_2"
}

entity{
  _template:t="battle_area_polygon_point"
  transform:m=[[0.967157, 0.0, 0.254182] [0.0, 1.0, -0.0] [-0.254182, 0.0, 0.967157] [-534.991, 7.41189, 560.866]]
  battle_area_polygon_point__id:t="point4"
  battle_area_polygon_point__nextId:t="point5"
  battle_area_polygon_point__forBattleAreaId:t="area2_2"
}

entity{
  _template:t="battle_area_polygon_point"
  transform:m=[[0.978432, 0.0, 0.206567] [0.0, 1.0, -0.0] [-0.206567, 0.0, 0.978432] [-604.423, 7.41189, 544.449]]
  battle_area_polygon_point__id:t="point5"
  battle_area_polygon_point__nextId:t="point6"
  battle_area_polygon_point__forBattleAreaId:t="area2_2"
}

entity{
  _template:t="battle_area_polygon_point"
  transform:m=[[0.973789, 0.0, 0.227452] [0.0, 1.0, -0.0] [-0.227452, 0.0, 0.973789] [-677.581, 7.41189, 527.415]]
  battle_area_polygon_point__id:t="point6"
  battle_area_polygon_point__nextId:t="point7"
  battle_area_polygon_point__forBattleAreaId:t="area2_2"
}

entity{
  _template:t="battle_area_polygon_point"
  transform:m=[[0.963742, 0.0, 0.266836] [0.0, 1.0, -0.0] [-0.266836, 0.0, 0.963742] [-756.492, 7.41189, 509.814]]
  battle_area_polygon_point__id:t="point7"
  battle_area_polygon_point__nextId:t="point8"
  battle_area_polygon_point__forBattleAreaId:t="area2_2"
}

entity{
  _template:t="battle_area_polygon_point"
  transform:m=[[0.952172, 0.0, 0.305561] [0.0, 1.0, -0.0] [-0.305561, 0.0, 0.952172] [-796.814, 7.41189, 484.821]]
  battle_area_polygon_point__id:t="point8"
  battle_area_polygon_point__nextId:t="point9"
  battle_area_polygon_point__forBattleAreaId:t="area2_2"
}

entity{
  _template:t="battle_area_polygon_point"
  transform:m=[[0.950241, 0.0, 0.311515] [0.0, 1.0, -0.0] [-0.311515, 0.0, 0.950241] [-703.222, 7.41189, 197.521]]
  battle_area_polygon_point__id:t="point9"
  battle_area_polygon_point__nextId:t="point1"
  battle_area_polygon_point__forBattleAreaId:t="area2_2"
}

entity{
  _template:t="battle_area_polygon_point"
  transform:m=[[1.0, 0.0, 0.0] [0.0, 1.0, 0.0] [0.0, 0.0, 1.0] [-916.923, 7.41189, 776.067]]
  battle_area_polygon_point__id:t="point1"
  battle_area_polygon_point__nextId:t="point2"
  battle_area_polygon_point__forBattleAreaId:t="area2_1"
}

entity{
  _template:t="battle_area_polygon_point"
  transform:m=[[1.0, 0.0, 0.0] [0.0, 1.0, 0.0] [0.0, 0.0, 1.0] [-803.04, 7.41189, 438.614]]
  battle_area_polygon_point__id:t="point2"
  battle_area_polygon_point__nextId:t="point3"
  battle_area_polygon_point__forBattleAreaId:t="area2_1"
}

entity{
  _template:t="battle_area_polygon_point"
  transform:m=[[1.0, 0.0, 0.0] [0.0, 1.0, 0.0] [0.0, 0.0, 1.0] [-713.136, 7.41189, 436.372]]
  battle_area_polygon_point__id:t="point3"
  battle_area_polygon_point__nextId:t="point4"
  battle_area_polygon_point__forBattleAreaId:t="area2_1"
}

entity{
  _template:t="battle_area_polygon_point"
  transform:m=[[0.967092, 0.0, 0.254425] [0.0, 1.0, -0.0] [-0.254425, 0.0, 0.967092] [-634.203, 7.41189, 419.702]]
  battle_area_polygon_point__id:t="point4"
  battle_area_polygon_point__nextId:t="point5"
  battle_area_polygon_point__forBattleAreaId:t="area2_1"
}

entity{
  _template:t="battle_area_polygon_point"
  transform:m=[[0.969927, 0.0, 0.243398] [0.0, 1.0, -0.0] [-0.243398, 0.0, 0.969927] [-560.664, 7.41189, 439.185]]
  battle_area_polygon_point__id:t="point5"
  battle_area_polygon_point__nextId:t="point6"
  battle_area_polygon_point__forBattleAreaId:t="area2_1"
}

entity{
  _template:t="battle_area_polygon_point"
  transform:m=[[1.0, 0.0, 0.0] [0.0, 1.0, 0.0] [0.0, 0.0, 1.0] [-480.533, 7.41189, 467.787]]
  battle_area_polygon_point__id:t="point6"
  battle_area_polygon_point__nextId:t="point7"
  battle_area_polygon_point__forBattleAreaId:t="area2_1"
}

entity{
  _template:t="battle_area_polygon_point"
  transform:m=[[0.966622, 0.0, 0.256205] [0.0, 1.0, -0.0] [-0.256205, 0.0, 0.966622] [-432.892, 7.41189, 503.46]]
  battle_area_polygon_point__id:t="point7"
  battle_area_polygon_point__nextId:t="point8"
  battle_area_polygon_point__forBattleAreaId:t="area2_1"
}

entity{
  _template:t="battle_area_polygon_point"
  transform:m=[[0.972932, 0.0, 0.23109] [0.0, 1.0, -0.0] [-0.23109, 0.0, 0.972932] [-536.555, 7.41189, 873.258]]
  battle_area_polygon_point__id:t="point8"
  battle_area_polygon_point__nextId:t="point1"
  battle_area_polygon_point__forBattleAreaId:t="area2_1"
}

entity{
  _template:t="battle_area_polygon_point"
  transform:m=[[0.957073, 0.0, 0.289846] [0.0, 1.0, -0.0] [-0.289846, 0.0, 0.957073] [-406.335, 7.41189, 381.249]]
  battle_area_polygon_point__id:t="point1"
  battle_area_polygon_point__nextId:t="point2"
  battle_area_polygon_point__forBattleAreaId:t="area1_2"
}

entity{
  _template:t="battle_area_polygon_point"
  transform:m=[[0.967929, 0.0, 0.251225] [0.0, 1.0, -0.0] [-0.251225, 0.0, 0.967929] [-486.164, 7.41189, 674.571]]
  battle_area_polygon_point__id:t="point2"
  battle_area_polygon_point__nextId:t="point3"
  battle_area_polygon_point__forBattleAreaId:t="area1_2"
}

entity{
  _template:t="battle_area_polygon_point"
  transform:m=[[1.0, 0.0, 0.0] [0.0, 1.0, 0.0] [0.0, 0.0, 1.0] [-555.695, 7.41189, 677.284]]
  battle_area_polygon_point__id:t="point3"
  battle_area_polygon_point__nextId:t="point4"
  battle_area_polygon_point__forBattleAreaId:t="area1_2"
}

entity{
  _template:t="battle_area_polygon_point"
  transform:m=[[1.0, 0.0, 0.0] [0.0, 1.0, 0.0] [0.0, 0.0, 1.0] [-609.13, 7.41189, 665.728]]
  battle_area_polygon_point__id:t="point4"
  battle_area_polygon_point__nextId:t="point5"
  battle_area_polygon_point__forBattleAreaId:t="area1_2"
}

entity{
  _template:t="battle_area_polygon_point"
  transform:m=[[1.0, 0.0, 0.0] [0.0, 1.0, 0.0] [0.0, 0.0, 1.0] [-676.394, 7.41189, 654.46]]
  battle_area_polygon_point__id:t="point5"
  battle_area_polygon_point__nextId:t="point6"
  battle_area_polygon_point__forBattleAreaId:t="area1_2"
}

entity{
  _template:t="battle_area_polygon_point"
  transform:m=[[0.961317, 0.0, 0.275443] [0.0, 1.0, -0.0] [-0.275443, 0.0, 0.961317] [-746.737, 7.41189, 612.567]]
  battle_area_polygon_point__id:t="point6"
  battle_area_polygon_point__nextId:t="point7"
  battle_area_polygon_point__forBattleAreaId:t="area1_2"
}

entity{
  _template:t="battle_area_polygon_point"
  transform:m=[[0.969688, 0.0, 0.244345] [0.0, 1.0, -0.0] [-0.244345, 0.0, 0.969688] [-822.873, 7.41189, 552.596]]
  battle_area_polygon_point__id:t="point7"
  battle_area_polygon_point__nextId:t="point8"
  battle_area_polygon_point__forBattleAreaId:t="area1_2"
}

entity{
  _template:t="battle_area_polygon_point"
  transform:m=[[1.0, 0.0, 0.0] [0.0, 1.0, 0.0] [0.0, 0.0, 1.0] [-732.358, 7.41189, 280.981]]
  battle_area_polygon_point__id:t="point8"
  battle_area_polygon_point__nextId:t="point1"
  battle_area_polygon_point__forBattleAreaId:t="area1_2"
}

entity{
  _template:t="battle_area_polygon_point"
  transform:m=[[1.0, 0.0, 0.0] [0.0, 1.0, 0.0] [0.0, 0.0, 1.0] [-925.332, 7.41189, 888.619]]
  battle_area_polygon_point__id:t="point1"
  battle_area_polygon_point__nextId:t="point2"
  battle_area_polygon_point__forBattleAreaId:t="area1_1"
}

entity{
  _template:t="battle_area_polygon_point"
  transform:m=[[1.0, 0.0, 0.0] [0.0, 1.0, 0.0] [0.0, 0.0, 1.0] [-837.635, 7.41189, 615.356]]
  battle_area_polygon_point__id:t="point2"
  battle_area_polygon_point__nextId:t="point3"
  battle_area_polygon_point__forBattleAreaId:t="area1_1"
}

entity{
  _template:t="battle_area_polygon_point"
  transform:m=[[1.0, 0.0, 0.0] [0.0, 1.0, 0.0] [0.0, 0.0, 1.0] [-783.472, 7.41189, 578.147]]
  battle_area_polygon_point__id:t="point3"
  battle_area_polygon_point__nextId:t="point4"
  battle_area_polygon_point__forBattleAreaId:t="area1_1"
}

entity{
  _template:t="battle_area_polygon_point"
  transform:m=[[1.0, 0.0, 0.0] [0.0, 1.0, 0.0] [0.0, 0.0, 1.0] [-715.94, 7.41189, 549.141]]
  battle_area_polygon_point__id:t="point4"
  battle_area_polygon_point__nextId:t="point5"
  battle_area_polygon_point__forBattleAreaId:t="area1_1"
}

entity{
  _template:t="battle_area_polygon_point"
  transform:m=[[1.0, 0.0, 0.0] [0.0, 1.0, 0.0] [0.0, 0.0, 1.0] [-616.804, 7.41189, 553.738]]
  battle_area_polygon_point__id:t="point5"
  battle_area_polygon_point__nextId:t="point6"
  battle_area_polygon_point__forBattleAreaId:t="area1_1"
}

entity{
  _template:t="battle_area_polygon_point"
  transform:m=[[1.0, 0.0, 0.0] [0.0, 1.0, 0.0] [0.0, 0.0, 1.0] [-534.314, 7.41189, 573.116]]
  battle_area_polygon_point__id:t="point6"
  battle_area_polygon_point__nextId:t="point7"
  battle_area_polygon_point__forBattleAreaId:t="area1_1"
}

entity{
  _template:t="battle_area_polygon_point"
  transform:m=[[0.969617, 0.0, 0.244627] [0.0, 1.0, -0.0] [-0.244627, 0.0, 0.969617] [-469.591, 7.41189, 589.461]]
  battle_area_polygon_point__id:t="point7"
  battle_area_polygon_point__nextId:t="point8"
  battle_area_polygon_point__forBattleAreaId:t="area1_1"
}

entity{
  _template:t="battle_area_polygon_point"
  transform:m=[[1.0, 0.0, 0.0] [0.0, 1.0, 0.0] [0.0, 0.0, 1.0] [-571.443, 7.41189, 963.935]]
  battle_area_polygon_point__id:t="point8"
  battle_area_polygon_point__nextId:t="point1"
  battle_area_polygon_point__forBattleAreaId:t="area1_1"
}

entity{
  _template:t="poly_battle_area"
  transform:m=[[1.0, 0.0, 0.0] [0.0, 1.0, 0.0] [0.0, 0.0, 1.0] [0.0, 0.0, 0.0]]
  groupName:t="sector_3"
  active:b=no
  battle_area__team:i=2
  battleAreaId:t="area3_2"
}

entity{
  _template:t="poly_battle_area"
  transform:m=[[1.0, 0.0, 0.0] [0.0, 1.0, 0.0] [0.0, 0.0, 1.0] [0.0, 0.0, 0.0]]
  groupName:t="sector_3"
  active:b=no
  battle_area__team:i=1
  battleAreaId:t="area3_1"
}

entity{
  _template:t="poly_battle_area"
  transform:m=[[1.0, 0.0, 0.0] [0.0, 1.0, 0.0] [0.0, 0.0, 1.0] [0.0, 0.0, 0.0]]
  groupName:t="sector_2"
  active:b=no
  battle_area__team:i=2
  battleAreaId:t="area2_2"
}

entity{
  _template:t="poly_battle_area"
  transform:m=[[1.0, 0.0, 0.0] [0.0, 1.0, 0.0] [0.0, 0.0, 1.0] [0.0, 0.0, 0.0]]
  groupName:t="sector_2"
  active:b=no
  battle_area__team:i=1
  battleAreaId:t="area2_1"
}

entity{
  _template:t="poly_battle_area"
  transform:m=[[1.0, 0.0, 0.0] [0.0, 1.0, 0.0] [0.0, 0.0, 1.0] [0.0, 0.0, 0.0]]
  groupName:t="sector_1"
  active:b=no
  battle_area__team:i=2
  battleAreaId:t="area1_2"
}

entity{
  _template:t="poly_battle_area"
  transform:m=[[1.0, 0.0, 0.0] [0.0, 1.0, 0.0] [0.0, 0.0, 1.0] [0.0, 0.0, 0.0]]
  groupName:t="sector_1"
  active:b=no
  battle_area__team:i=1
  battleAreaId:t="area1_1"
}

entity{
  _template:t="aircraft_box_battle_area"
  transform:m=[[10899.2, 0.0, 2596.87] [0.0, 8000.03, 0.0] [-2639.28, 0.0, 11019.2] [-615.763, 240.916, 539.555]]
  battle_area__team:i=-1
}

entity{
  _template:t="ri_gpu_object"
  ri_gpu_object__name:t="decal_broken_glass_a"
  ri_gpu_object__biom_indexes:p4=57.0, 60.0, -1.0, -1.0
  ri_gpu_object__grid_size:i=16
  ri_gpu_object__grid_tiling:i=1
  ri_gpu_object__cell_size:r=16.0
  ri_gpu_object__incline_delta:r=0.0
  ri_gpu_object__scale_range:p2=1.0, 1.75
  ri_gpu_object__rotate_range:p2=0.0, 360.0
  ri_gpu_object__seed:i=7016
  ri_gpu_object__is_using_normal:b=yes
  ri_gpu_object__up_vector:p3=0.0, 1.0, 0.0
  ri_gpu_object__decal:b=yes
  ri_gpu_object__transparent:b=yes
}

entity{
  _template:t="ri_gpu_object"
  ri_gpu_object__name:t="debris_trash_concrete_column_c"
  ri_gpu_object__biom_indexes:p4=57.0, 60.0, -1.0, -1.0
  ri_gpu_object__grid_size:i=8
  ri_gpu_object__grid_tiling:i=1
  ri_gpu_object__cell_size:r=16.0
  ri_gpu_object__scale_range:p2=0.55, 0.8
  ri_gpu_object__rotate_range:p2=0.0, 360.0
  ri_gpu_object__seed:i=7066
  ri_gpu_object__is_using_normal:b=yes

  "ri_gpu_object__multiple_objects:array"{

    "ri_gpu_object__multiple_objects:object"{
      name:t="debris_trash_concrete_column_c"
      weight:r=1.0
    }

    "ri_gpu_object__multiple_objects:object"{
      name:t="debris_trash_concrete_small_part_a2"
      weight:r=1.0
    }

    "ri_gpu_object__multiple_objects:object"{
      name:t="debris_trash_concrete_column_b"
      weight:r=1.0
    }

    "ri_gpu_object__multiple_objects:object"{
      name:t="debris_trash_concrete_small_part_a1"
      weight:r=1.0
    }
  }
}

entity{
  _template:t="ri_gpu_object"
  ri_gpu_object__name:t="debris_trash_concrete_small_part_c2"
  ri_gpu_object__biom_indexes:p4=38.0, 57.0, -1.0, -1.0
  ri_gpu_object__grid_size:i=8
  ri_gpu_object__grid_tiling:i=5
  ri_gpu_object__cell_size:r=8.0
  ri_gpu_object__incline_delta:r=10.0
  ri_gpu_object__scale_range:p2=0.2, 0.5
  ri_gpu_object__rotate_range:p2=0.0, 360.0
  ri_gpu_object__seed:i=5128
  ri_gpu_object__is_using_normal:b=yes

  "ri_gpu_object__multiple_objects:array"{

    "ri_gpu_object__multiple_objects:object"{
      name:t="debris_trash_concrete_small_part_c3"
      weight:r=1.0
    }

    "ri_gpu_object__multiple_objects:object"{
      name:t="debris_trash_concrete_small_part_c2"
      weight:r=1.0
    }

    "ri_gpu_object__multiple_objects:object"{
      name:t="debris_trash_concrete_small_part_b3"
      weight:r=0.5
    }

    "ri_gpu_object__multiple_objects:object"{
      name:t="debris_trash_concrete_small_part_b1"
      weight:r=0.5
    }
  }
}

entity{
  _template:t="ri_gpu_object"
  ri_gpu_object__name:t="debris_bricks_a"
  ri_gpu_object__biom_indexes:p4=57.0, 60.0, -1.0, -1.0
  ri_gpu_object__grid_size:i=8
  ri_gpu_object__grid_tiling:i=12
  ri_gpu_object__cell_size:r=32.0
  ri_gpu_object__scale_range:p2=0.95, 1.0
  ri_gpu_object__rotate_range:p2=0.0, 360.0
  ri_gpu_object__seed:i=2814
  ri_gpu_object__is_using_normal:b=yes

  "ri_gpu_object__multiple_objects:array"{

    "ri_gpu_object__multiple_objects:object"{
      name:t="debris_bricks_a"
      weight:r=1.0
    }

    "ri_gpu_object__multiple_objects:object"{
      name:t="debris_bricks_b"
      weight:r=1.0
    }

    "ri_gpu_object__multiple_objects:object"{
      name:t="debris_trash_paving_stone_small_a"
      weight:r=1.0
    }

    "ri_gpu_object__multiple_objects:object"{
      name:t="debris_trash_paving_stone_small_c"
      weight:r=1.0
    }

    "ri_gpu_object__multiple_objects:object"{
      name:t="debris_trash_wood_plank_a"
      weight:r=1.0
    }

    "ri_gpu_object__multiple_objects:object"{
      name:t="debris_trash_wood_plank_b"
      weight:r=1.0
    }

    "ri_gpu_object__multiple_objects:object"{
      name:t="shell_kwk40_a"
      weight:r=2.0
    }

    "ri_gpu_object__multiple_objects:object"{
      name:t="debris_metal_can_a"
      weight:r=1.0
    }

    "ri_gpu_object__multiple_objects:object"{
      name:t="debris_metal_can_b"
      weight:r=1.0
    }

    "ri_gpu_object__multiple_objects:object"{
      name:t="debris_metal_can_c"
      weight:r=1.0
    }

    "ri_gpu_object__multiple_objects:object"{
      name:t="sandbag_single_a"
      weight:r=1.0
    }

    "ri_gpu_object__multiple_objects:object"{
      name:t="sandbag_single_f"
      weight:r=1.0
    }
  }
}

entity{
  _template:t="ri_gpu_object"
  ri_gpu_object__name:t="screw_a"
  ri_gpu_object__biom_indexes:p4=57.0, 60.0, -1.0, -1.0
  ri_gpu_object__grid_size:i=8
  ri_gpu_object__grid_tiling:i=4
  ri_gpu_object__cell_size:r=8.0
  ri_gpu_object__incline_delta:r=0.0
  ri_gpu_object__scale_range:p2=0.95, 1.0
  ri_gpu_object__rotate_range:p2=0.0, 360.0
  ri_gpu_object__seed:i=19794
  ri_gpu_object__is_using_normal:b=yes

  "ri_gpu_object__multiple_objects:array"{

    "ri_gpu_object__multiple_objects:object"{
      name:t="screw_a"
      weight:r=8.0
    }

    "ri_gpu_object__multiple_objects:object"{
      name:t="screwdriver_a"
      weight:r=2.0
    }

    "ri_gpu_object__multiple_objects:object"{
      name:t="chisel_a"
      weight:r=2.0
    }

    "ri_gpu_object__multiple_objects:object"{
      name:t="nailer_a"
      weight:r=2.0
    }

    "ri_gpu_object__multiple_objects:object"{
      name:t="is_plates_b2_dmg"
      weight:r=1.0
    }

    "ri_gpu_object__multiple_objects:object"{
      name:t="is_spoon_b"
      weight:r=1.0
    }
  }
}

entity{
  _template:t="ri_gpu_object"
  ri_gpu_object__name:t="generic_rock_medium_b"
  ri_gpu_object__biom_indexes:p4=48.0, 25.0, -1.0, -1.0
  ri_gpu_object__grid_size:i=8
  ri_gpu_object__grid_tiling:i=8
  ri_gpu_object__cell_size:r=8.0
  ri_gpu_object__incline_delta:r=0.0
  ri_gpu_object__scale_range:p2=0.4, 0.8
  ri_gpu_object__rotate_range:p2=0.0, 360.0
  ri_gpu_object__seed:i=8174
  ri_gpu_object__is_using_normal:b=yes

  "ri_gpu_object__multiple_objects:array"{

    "ri_gpu_object__multiple_objects:object"{
      name:t="generic_stone_small_a"
      weight:r=1.0
    }

    "ri_gpu_object__multiple_objects:object"{
      name:t="generic_stone_small_b"
      weight:r=1.0
    }

    "ri_gpu_object__multiple_objects:object"{
      name:t="generic_stone_small_c"
      weight:r=1.0
    }
  }
}

entity{
  _template:t="ri_gpu_object"
  ri_gpu_object__name:t="debris_bricks_a"
  ri_gpu_object__biom_indexes:p4=59.0, -1.0, -1.0, -1.0
  ri_gpu_object__grid_size:i=8
  ri_gpu_object__grid_tiling:i=12
  ri_gpu_object__cell_size:r=32.0
  ri_gpu_object__scale_range:p2=0.95, 1.0
  ri_gpu_object__rotate_range:p2=0.0, 360.0
  ri_gpu_object__seed:i=2814
  ri_gpu_object__is_using_normal:b=yes

  "ri_gpu_object__multiple_objects:array"{

    "ri_gpu_object__multiple_objects:object"{
      name:t="debris_bricks_a"
      weight:r=2.0
    }

    "ri_gpu_object__multiple_objects:object"{
      name:t="debris_bricks_b"
      weight:r=2.0
    }

    "ri_gpu_object__multiple_objects:object"{
      name:t="debris_trash_paving_stone_small_a"
      weight:r=1.0
    }

    "ri_gpu_object__multiple_objects:object"{
      name:t="debris_trash_paving_stone_small_c"
      weight:r=1.0
    }

    "ri_gpu_object__multiple_objects:object"{
      name:t="shell_kwk40_a"
      weight:r=1.0
    }
  }
}

entity{
  _template:t="ri_gpu_object"
  ri_gpu_object__name:t="debris_bricks_a"
  ri_gpu_object__biom_indexes:p4=38.0, 49.0, -1.0, -1.0
  ri_gpu_object__grid_size:i=8
  ri_gpu_object__grid_tiling:i=4
  ri_gpu_object__cell_size:r=32.0
  ri_gpu_object__scale_range:p2=0.95, 1.0
  ri_gpu_object__rotate_range:p2=0.0, 360.0
  ri_gpu_object__seed:i=2814
  ri_gpu_object__is_using_normal:b=yes

  "ri_gpu_object__multiple_objects:array"{

    "ri_gpu_object__multiple_objects:object"{
      name:t="debris_bricks_a"
      weight:r=2.0
    }

    "ri_gpu_object__multiple_objects:object"{
      name:t="debris_bricks_b"
      weight:r=2.0
    }

    "ri_gpu_object__multiple_objects:object"{
      name:t="debris_trash_wood_plank_a"
      weight:r=2.0
    }

    "ri_gpu_object__multiple_objects:object"{
      name:t="debris_trash_wood_plank_b"
      weight:r=2.0
    }

    "ri_gpu_object__multiple_objects:object"{
      name:t="shell_kwk40_a"
      weight:r=4.0
    }

    "ri_gpu_object__multiple_objects:object"{
      name:t="sandbag_single_a"
      weight:r=1.0
    }

    "ri_gpu_object__multiple_objects:object"{
      name:t="sandbag_single_f"
      weight:r=1.0
    }
  }
}

entity{
  _template:t="session_finalizer"
  session_finalizer__timer:r=10.0
}

entity{
  _template:t="door_mult_ent_generator"
  ri_extra_gen__blk:t="content/e_normandy/gamedata/normandy_doors.blk"
}

entity{
  _template:t="postfx_color_grading_tonemap_death_alive_enlisted"
}

entity{
  _template:t="postfx_roundctrl"

  "post_fx:object"{
  }
}

entity{
  _template:t="enemy_attack_marker"
  transform:m=[[0.110012, 0.0, 0.99393] [0.0, 1.0, 0.0] [-0.99393, 0.0, 0.110012] [-610.263, 17.6414, 543.186]]
}

entity{
  _template:t="static_cam"
  camera__active:b=yes
  transform:m=[[-0.393171, 0.00104248, -0.919466] [-0.0205067, 0.99974, 0.0099023] [0.919238, 0.0227485, -0.393048] [-623.497, 19.4871, 522.714]]
}

entity{
  _template:t="respawn_camera"
  respawnCameraForTeam:i=2
  transform:m=[[1.0, 0.0, 0.0] [0.0, 1.0, 0.0] [0.0, 0.0, 1.0] [-616.634, 317.064, 400.939]]
}

entity{
  _template:t="respawn_camera"
  respawnCameraForTeam:i=1
  transform:m=[[1.0, 0.0, 0.0] [0.0, 1.0, 0.0] [0.0, 0.0, 1.0] [-606.564, 323.692, 1001.26]]
}

entity{
  _template:t="briefing_destruction"
  mission_name:t="normandy_station_bomb"

  "loading_images:list<t>"{
    item:t="ui/normandy_station_inv_04.jpg"
    item:t="ui/normandy_station_inv_02.jpg"
    item:t="ui/normandy_station_inv_03.jpg"
  }
}

entity{
  _template:t="group_activator"

  "activator__activateChoice:object"{
    sector_1:r=1.0
  }
}

entity{
  _template:t="team_usa+team_narrator_destruction_attack+respawn_creators_team"
  team__memberCount:r=0.0
  team__scoreCap:r=2300.0
  team__score:r=2300.0
  team__squadSpawnCost:i=250
  team__firstSpawnCostMul:r=0.0
  team__zeroScoreFailTimer:r=60.0
  team__id:i=1
  team__briefing:t="destruction/attackers_goals"
  team__winSubtitle:t="debriefing/won_invasion_destruction"
  team__loseSubtitle:t="debriefing/lost_invasion_destruction"
  team__winTitle:t="debriefing/britain_won_destruction_attack_title"
  team__allowRebalance:b=no
  team__spawnBotArmy:t="normandy_allies"
}

entity{
  _template:t="team_germany+team_narrator_destruction_defence+respawn_creators_team"
  team__countAdd:r=0.5
  team__memberCount:r=0.5
  team__scoreCap:r=3000.0
  team__capturePenalty:r=1001.0
  team__score:r=3000.0
  team__id:i=2
  team__briefing:t="destruction/defenders_goals"
  team__winSubtitle:t="debriefing/won_defence_destruction"
  team__loseSubtitle:t="debriefing/lost_defence_destruction"
  team__winTitle:t="debriefing/germany_won_destruction_defence_title"
  team__allowRebalance:b=no
  team__spawnBotArmy:t="normandy_axis"
}

entity{
  _template:t="respawnChooser+respTeam2"
  transform:m=[[-0.576646, 0.0171506, 0.816815] [0.00274222, 0.999815, -0.0190571] [-0.81699, -0.00874932, -0.576586] [-513.914, 4.51197, 205.961]]
  groupName:t="sector_3"
  respawnBaseGroup:i=1
  active:b=no
}

entity{
  _template:t="respawnChooser+respTeam2"
  transform:m=[[-0.0333128, -0.0196808, 0.999252] [0.0130755, 0.999712, 0.0201258] [-0.99936, 0.0137362, -0.0330459] [-545.969, 5.61596, 205.165]]
  groupName:t="sector_3"
  respawnBaseGroup:i=1
  active:b=no
}

entity{
  _template:t="respawnChooser+respTeam2"
  transform:m=[[0.402303, -0.00242864, 0.915505] [-0.00029838, 0.999996, 0.00278389] [-0.915506, -0.00139313, 0.402299] [-651.558, 5.6454, 224.074]]
  groupName:t="sector_3"
  respawnBaseGroup:i=2
  active:b=no
}

entity{
  _template:t="respawnChooser+respTeam1"
  transform:m=[[0.179581, 0.00258258, -0.983742] [-0.0158843, 0.999874, -0.000274716] [0.983615, 0.0156753, 0.179599] [-617.257, 12.3696, 474.945]]
  groupName:t="sector_3"
  respawnBaseGroup:i=2
  active:b=no
}

entity{
  _template:t="respawnChooser+respTeam1"
  transform:m=[[-0.230237, -8.04199e-05, -0.973135] [5.87219e-05, 1.0, -9.65332e-05] [0.973135, -7.93698e-05, -0.230237] [-581.968, 16.7641, 479.126]]
  groupName:t="sector_3"
  respawnBaseGroup:i=1
  active:b=no
}

entity{
  _template:t="respawnChooser+respVehicle+vehicle_resp_soft_ground_collision"
  transform:m=[[0.845372, 0.0, 0.53418] [0.0, 1.0, -0.0] [-0.53418, 0.0, 0.845372] [-642.37, 5.83869, 160.392]]
  respTime:i=150
  groupName:t="sector_3"
  team:i=2
  maxVehicleOnSpawn:i=2
  active:b=no
}

entity{
  _template:t="respawnChooser+respMotorcycle"
  active:b=no
  transform:m=[[0.840616, 0.0, 0.541634] [0.0, 1.0, -0.0] [-0.541634, 0.0, 0.840616] [-643.531, 5.82955, 162.467]]
  team:i=2
  groupName:t="sector_3"
}

entity{
  _template:t="respawnChooser+respMotorcycle"
  active:b=no
  transform:m=[[0.183674, 0.0, -0.982985] [0.0, 1.0, 0.0] [0.982985, -0.0, 0.183674] [-670.429, 16.3793, 533.994]]
  team:i=1
  groupName:t="sector_3"
}

entity{
  _template:t="respawnChooser+respTeam2"
  transform:m=[[-0.955325, 0.0171506, 0.29506] [0.0138037, 0.999815, -0.0134218] [0.295236, 0.00874933, 0.955385] [-493.756, 15.8201, 436.431]]
  groupName:t="sector_2"
  respawnBaseGroup:i=1
  active:b=no
}

entity{
  _template:t="respawnChooser+respTeam1"
  transform:m=[[-0.508498, -7.04054e-05, -0.861064] [4.02859e-05, 1.0, -0.000105556] [0.861063, -8.83639e-05, -0.508498] [-619.807, 17.1521, 610.535]]
  groupName:t="sector_2"
  respawnBaseGroup:i=1
  active:b=no
}

entity{
  _template:t="respawnChooser+respTeam1"
  transform:m=[[-0.761569, -8.04199e-05, -0.648084] [-9.79107e-06, 1.0, -0.000112551] [-0.648083, 7.94543e-05, 0.761569] [-537.918, 17.9898, 631.063]]
  groupName:t="sector_2"
  respawnBaseGroup:i=2
  active:b=no
}

entity{
  _template:t="respawnChooser+respVehicle+vehicle_resp_soft_ground_collision"
  transform:m=[[0.279224, 0.0, -0.960225] [0.0, 1.0, 0.0] [0.960225, 0.0, 0.279224] [-705.786, 20.9629, 696.267]]
  groupName:t="sector_2"
  maxVehicleOnSpawn:i=2
  respTime:i=150
  respawnBaseGroup:i=1
  team:i=1
  active:b=no
}

entity{
  _template:t="respawnChooser+respMotorcycle"
  transform:m=[[0.482295, 0.0, -0.876006] [0.0, 1.0, 0.0] [0.876006, 0.0, 0.482295] [-605.09, 19.6576, 749.871]]
  groupName:t="sector_2"
  respawnBaseGroup:i=1
  team:i=1
  active:b=no
}

entity{
  _template:t="respawnChooser+respVehicle+vehicle_resp_soft_ground_collision"
  transform:m=[[-0.146603, 0.0, 0.989196] [0.0, 1.0, 0.0] [-0.989196, 0.0, -0.146603] [-610.716, 11.0144, 304.834]]
  groupName:t="sector_2"
  maxVehicleOnSpawn:i=2
  respTime:i=150
  respawnBaseGroup:i=1
  active:b=no
  team:i=2
}

entity{
  _template:t="respawnChooser+respMotorcycle"
  transform:m=[[-0.242344, 0.0, 0.970191] [0.0, 1.0, 0.0] [-0.970191, 0.0, -0.242344] [-612.129, 11.0914, 304.283]]
  groupName:t="sector_2"
  respawnBaseGroup:i=1
  active:b=no
  team:i=2
}

entity{
  _template:t="respawnChooser+respTeam1"
  transform:m=[[-0.673417, -8.04199e-05, -0.739264] [4.51916e-06, 1.0, -0.0001129] [0.739264, -7.93699e-05, -0.673417] [-617.885, 19.5439, 748.83]]
  groupName:t="sector_1"
  respawnBaseGroup:i=1
  active:b=no
}

entity{
  _template:t="respawnChooser+respVehicle+vehicle_resp_soft_ground_collision"
  transform:m=[[-0.244784, 0.0, 0.969578] [0.0, 1.0, 0.0] [-0.969578, 0.0, -0.244784] [-623.274, 16.5186, 389.966]]
  groupName:t="sector_1"
  maxVehicleOnSpawn:i=2
  respTime:i=150
  respawnBaseGroup:i=1
  team:i=2
  active:b=no
}

entity{
  _template:t="respawnChooser+respVehicle+vehicle_resp_soft_ground_collision"
  transform:m=[[-0.637806, 0.0, -0.770195] [0.0, 1.0, 0.0] [0.770195, 0.0, -0.637806] [-591.621, 21.2835, 815.586]]
  groupName:t="sector_1"
  maxVehicleOnSpawn:i=2
  respTime:i=150
  respawnBaseGroup:i=1
  team:i=1
  active:b=no
}

entity{
  _template:t="respawnChooser+respMotorcycle"
  transform:m=[[-0.581635, 0.0, -0.813447] [0.0, 1.0, 0.0] [0.813447, 0.0, -0.581635] [-588.278, 21.341, 812.738]]
  groupName:t="sector_1"
  respawnBaseGroup:i=1
  team:i=1
  active:b=no
}

entity{
  _template:t="resupply_in_air_zone"
  transform:m=[[0.473545, 0.0, 0.880768] [0.0, 1.0, 0.0] [-0.880768, 0.0, 0.473545] [522.185, 1000.0, -1462.72]]
  resupply_zone__team:i=2
}

entity{
  _template:t="respAircraftInAir"
  respawnbaseType:t="aircraft_fighter"
  transform:m=[[0.784251, 0.0, -0.620444] [0.0, 1.0, 0.0] [0.620444, 0.0, 0.784251] [-2880.73, 1023.92, 2282.55]]
  team:i=1
  maxVehicleOnSpawn:i=1
  respTime:i=120
}

entity{
  _template:t="respAircraftInAir"
  respawnbaseType:t="aircraft_assault"
  transform:m=[[0.819197, 0.0, -0.573512] [0.0, 1.0, 0.0] [0.573512, 0.0, 0.819197] [-2768.91, 823.92, 2420.04]]
  team:i=1
  maxVehicleOnSpawn:i=1
  respTime:i=120
}

entity{
  _template:t="respAircraftInAir"
  respawnbaseType:t="aircraft_fighter"
  transform:m=[[0.806026, 0.0, -0.591882] [0.0, 1.0, 0.0] [0.591882, 0.0, 0.806026] [-2776.18, 1023.92, 2399.17]]
  team:i=1
  maxVehicleOnSpawn:i=1
  respTime:i=120
}

entity{
  _template:t="respAircraftInAir"
  respawnbaseType:t="aircraft_assault"
  transform:m=[[0.805057, 0.0, -0.593197] [0.0, 1.0, 0.0] [0.593197, 0.0, 0.805057] [-2880.73, 823.92, 2282.55]]
  team:i=1
  maxVehicleOnSpawn:i=1
  respTime:i=120
}

entity{
  _template:t="resupply_in_air_zone"
  transform:m=[[-0.995385, 0.0, 0.0959728] [0.0, 1.0, 0.0] [-0.0959728, 0.0, -0.995385] [-2043.87, 1023.92, 2080.69]]
  resupply_zone__team:i=1
}

entity{
  _template:t="respAircraftInAir"
  respawnbaseType:t="aircraft_fighter"
  transform:m=[[-0.925008, 0.0, 0.379947] [0.0, 1.0, 0.0] [-0.379947, 0.0, -0.925008] [1993.99, 1000.0, -760.452]]
  team:i=2
  maxVehicleOnSpawn:i=1
  respTime:i=120
}

entity{
  _template:t="respAircraftInAir"
  respawnbaseType:t="aircraft_assault"
  transform:m=[[-0.925008, 0.0, 0.379947] [0.0, 1.0, 0.0] [-0.379947, 0.0, -0.925008] [1993.99, 800.0, -760.452]]
  team:i=2
  maxVehicleOnSpawn:i=1
  respTime:i=120
}

entity{
  _template:t="respAircraftInAir"
  respawnbaseType:t="aircraft_fighter"
  transform:m=[[-0.925008, 0.0, 0.379947] [0.0, 1.0, 0.0] [-0.379947, 0.0, -0.925008] [1964.52, 1000.0, -908.138]]
  team:i=2
  maxVehicleOnSpawn:i=1
  respTime:i=120
}

entity{
  _template:t="respAircraftInAir"
  respawnbaseType:t="aircraft_assault"
  transform:m=[[-0.925008, 0.0, 0.379947] [0.0, 1.0, 0.0] [-0.379947, 0.0, -0.925008] [1923.04, 800.0, -924.728]]
  team:i=2
  maxVehicleOnSpawn:i=1
  respTime:i=120
}

entity{
  _template:t="normandy_level"
  level__blk:t="content/enlisted/levels/normandy_urban_area_2x2.blk"
}

entity{
  _template:t="clouds_hole_target"
  transform:m=[[1.0, 0.0, 0.0] [0.0, 1.0, 0.0] [0.0, 0.0, 1.0] [0.0, 0.0, 0.0]]
}

entity{
  _template:t="respawnChooser+respTeam2"
  transform:m=[[-0.785146, 0.0171506, 0.619075] [0.00804909, 0.999815, -0.0174901] [-0.619259, -0.0087493, -0.785137] [-507.418, 16.9634, 517.937]]
  groupName:t="sector_1"
  respawnBaseGroup:i=2
  active:b=no
}

entity{
  _template:t="respawnChooser+respTeam1"
  transform:m=[[-0.617069, -8.04199e-05, -0.786909] [1.28451e-05, 1.0, -0.000112244] [-0.786908, 7.94543e-05, 0.617069] [-524.119, 18.1766, 615.07]]
  groupName:t="sector_2"
  respawnBaseGroup:i=2
  active:b=no
}

entity{
  _template:t="respawnChooser+respTeam2"
  transform:m=[[-0.420048, 0.0171506, 0.907341] [-0.000736122, 0.999815, -0.0192392] [0.907501, 0.00874933, 0.419956] [-549.74, 11.5552, 520.932]]
  groupName:t="sector_1"
  respawnBaseGroup:i=2
  active:b=no
}

entity{
  _template:t="respawnChooser+respTeam2"
  transform:m=[[0.0794579, 0.0171506, 0.996692] [-0.0100858, 0.999815, -0.0164003] [-0.996787, -0.00874927, 0.079616] [-598.979, 17.3706, 501.895]]
  groupName:t="sector_1"
  respawnBaseGroup:i=1
  active:b=no
}

entity{
  _template:t="respawnChooser+respTeam1"
  transform:m=[[-0.766582, -8.04199e-05, -0.64215] [-1.06806e-05, 1.0, -0.000112485] [0.642149, -7.93705e-05, -0.76658] [-548.146, 18.4724, 733.808]]
  groupName:t="sector_1"
  respawnBaseGroup:i=1
  active:b=no
}

entity{
  _template:t="respawnChooser+respMotorcycle"
  transform:m=[[-0.372946, 0.0, 0.927854] [0.0, 1.0, 0.0] [-0.927854, 0.0, -0.372946] [-625.045, 16.5186, 389.227]]
  groupName:t="sector_1"
  respawnBaseGroup:i=1
  team:i=2
  active:b=no
}

entity{
  _template:t="respawnChooser+respVehicle+vehicle_resp_soft_ground_collision"
  transform:m=[[-0.630864, 0.0, -0.775891] [0.0, 1.0, 0.0] [0.775891, 0.0, -0.630864] [-662.875, 22.6893, 833.792]]
  groupName:t="sector_1"
  maxVehicleOnSpawn:i=2
  respTime:i=150
  respawnBaseGroup:i=1
  team:i=1
  active:b=no
}

entity{
  _template:t="respawnChooser+respMotorcycle"
  transform:m=[[-0.574307, 0.0, -0.818637] [0.0, 1.0, 0.0] [0.818637, 0.0, -0.574307] [-662.44, 22.7468, 834.042]]
  groupName:t="sector_1"
  respawnBaseGroup:i=1
  team:i=1
  active:b=no
}

entity{
  _template:t="respawnChooser+respTeam2"
  transform:m=[[0.597175, 0.0165088, 0.801942] [-0.00191227, 0.999815, -0.0191582] [-0.802109, 0.00990725, 0.597095] [-615.442, 16.3102, 368.864]]
  groupName:t="sector_2"
  respawnBaseGroup:i=2
  active:b=no
}

entity{
  _template:t="respawnChooser+respTeam2"
  transform:m=[[-0.255395, 0.0192531, 0.966645] [0.00502247, 0.999815, -0.0185868] [-0.966824, 0.000107965, -0.255444] [-558.876, 16.0499, 358.639]]
  groupName:t="sector_2"
  respawnBaseGroup:i=1
  active:b=no
}

entity{
  _template:t="respawnChooser+respTeam2"
  transform:m=[[0.879465, 0.0171506, 0.475656] [-0.0192477, 0.999815, -0.000461661] [0.475576, 0.00874933, -0.879632] [-648.153, 16.7182, 390.611]]
  groupName:t="sector_2"
  respawnBaseGroup:i=2
  active:b=no
}

entity{
  _template:t="respawnChooser+respVehicle+vehicle_resp_soft_ground_collision"
  transform:m=[[0.338122, 0.0, -0.941101] [0.0, 1.0, 0.0] [0.941101, 0.0, 0.338122] [-705.956, 20.8119, 696.03]]
  groupName:t="sector_2"
  maxVehicleOnSpawn:i=2
  respTime:i=150
  respawnBaseGroup:i=1
  team:i=1
  active:b=no
}

entity{
  _template:t="respawnChooser+respMotorcycle"
  transform:m=[[0.461135, 0.0, -0.887327] [0.0, 1.0, 0.0] [0.887327, 0.0, 0.461135] [-605.446, 19.6636, 749.818]]
  groupName:t="sector_2"
  respawnBaseGroup:i=1
  team:i=1
  active:b=no
}

entity{
  _template:t="respawnChooser+respTeam1"
  transform:m=[[0.968121, -8.04199e-05, -0.250483] [9.77169e-05, 1.0, 5.67014e-05] [-0.250482, 7.94543e-05, -0.968122] [-697.872, 20.4921, 704.644]]
  groupName:t="sector_1"
  respawnBaseGroup:i=2
  active:b=no
}

entity{
  _template:t="respawnChooser+respTeam2"
  transform:m=[[0.388692, 0.0171506, 0.921209] [-0.0147292, 0.999815, -0.012399] [0.921249, 0.00874933, -0.388873] [-615.897, 11.839, 493.542]]
  groupName:t="sector_1"
