import{
  scene:t="content/enlisted/gamedata/scenes/_normandy_sounds.blk"
}

import{
  scene:t="content/enlisted/gamedata/scenes/_normandy_urban_area_biom_fx.blk"
}

import{
  scene:t="content/enlisted/gamedata/scenes/_normandy_urban_area_common.blk"
}

entity{
  _template:t="ri_gpu_object"
  ri_gpu_object__name:t="decal_broken_glass_a"
  ri_gpu_object__biom_indexes:p4=57.0, 60.0, -1.0, -1.0
  ri_gpu_object__grid_size:i=16
  ri_gpu_object__grid_tiling:i=1
  ri_gpu_object__cell_size:r=16.0
  ri_gpu_object__incline_delta:r=0.0
  ri_gpu_object__scale_range:p2=1.0, 1.75
  ri_gpu_object__rotate_range:p2=0.0, 360.0
  ri_gpu_object__seed:i=7016
  ri_gpu_object__is_using_normal:b=yes
  ri_gpu_object__up_vector:p3=0.0, 1.0, 0.0
  ri_gpu_object__decal:b=yes
  ri_gpu_object__transparent:b=yes
}

entity{
  _template:t="ri_gpu_object"
  ri_gpu_object__name:t="debris_trash_concrete_column_c"
  ri_gpu_object__biom_indexes:p4=57.0, 60.0, -1.0, -1.0
  ri_gpu_object__grid_size:i=8
  ri_gpu_object__grid_tiling:i=1
  ri_gpu_object__cell_size:r=16.0
  ri_gpu_object__scale_range:p2=0.55, 0.8
  ri_gpu_object__rotate_range:p2=0.0, 360.0
  ri_gpu_object__seed:i=7066
  ri_gpu_object__is_using_normal:b=yes

  "ri_gpu_object__multiple_objects:array"{

    "ri_gpu_object__multiple_objects:object"{
      name:t="debris_trash_concrete_column_c"
      weight:r=1.0
    }

    "ri_gpu_object__multiple_objects:object"{
      name:t="debris_trash_concrete_small_part_a2"
      weight:r=1.0
    }

    "ri_gpu_object__multiple_objects:object"{
      name:t="debris_trash_concrete_column_b"
      weight:r=1.0
    }

    "ri_gpu_object__multiple_objects:object"{
      name:t="debris_trash_concrete_small_part_a1"
      weight:r=1.0
    }
  }
}

entity{
  _template:t="ri_gpu_object"
  ri_gpu_object__name:t="debris_trash_concrete_small_part_c2"
  ri_gpu_object__biom_indexes:p4=38.0, 57.0, -1.0, -1.0
  ri_gpu_object__grid_size:i=8
  ri_gpu_object__grid_tiling:i=5
  ri_gpu_object__cell_size:r=8.0
  ri_gpu_object__incline_delta:r=10.0
  ri_gpu_object__scale_range:p2=0.2, 0.5
  ri_gpu_object__rotate_range:p2=0.0, 360.0
  ri_gpu_object__seed:i=5128
  ri_gpu_object__is_using_normal:b=yes

  "ri_gpu_object__multiple_objects:array"{

    "ri_gpu_object__multiple_objects:object"{
      name:t="debris_trash_concrete_small_part_c3"
      weight:r=1.0
    }

    "ri_gpu_object__multiple_objects:object"{
      name:t="debris_trash_concrete_small_part_c2"
      weight:r=1.0
    }

    "ri_gpu_object__multiple_objects:object"{
      name:t="debris_trash_concrete_small_part_b3"
      weight:r=0.5
    }

    "ri_gpu_object__multiple_objects:object"{
      name:t="debris_trash_concrete_small_part_b1"
      weight:r=0.5
    }
  }
}

entity{
  _template:t="ri_gpu_object"
  ri_gpu_object__name:t="debris_bricks_a"
  ri_gpu_object__biom_indexes:p4=57.0, 60.0, -1.0, -1.0
  ri_gpu_object__grid_size:i=8
  ri_gpu_object__grid_tiling:i=12
  ri_gpu_object__cell_size:r=32.0
  ri_gpu_object__scale_range:p2=0.95, 1.0
  ri_gpu_object__rotate_range:p2=0.0, 360.0
  ri_gpu_object__seed:i=2814
  ri_gpu_object__is_using_normal:b=yes

  "ri_gpu_object__multiple_objects:array"{

    "ri_gpu_object__multiple_objects:object"{
      name:t="debris_bricks_a"
      weight:r=1.0
    }

    "ri_gpu_object__multiple_objects:object"{
      name:t="debris_bricks_b"
      weight:r=1.0
    }

    "ri_gpu_object__multiple_objects:object"{
      name:t="debris_trash_paving_stone_small_a"
      weight:r=1.0
    }

    "ri_gpu_object__multiple_objects:object"{
      name:t="debris_trash_paving_stone_small_c"
      weight:r=1.0
    }

    "ri_gpu_object__multiple_objects:object"{
      name:t="debris_trash_wood_plank_a"
      weight:r=1.0
    }

    "ri_gpu_object__multiple_objects:object"{
      name:t="debris_trash_wood_plank_b"
      weight:r=1.0
    }

    "ri_gpu_object__multiple_objects:object"{
      name:t="shell_kwk40_a"
      weight:r=2.0
    }

    "ri_gpu_object__multiple_objects:object"{
      name:t="debris_metal_can_a"
      weight:r=1.0
    }

    "ri_gpu_object__multiple_objects:object"{
      name:t="debris_metal_can_b"
      weight:r=1.0
    }

    "ri_gpu_object__multiple_objects:object"{
      name:t="debris_metal_can_c"
      weight:r=1.0
    }

    "ri_gpu_object__multiple_objects:object"{
      name:t="sandbag_single_a"
      weight:r=1.0
    }

    "ri_gpu_object__multiple_objects:object"{
      name:t="sandbag_single_f"
      weight:r=1.0
    }
  }
}

entity{
  _template:t="ri_gpu_object"
  ri_gpu_object__name:t="screw_a"
  ri_gpu_object__biom_indexes:p4=57.0, 60.0, -1.0, -1.0
  ri_gpu_object__grid_size:i=8
  ri_gpu_object__grid_tiling:i=4
  ri_gpu_object__cell_size:r=8.0
  ri_gpu_object__incline_delta:r=0.0
  ri_gpu_object__scale_range:p2=0.95, 1.0
  ri_gpu_object__rotate_range:p2=0.0, 360.0
  ri_gpu_object__seed:i=19794
  ri_gpu_object__is_using_normal:b=yes

  "ri_gpu_object__multiple_objects:array"{

    "ri_gpu_object__multiple_objects:object"{
      name:t="screw_a"
      weight:r=8.0
    }

    "ri_gpu_object__multiple_objects:object"{
      name:t="screwdriver_a"
      weight:r=2.0
    }

    "ri_gpu_object__multiple_objects:object"{
      name:t="chisel_a"
      weight:r=2.0
    }

    "ri_gpu_object__multiple_objects:object"{
      name:t="nailer_a"
      weight:r=2.0
    }

    "ri_gpu_object__multiple_objects:object"{
      name:t="is_plates_b2_dmg"
      weight:r=1.0
    }

    "ri_gpu_object__multiple_objects:object"{
      name:t="is_spoon_b"
      weight:r=1.0
    }
  }
}

entity{
  _template:t="ri_gpu_object"
  ri_gpu_object__name:t="generic_rock_medium_b"
  ri_gpu_object__biom_indexes:p4=48.0, 25.0, -1.0, -1.0
  ri_gpu_object__grid_size:i=8
  ri_gpu_object__grid_tiling:i=8
  ri_gpu_object__cell_size:r=8.0
  ri_gpu_object__incline_delta:r=0.0
  ri_gpu_object__scale_range:p2=0.4, 0.8
  ri_gpu_object__rotate_range:p2=0.0, 360.0
  ri_gpu_object__seed:i=8174
  ri_gpu_object__is_using_normal:b=yes

  "ri_gpu_object__multiple_objects:array"{

    "ri_gpu_object__multiple_objects:object"{
      name:t="generic_stone_small_a"
      weight:r=1.0
    }

    "ri_gpu_object__multiple_objects:object"{
      name:t="generic_stone_small_b"
      weight:r=1.0
    }

    "ri_gpu_object__multiple_objects:object"{
      name:t="generic_stone_small_c"
      weight:r=1.0
    }
  }
}

entity{
  _template:t="ri_gpu_object"
  ri_gpu_object__name:t="debris_bricks_a"
  ri_gpu_object__biom_indexes:p4=59.0, -1.0, -1.0, -1.0
  ri_gpu_object__grid_size:i=8
  ri_gpu_object__grid_tiling:i=12
  ri_gpu_object__cell_size:r=32.0
  ri_gpu_object__scale_range:p2=0.95, 1.0
  ri_gpu_object__rotate_range:p2=0.0, 360.0
  ri_gpu_object__seed:i=2814
  ri_gpu_object__is_using_normal:b=yes

  "ri_gpu_object__multiple_objects:array"{

    "ri_gpu_object__multiple_objects:object"{
      name:t="debris_bricks_a"
      weight:r=2.0
    }

    "ri_gpu_object__multiple_objects:object"{
      name:t="debris_bricks_b"
      weight:r=2.0
    }

    "ri_gpu_object__multiple_objects:object"{
      name:t="debris_trash_paving_stone_small_a"
      weight:r=1.0
    }

    "ri_gpu_object__multiple_objects:object"{
      name:t="debris_trash_paving_stone_small_c"
      weight:r=1.0
    }

    "ri_gpu_object__multiple_objects:object"{
      name:t="shell_kwk40_a"
      weight:r=1.0
    }
  }
}

entity{
  _template:t="ri_gpu_object"
  ri_gpu_object__name:t="debris_bricks_a"
  ri_gpu_object__biom_indexes:p4=38.0, 49.0, -1.0, -1.0
  ri_gpu_object__grid_size:i=8
  ri_gpu_object__grid_tiling:i=4
  ri_gpu_object__cell_size:r=32.0
  ri_gpu_object__scale_range:p2=0.95, 1.0
  ri_gpu_object__rotate_range:p2=0.0, 360.0
  ri_gpu_object__seed:i=2814
  ri_gpu_object__is_using_normal:b=yes

  "ri_gpu_object__multiple_objects:array"{

    "ri_gpu_object__multiple_objects:object"{
      name:t="debris_bricks_a"
      weight:r=2.0
    }

    "ri_gpu_object__multiple_objects:object"{
      name:t="debris_bricks_b"
      weight:r=2.0
    }

    "ri_gpu_object__multiple_objects:object"{
      name:t="debris_trash_wood_plank_a"
      weight:r=2.0
    }

    "ri_gpu_object__multiple_objects:object"{
      name:t="debris_trash_wood_plank_b"
      weight:r=2.0
    }

    "ri_gpu_object__multiple_objects:object"{
      name:t="shell_kwk40_a"
      weight:r=4.0
    }

    "ri_gpu_object__multiple_objects:object"{
      name:t="sandbag_single_a"
      weight:r=1.0
    }

    "ri_gpu_object__multiple_objects:object"{
      name:t="sandbag_single_f"
      weight:r=1.0
    }
  }
}

entity{
  _template:t="session_finalizer"
  session_finalizer__timer:r=10.0
}

entity{
  _template:t="door_mult_ent_generator"
  ri_extra_gen__blk:t="content/e_normandy/gamedata/normandy_doors.blk"
}

entity{
  _template:t="postfx_color_grading_tonemap_death_alive_enlisted"
}

entity{
  _template:t="postfx_roundctrl"

  "post_fx:object"{
  }
}

entity{
  _template:t="enemy_attack_marker"
  transform:m=[[0.110012, 0.0, 0.99393] [0.0, 1.0, 0.0] [-0.99393, 0.0, 0.110012] [-610.263, 17.6414, 543.186]]
}

entity{
  _template:t="static_cam"
  camera__active:b=yes
  transform:m=[[-0.951591, 0.0, -0.307368] [0.00669992, 0.999762, -0.0207425] [0.307295, -0.0217977, -0.951365] [-592.385, 18.3386, 579.171]]
}

entity{
  _template:t="respawn_camera"
  respawnCameraForTeam:i=2
  transform:m=[[1.0, 0.0, 0.0] [0.0, 1.0, 0.0] [0.0, 0.0, 1.0] [-616.634, 317.064, 400.939]]
}

entity{
  _template:t="respawn_camera"
  respawnCameraForTeam:i=1
  transform:m=[[1.0, 0.0, 0.0] [0.0, 1.0, 0.0] [0.0, 0.0, 1.0] [-606.564, 323.692, 1001.26]]
}

entity{
  _template:t="briefing_invasion"
  mission_name:t="normandy_station_inv"

  "loading_images:list<t>"{
    item:t="ui/normandy_station_inv_01.jpg"
    item:t="ui/normandy_station_inv_02.jpg"
    item:t="ui/normandy_station_inv_03.jpg"
  }
}

entity{
  _template:t="group_activator"

  "activator__activateChoice:object"{
    sector_1:r=1.0
  }
}

entity{
  _template:t="team_usa+team_narrator_invasion_attack+respawn_creators_team"
  team__memberCount:r=0.0
  team__scoreCap:r=3000.0
  team__score:r=3000.0
  team__squadSpawnCost:i=250
  team__firstSpawnCostMul:r=0.0
  team__zeroScoreFailTimer:r=60.0
  team__id:i=1
  team__briefing:t="invasion/attackers_goals"
  team__winSubtitle:t="debriefing/won_invasion_subtitle"
  team__loseSubtitle:t="debriefing/lost_invasion_subtitle"
  team__winTitle:t="debriefing/usa_won_invasion"
  team__spawnBotArmy:t="normandy_allies"
}

entity{
  _template:t="team_germany+team_narrator_invasion_defence+respawn_creators_team"
  team__countAdd:r=0.5
  team__memberCount:r=0.5
  team__scoreCap:r=5000.0
  team__capturePenalty:r=1001.0
  team__score:r=5000.0
  team__id:i=2
  team__briefing:t="invasion/defenders_goals"
  team__winSubtitle:t="debriefing/won_defence_subtitle"
  team__loseSubtitle:t="debriefing/lost_defence_subtitle"
  team__winTitle:t="debriefing/ger_won_defence"
  team__spawnBotArmy:t="normandy_axis"
}

entity{
  _template:t="defend_zone_chained_sphere+defend_zone_respawnbase"
  capzone__capRewardPartCap:r=1.125
  capzone__onlyTeamCanCapture:i=1
  capzone__curTeamCapturingZone:i=-1
  groupName:t="sector_1"
  capzone__capTime:r=25.0
  capzone__capTeam:i=-1
  transform:m=[[1.0, 0.0, 0.0] [0.0, 1.0, 0.0] [0.0, 0.0, 1.0] [-621.116, 17.2198, 696.964]]
  active:b=no
  capzone__decapTime:r=6000.0
  ui_order:i=1
  capzone__capReward:r=500.0
  capzone__icon:t="AAA"
  capzone__caption:t="capzone/supply_wagons"
  capzone__deactivateAfterTimeout:r=25.0
  capzone__spawnAtZoneTimeout:r=25.0
  capzone__createRespawnBaseForTeam:i=2
  decal__thickness:r=0.4
  decal__height:r=1.2
  capzone__createRespawnBase:t="respawnBaseGroupActivator"
  capzone__createdRespawnBaseGroup:i=3
  sphere_zone__radius:r=15.0
  capzone__iconOffsetY:r=2.5

  "capzone__activateChoice:object"{
    sector_2:r=1.0
    sector_2_b:r=1.0
  }
}

entity{
  _template:t="defend_zone_chained_sphere+defend_zone_respawnbase"
  capzone__capRewardPartCap:r=1.275
  capzone__onlyTeamCanCapture:i=1
  capzone__curTeamCapturingZone:i=-1
  groupName:t="sector_2"
  capzone__capTime:r=30.0
  capzone__capTeam:i=-1
  transform:m=[[1.0, 0.0, 0.0] [0.0, 1.0, 0.0] [0.0, 0.0, 1.0] [-572.49, 15.4859, 610.426]]
  active:b=no
  capzone__decapTime:r=6000.0
  ui_order:i=2
  capzone__capReward:r=500.0
  capzone__icon:t="AAA"
  capzone__caption:t="capzone/control_tower"
  capzone__deactivateAfterTimeout:r=25.0
  capzone__spawnAtZoneTimeout:r=25.0
  capzone__createRespawnBaseForTeam:i=2
  decal__thickness:r=0.4
  decal__height:r=1.6
  capzone__createRespawnBase:t="respawnBaseGroupActivator"
  capzone__createdRespawnBaseGroup:i=4
  sphere_zone__radius:r=14.0
  capzone__iconOffsetY:r=2.5

  "capzone__activateChoice:object"{
    sector_3:r=1.0
    sector_3_b:r=2.0
  }
}

entity{
  _template:t="defend_zone_chained_sphere+defend_zone_respawnbase"
  capzone__capRewardPartCap:r=1.275
  capzone__onlyTeamCanCapture:i=1
  capzone__curTeamCapturingZone:i=-1
  groupName:t="sector_2_b"
  capzone__capTime:r=30.0
  capzone__capTeam:i=-1
  transform:m=[[1.0, 0.0, 0.0] [0.0, 1.0, 0.0] [0.0, 0.0, 1.0] [-621.221, 15.6402, 610.859]]
  active:b=no
  capzone__decapTime:r=6000.0
  ui_order:i=2
  capzone__capReward:r=500.0
  capzone__icon:t="AAA"
  capzone__caption:t="capzone/apartments"
  capzone__deactivateAfterTimeout:r=25.0
  capzone__spawnAtZoneTimeout:r=25.0
  capzone__createRespawnBaseForTeam:i=2
  decal__thickness:r=0.4
  decal__height:r=1.0
  capzone__createRespawnBase:t="respawnBaseGroupActivator"
  capzone__createdRespawnBaseGroup:i=8
  sphere_zone__radius:r=11.0
  capzone__iconOffsetY:r=3.0

  "capzone__activateChoice:object"{
    sector_3:r=1.0
    sector_3_b:r=2.0
  }
}

entity{
  _template:t="defend_zone_chained_box+defend_zone_respawnbase"
  capzone__capRewardPartCap:r=1.375
  capzone__onlyTeamCanCapture:i=1
  capzone__curTeamCapturingZone:i=-1
  groupName:t="sector_3"
  capzone__capTime:r=35.0
  capzone__capTeam:i=-1
  transform:m=[[7.40553, 0.0, -27.7137] [0.0, 9.09765, 0.0] [39.6046, 0.0, 10.5829] [-579.579, 14.5182, 525.061]]
  active:b=no
  capzone__decapTime:r=6000.0
  ui_order:i=3
  capzone__capReward:r=500.0
  capzone__icon:t="AAA"
  capzone__caption:t="capzone/railway_station"
  capzone__deactivateAfterTimeout:r=25.0
  capzone__spawnAtZoneTimeout:r=25.0
  capzone__createRespawnBaseForTeam:i=2
  decal__thickness:r=0.4
  decal__height:r=8.3
  capzone__createRespawnBase:t="respawnBaseGroupActivator"
  capzone__createdRespawnBaseGroup:i=5
  capzone__iconOffsetY:r=2.5

  "capzone__activateChoice:object"{
    sector_4:r=1.0
    sector_4_b:r=1.0
  }
}

entity{
  _template:t="defend_zone_chained_box+defend_zone_respawnbase"
  capzone__capRewardPartCap:r=1.375
  capzone__onlyTeamCanCapture:i=1
  capzone__curTeamCapturingZone:i=-1
  groupName:t="sector_3_b"
  capzone__capTime:r=35.0
  capzone__capTeam:i=-1
  transform:m=[[19.4724, 0.0, 5.14744] [0.0, 10.2359, 0.0] [-9.16347, 0.0, 34.6647] [-590.092, 19.5173, 489.322]]
  active:b=no
  capzone__decapTime:r=6000.0
  ui_order:i=3
  capzone__capReward:r=500.0
  capzone__icon:t="AAA"
  capzone__caption:t="capzone/central_hall"
  capzone__deactivateAfterTimeout:r=25.0
  capzone__spawnAtZoneTimeout:r=25.0
  capzone__createRespawnBaseForTeam:i=2
  decal__thickness:r=0.4
  decal__height:r=3.7
  capzone__createRespawnBase:t="respawnBaseGroupActivator"
  capzone__createdRespawnBaseGroup:i=9

  "capzone__activateChoice:object"{
    sector_4:r=1.0
    sector_4_b:r=1.0
  }
}

entity{
  _template:t="defend_zone_chained_sphere+defend_zone_respawnbase"
  capzone__capRewardPartCap:r=1.5
  capzone__onlyTeamCanCapture:i=1
  capzone__curTeamCapturingZone:i=-1
  groupName:t="sector_4"
  capzone__capTime:r=30.0
  capzone__capTeam:i=-1
  transform:m=[[1.0, 0.0, 0.0] [0.0, 1.0, 0.0] [0.0, 0.0, 1.0] [-608.657, 15.9171, 417.384]]
  active:b=no
  capzone__decapTime:r=6000.0
  ui_order:i=2
  capzone__capReward:r=500.0
  capzone__icon:t="AAA"
  capzone__caption:t="capzone/apartments"
  capzone__deactivateAfterTimeout:r=25.0
  capzone__spawnAtZoneTimeout:r=25.0
  capzone__createRespawnBaseForTeam:i=2
  decal__thickness:r=0.4
  decal__height:r=0.3
  capzone__createRespawnBase:t="respawnBaseGroupActivator"
  capzone__createdRespawnBaseGroup:i=6
  sphere_zone__radius:r=14.0
  capzone__iconOffsetY:r=2.5

  "capzone__activateChoice:object"{
    sector_5:r=1.0
  }
}

entity{
  _template:t="defend_zone_chained_sphere+defend_zone_respawnbase"
  capzone__capRewardPartCap:r=1.5
  capzone__onlyTeamCanCapture:i=1
  capzone__curTeamCapturingZone:i=-1
  groupName:t="sector_4_b"
  capzone__capTime:r=30.0
  capzone__capTeam:i=-1
  transform:m=[[1.0, 0.0, 0.0] [0.0, 1.0, 0.0] [0.0, 0.0, 1.0] [-562.838, 15.7746, 391.038]]
  active:b=no
  capzone__decapTime:r=6000.0
  ui_order:i=4
  capzone__capReward:r=500.0
  capzone__icon:t="AAA"
  capzone__caption:t="capzone/barn"
  capzone__deactivateAfterTimeout:r=25.0
  capzone__spawnAtZoneTimeout:r=25.0
  capzone__createRespawnBaseForTeam:i=2
  decal__thickness:r=0.4
  decal__height:r=1.0
  capzone__createRespawnBase:t="respawnBaseGroupActivator"
  capzone__createdRespawnBaseGroup:i=10
  sphere_zone__radius:r=14.0
  capzone__iconOffsetY:r=3.0

  "capzone__activateChoice:object"{
    sector_5:r=1.0
  }
}

entity{
  _template:t="defend_zone_chained_box+defend_zone_respawnbase"
  capzone__capRewardPartCap:r=1.5
  capzone__onlyTeamCanCapture:i=1
  capzone__curTeamCapturingZone:i=-1
  groupName:t="sector_4_c"
  capzone__capTime:r=30.0
  capzone__capTeam:i=-1
  transform:m=[[13.1271, 0.0, 3.47008] [0.0, 6.48645, 0.0] [-3.69766, 0.0, 13.9879] [-570.949, 18.6454, 431.785]]
  active:b=no
  capzone__decapTime:r=6000.0
  ui_order:i=3
  capzone__capReward:r=500.0
  capzone__icon:t="AAA"
  capzone__caption:t="capzone/warehouse"
  capzone__deactivateAfterTimeout:r=25.0
  capzone__spawnAtZoneTimeout:r=25.0
  capzone__createRespawnBaseForTeam:i=2
  decal__thickness:r=0.4
  decal__height:r=0.3
  capzone__createRespawnBase:t="respawnBaseGroupActivator"
  capzone__createdRespawnBaseGroup:i=11

  "capzone__activateChoice:object"{
    sector_5:r=1.0
  }
}

entity{
  _template:t="defend_zone_chained_sphere+defend_zone_respawnbase"
  capzone__capRewardPartCap:r=1.0
  capzone__onlyTeamCanCapture:i=1
  capzone__curTeamCapturingZone:i=-1
  groupName:t="sector_5"
  capzone__capTime:r=35.0
  capzone__capTeam:i=-1
  transform:m=[[0.76883, 0.0, 0.225034] [0.0, 1.0, 0.0] [-0.280911, 0.0, 0.959734] [-589.429, 10.3985, 286.67]]
  active:b=no
  capzone__decapTime:r=6000.0
  ui_order:i=5
  capzone__capReward:r=500.0
  capzone__icon:t="AAA"
  capzone__caption:t="capzone/headquarters"
  capzone__deactivateAfterTimeout:r=25.0
  capzone__spawnAtZoneTimeout:r=25.0
  capzone__createRespawnBaseForTeam:i=2
  decal__thickness:r=0.4
  decal__height:r=1.3
  sphere_zone__radius:r=12.0
  capzone__createRespawnBase:t="respawnBaseGroupActivator"
  capzone__createdRespawnBaseGroup:i=7
  capzone__iconOffsetY:r=2.5
}

entity{
  _template:t="defend_zone_chained_box+defend_zone_respawnbase"
  capzone__capRewardPartCap:r=1.0
  capzone__onlyTeamCanCapture:i=1
  capzone__curTeamCapturingZone:i=-1
  groupName:t="sector_5_b"
  capzone__capTime:r=35.0
  capzone__capTeam:i=-1
  transform:m=[[19.6136, 0.0, 5.18475] [0.0, 6.48645, 0.0] [-6.963, 0.0, 26.3405] [-525.196, 14.0745, 265.488]]
  active:b=no
  capzone__decapTime:r=6000.0
  ui_order:i=5
  capzone__capReward:r=500.0
  capzone__icon:t="AAA"
  capzone__caption:t="capzone/barracks"
  capzone__deactivateAfterTimeout:r=25.0
  capzone__spawnAtZoneTimeout:r=25.0
  capzone__createRespawnBaseForTeam:i=2
  decal__thickness:r=0.4
  decal__height:r=1.0
  capzone__createRespawnBase:t="respawnBaseGroupActivator"
  capzone__createdRespawnBaseGroup:i=12
}

entity{
  _template:t="respawnChooser+respTeam2"
  transform:m=[[-0.0594577, 0.0171506, 0.998084] [-0.00771527, 0.999815, -0.0176398] [0.998201, 0.00874933, 0.0593134] [-561.959, 2.44436, 169.908]]
  groupName:t="sector_5"
  respawnBaseGroup:i=1
  active:b=no
}

entity{
  _template:t="respawnChooser+respTeam2"
  transform:m=[[0.0234345, -0.0196808, 0.999532] [0.0141963, 0.999712, 0.0193517] [0.999625, -0.013736, -0.0237054] [-554.48, 2.1157, 170.805]]
  groupName:t="sector_5"
  respawnBaseGroup:i=1
  active:b=no
}

entity{
  _template:t="respawnChooser+respTeam2"
  transform:m=[[0.104665, 0.0149981, 0.994395] [0.0127429, 0.999784, -0.0164206] [0.994425, -0.0143901, -0.104452] [-579.081, 2.10121, 166.743]]
  groupName:t="sector_5"
  respawnBaseGroup:i=1
  active:b=no
}

entity{
  _template:t="respawnChooser+respTeam2"
  transform:m=[[0.507176, -0.00242864, 0.861841] [3.10657e-05, 0.999996, 0.00279964] [0.861843, 0.00139327, -0.507172] [-664.467, 2.36605, 188.442]]
  groupName:t="sector_5"
  respawnBaseGroup:i=2
  active:b=no
}

entity{
  _template:t="respawnChooser+respTeam2"
  transform:m=[[0.54169, 0.00909327, 0.84053] [-0.00187303, 0.999952, -0.00961068] [0.840576, -0.00363161, -0.541681] [-660.579, 2.48895, 186.11]]
  groupName:t="sector_5"
  respawnBaseGroup:i=2
  active:b=no
}

entity{
  _template:t="respawnChooser+respTeam1"
  transform:m=[[-0.152246, 0.00258258, -0.988341] [-0.0150995, 0.999874, 0.00493861] [-0.988227, -0.0156752, 0.152188] [-605.704, 17.2796, 419.374]]
  groupName:t="sector_5"
  respawnBaseGroup:i=1
  active:b=no
}

entity{
  _template:t="respawnChooser+respTeam1"
  transform:m=[[0.0841632, -8.04199e-05, -0.996452] [8.58548e-05, 1.0, -7.34335e-05] [-0.996452, 7.94543e-05, -0.0841637] [-573.387, 18.3983, 434.525]]
  groupName:t="sector_5"
  respawnBaseGroup:i=1
  active:b=no
}

entity{
  _template:t="respawnChooser+respVehicle+vehicle_resp_soft_ground_collision"
  transform:m=[[0.945279, 0.0, 0.326267] [0.0, 1.0, 0.0] [-0.326267, 0.0, 0.945279] [-723.348, 6.94608, 127.951]]
  respTime:i=150
  groupName:t="sector_5"
  team:i=2
  maxVehicleOnSpawn:i=2
  active:b=no
}

entity{
  _template:t="respawnChooser+respVehicle+vehicle_resp_soft_ground_collision"
  transform:m=[[0.335286, 0.0, -0.942115] [0.0, 1.0, 0.0] [0.942115, 0.0, 0.335286] [-691.83, 16.9536, 466.583]]
  respTime:i=150
  groupName:t="sector_5"
  team:i=1
  maxVehicleOnSpawn:i=2
  active:b=no
}

entity{
  _template:t="respawnChooser+respMotorcycle"
  active:b=no
  transform:m=[[0.942357, 0.0, 0.334613] [0.0, 1.0, 0.0] [-0.334613, 0.0, 0.942357] [-724.887, 6.94608, 131.33]]
  team:i=2
  groupName:t="sector_5"
}

entity{
  _template:t="respawnChooser+respMotorcycle"
  active:b=no
  transform:m=[[-0.382073, 0.0, -0.92413] [0.0, 1.0, 0.0] [0.92413, 0.0, -0.382073] [-625.61, 17.2784, 467.753]]
  team:i=1
  groupName:t="sector_5"
}

entity{
  _template:t="respawnChooser+respTeam2"
  transform:m=[[-0.933731, 0.0171506, 0.357564] [0.0128862, 0.999815, -0.0143049] [0.357742, 0.00874933, 0.933779] [-553.228, 15.7659, 346.341]]
  groupName:t="sector_4"
  respawnBaseGroup:i=1
  active:b=no
}

entity{
  _template:t="respawnChooser+respTeam2"
  transform:m=[[0.474414, 0.0171506, 0.880135] [-0.0158401, 0.999815, -0.0109444] [0.880159, 0.00874933, -0.474598] [-584.694, 14.2734, 322.824]]
  groupName:t="sector_4"
  respawnBaseGroup:i=1
  active:b=no
}

entity{
  _template:t="respawnChooser+respTeam1"
  transform:m=[[0.449878, -8.04199e-05, -0.893091] [0.000107054, 1.0, -3.60966e-05] [-0.89309, 7.94543e-05, -0.449878] [-594.29, 17.6484, 524.203]]
  groupName:t="sector_4"
  respawnBaseGroup:i=1
  active:b=no
}

entity{
  _template:t="respawnChooser+respTeam1"
  transform:m=[[-0.282577, -8.04199e-05, -0.959245] [5.34162e-05, 1.0, -9.95502e-05] [-0.959244, 7.94543e-05, 0.282577] [-563.308, 11.988, 528.081]]
  groupName:t="sector_4"
  respawnBaseGroup:i=1
  active:b=no
}

entity{
  _template:t="respawnChooser+respTeam1"
  transform:m=[[0.743735, -8.04199e-05, -0.668477] [0.000112852, 1.0, 5.28568e-06] [-0.668475, 7.94543e-05, -0.743734] [-689.104, 17.4399, 515.979]]
  groupName:t="sector_4"
  respawnBaseGroup:i=2
  active:b=no
}

entity{
  _template:t="respawnChooser+respVehicle+vehicle_resp_soft_ground_collision"
  transform:m=[[0.579074, 0.0, 0.815276] [0.0, 1.0, 0.0] [-0.815276, 0.0, 0.579074] [-615.92, 5.62554, 191.406]]
  maxVehicleOnSpawn:i=2
  respTime:i=150
  respawnBaseGroup:i=1
  groupName:t="sector_4"
  active:b=no
  team:i=2
}

entity{
  _template:t="respawnChooser+respMotorcycle"
  transform:m=[[0.571842, 0.0, 0.820365] [0.0, 1.0, 0.0] [-0.820365, 0.0, 0.571842] [-617.15, 5.62554, 192.449]]
  groupName:t="sector_4"
  respawnBaseGroup:i=1
  active:b=no
  team:i=2
}

entity{
  _template:t="respawnChooser+respVehicle+vehicle_resp_soft_ground_collision"
  transform:m=[[-0.468825, 0.0, -0.88329] [0.0, 1.0, 0.0] [0.88329, 0.0, -0.468825] [-666.465, 17.002, 606.83]]
  groupName:t="sector_4"
  maxVehicleOnSpawn:i=2
  respTime:i=150
  respawnBaseGroup:i=1
  active:b=no
  team:i=1
}

entity{
  _template:t="respawnChooser+respMotorcycle"
  transform:m=[[-0.392997, 0.0, -0.919538] [0.0, 1.0, 0.0] [0.919538, 0.0, -0.392997] [-666.062, 16.8981, 605.279]]
  groupName:t="sector_4"
  respTime:i=0
  respawnBaseGroup:i=1
  active:b=no
  team:i=1
}

entity{
  _template:t="respawnChooser+respTeam2"
  transform:m=[[-0.535884, 0.0171506, 0.844118] [0.00180402, 0.999815, -0.0191685] [0.84429, 0.00874933, 0.535815] [-603.103, 17.2444, 418.349]]
  groupName:t="sector_3"
  respawnBaseGroup:i=2
  active:b=no
}

entity{
  _template:t="respawnChooser+respTeam2"
  transform:m=[[0.157107, 0.0171506, 0.987433] [-0.0113366, 0.999815, -0.0155618] [0.987517, 0.00874933, -0.157272] [-568.534, 18.5805, 431.17]]
  groupName:t="sector_3"
  respawnBaseGroup:i=1
  active:b=no
}

entity{
  _template:t="respawnChooser+respTeam2"
  transform:m=[[-0.877089, 0.0171506, 0.480024] [0.010843, 0.999815, -0.0159096] [0.480207, 0.00874933, 0.877112] [-571.94, 19.3769, 429.459]]
  groupName:t="sector_3"
  respawnBaseGroup:i=1
  active:b=no
}

entity{
  _template:t="respawnChooser+respTeam2"
  transform:m=[[-0.955325, 0.0171506, 0.29506] [0.0138037, 0.999815, -0.0134218] [0.295236, 0.00874933, 0.955385] [-493.752, 16.1184, 436.427]]
  groupName:t="sector_3"
  respawnBaseGroup:i=1
  active:b=no
}

entity{
  _template:t="respawnChooser+respTeam1"
  transform:m=[[-0.402543, -8.04199e-05, -0.915402] [4.02914e-05, 1.0, -0.000105547] [-0.915402, 7.94543e-05, 0.402541] [-619.807, 17.3476, 610.535]]
  groupName:t="sector_3"
  respawnBaseGroup:i=1
  active:b=no
}

entity{
  _template:t="respawnChooser+respTeam1"
  transform:m=[[-0.761569, -8.04199e-05, -0.648084] [-9.79107e-06, 1.0, -0.000112551] [-0.648083, 7.94543e-05, 0.761569] [-540.75, 18.4252, 630.178]]
  groupName:t="sector_3"
  respawnBaseGroup:i=2
  active:b=no
}

entity{
  _template:t="respawnChooser+respVehicle+vehicle_resp_soft_ground_collision"
  transform:m=[[0.279224, 0.0, -0.960225] [0.0, 1.0, 0.0] [0.960225, 0.0, 0.279224] [-705.881, 20.9629, 696.195]]
  groupName:t="sector_3"
  maxVehicleOnSpawn:i=2
  respTime:i=150
  respawnBaseGroup:i=1
  team:i=1
  active:b=no
}

entity{
  _template:t="respawnChooser+respMotorcycle"
  transform:m=[[0.482295, 0.0, -0.876006] [0.0, 1.0, 0.0] [0.876006, 0.0, 0.482295] [-605.168, 19.6576, 749.802]]
  groupName:t="sector_3"
  respawnBaseGroup:i=1
  team:i=1
  active:b=no
}

entity{
  _template:t="respawnChooser+respVehicle+vehicle_resp_soft_ground_collision"
  transform:m=[[-0.146603, 0.0, 0.989196] [0.0, 1.0, 0.0] [-0.989196, 0.0, -0.146603] [-610.348, 11.0144, 304.802]]
  groupName:t="sector_3"
  maxVehicleOnSpawn:i=2
  respTime:i=150
  respawnBaseGroup:i=1
  active:b=no
  team:i=2
}

entity{
  _template:t="respawnChooser+respMotorcycle"
  transform:m=[[-0.242344, 0.0, 0.970191] [0.0, 1.0, 0.0] [-0.970191, 0.0, -0.242344] [-612.129, 11.0914, 304.283]]
  groupName:t="sector_3"
  respawnBaseGroup:i=1
  active:b=no
  team:i=2
}

entity{
  _template:t="respawnChooser+respTeam2"
  transform:m=[[-0.147152, 0.0171506, 0.988966] [-0.00613129, 0.999815, -0.0182509] [0.989094, 0.00874933, 0.147019] [-550.213, 11.5552, 523.233]]
  groupName:t="sector_2"
  respawnBaseGroup:i=2
  active:b=no
}

entity{
  _template:t="respawnChooser+respTeam2"
  transform:m=[[-0.523956, 0.0171506, 0.851574] [0.00153419, 0.999815, -0.019192] [0.851744, 0.00874933, 0.523884] [-598.979, 17.3706, 501.895]]
  groupName:t="sector_2"
  respawnBaseGroup:i=1
  active:b=no
}

entity{
  _template:t="respawnChooser+respTeam2"
  transform:m=[[0.37697, 0.0171506, 0.926067] [-0.0145707, 0.999815, -0.012585] [0.92611, 0.00874933, -0.377151] [-595.484, 17.3706, 503.353]]
  groupName:t="sector_2"
  respawnBaseGroup:i=1
  active:b=no
}

entity{
  _template:t="respawnChooser+respTeam1"
  transform:m=[[-0.915166, -8.04199e-05, -0.403081] [-4.15856e-05, 1.0, -0.000105044] [-0.403082, 7.94543e-05, 0.915164] [-544.505, 19.1319, 734.427]]
  groupName:t="sector_2"
  respawnBaseGroup:i=1
  active:b=no
}

entity{
  _template:t="respawnChooser+respTeam1"
  transform:m=[[0.991221, -8.04199e-05, -0.132222] [9.01873e-05, 1.0, 6.80425e-05] [-0.132221, 7.94543e-05, -0.991221] [-622.661, 20.0048, 747.038]]
  groupName:t="sector_2"
  respawnBaseGroup:i=1
  active:b=no
}

entity{
  _template:t="respawnChooser+respVehicle+vehicle_resp_soft_ground_collision"
  transform:m=[[-0.797312, 0.0, 0.603568] [0.0, 1.0, 0.0] [-0.603568, 0.0, -0.797312] [-610.096, 16.5186, 400.188]]
  groupName:t="sector_2"
  maxVehicleOnSpawn:i=2
  respTime:i=150
  respawnBaseGroup:i=1
  team:i=2
  active:b=no
}

entity{
  _template:t="respawnChooser+respMotorcycle"
  transform:m=[[-0.852358, 0.0, 0.52296] [0.0, 1.0, 0.0] [-0.52296, 0.0, -0.852358] [-611.004, 16.5186, 398.571]]
  groupName:t="sector_2"
  respawnBaseGroup:i=1
  team:i=2
  active:b=no
}

entity{
  _template:t="respawnChooser+respVehicle+vehicle_resp_soft_ground_collision"
  transform:m=[[-0.637806, 0.0, -0.770195] [0.0, 1.0, 0.0] [0.770195, 0.0, -0.637806] [-591.339, 21.2835, 815.719]]
  groupName:t="sector_2"
  maxVehicleOnSpawn:i=2
  respTime:i=150
  respawnBaseGroup:i=1
  team:i=1
  active:b=no
}

entity{
  _template:t="respawnChooser+respMotorcycle"
  transform:m=[[-0.581635, 0.0, -0.813447] [0.0, 1.0, 0.0] [0.813447, 0.0, -0.581635] [-588.278, 21.341, 812.738]]
  groupName:t="sector_2"
  respawnBaseGroup:i=1
  team:i=1
  active:b=no
}

entity{
  _template:t="respawnChooser+respTeam2"
  transform:m=[[-0.317455, 0.0171506, 0.948118] [-0.00285269, 0.999815, -0.0190407] [0.948269, 0.00874933, 0.317347] [-620.402, 17.3496, 607.134]]
  groupName:t="sector_1"
  respawnBaseGroup:i=1
  active:b=no
}

entity{
  _template:t="respawnChooser+respTeam2"
  transform:m=[[-0.735336, 0.0171506, 0.677486] [0.00668344, 0.999815, -0.0180559] [0.677671, 0.00874933, 0.735313] [-629.906, 17.3066, 582.39]]
  groupName:t="sector_1"
  respawnBaseGroup:i=1
  active:b=no
}

entity{
  _template:t="respawnChooser+respTeam2"
  transform:m=[[-0.0437754, 0.0171506, 0.998895] [-0.00799127, 0.999815, -0.0175164] [0.99901, 0.00874933, 0.0436284] [-561.794, 16.9403, 593.072]]
  groupName:t="sector_1"
  respawnBaseGroup:i=2
  active:b=no
}

entity{
  _template:t="respawnChooser+respTeam1"
  transform:m=[[0.942329, -8.04199e-05, -0.334694] [0.000102326, 1.0, 4.78831e-05] [-0.334692, 7.94543e-05, -0.942328] [-696.525, 23.3004, 815.178]]
  groupName:t="sector_1"
  respawnBaseGroup:i=1
  active:b=no
}

entity{
  _template:t="respawnChooser+respTeam1"
  transform:m=[[0.925227, -8.04199e-05, -0.379416] [0.000104501, 1.0, 4.29305e-05] [-0.379414, 7.94543e-05, -0.925228] [-674.107, 23.1596, 842.163]]
  groupName:t="sector_1"
  respawnBaseGroup:i=1
  active:b=no
}

entity{
  _template:t="respawnChooser+respVehicle+vehicle_resp_soft_ground_collision"
  transform:m=[[-0.167716, 0.0, 0.985836] [0.0, 1.0, 0.0] [-0.985836, 0.0, -0.167716] [-700.974, 17.0647, 483.444]]
  groupName:t="sector_1"
  maxVehicleOnSpawn:i=2
  respTime:i=150
  respawnBaseGroup:i=1
  team:i=2
  active:b=no
}

entity{
  _template:t="respawnChooser+respMotorcycle"
  transform:m=[[-0.167075, 0.0, 0.985945] [0.0, 1.0, 0.0] [-0.985945, 0.0, -0.167075] [-721.888, 17.6237, 499.108]]
  groupName:t="sector_1"
  respawnBaseGroup:i=1
  team:i=2
  active:b=no
}

entity{
  _template:t="respawnChooser+respVehicle+vehicle_resp_soft_ground_collision"
  transform:m=[[0.171505, 0.0, -0.985182] [0.0, 1.0, 0.0] [0.985182, 0.0, 0.171505] [-646.308, 20.6595, 899.065]]
  groupName:t="sector_1"
  maxVehicleOnSpawn:i=2
  respTime:i=150
  respawnBaseGroup:i=1
  team:i=1
  active:b=no
}

entity{
  _template:t="respawnChooser+respMotorcycle"
  transform:m=[[0.110651, 0.0, -0.993857] [0.0, 1.0, 0.0] [0.993857, 0.0, 0.110651] [-641.84, 20.717, 899.946]]
  groupName:t="sector_1"
  respawnBaseGroup:i=1
  team:i=1
  active:b=no
}

entity{
  _template:t="resupply_in_air_zone"
  transform:m=[[0.473545, 0.0, 0.880768] [0.0, 1.0, 0.0] [-0.880768, 0.0, 0.473545] [522.185, 1000.0, -1462.72]]
  resupply_zone__team:i=2
}

entity{
  _template:t="respAircraftInAir"
  respawnbaseType:t="aircraft_fighter"
  transform:m=[[0.784251, 0.0, -0.620444] [0.0, 1.0, 0.0] [0.620444, 0.0, 0.784251] [-2880.73, 1023.92, 2282.55]]
  team:i=1
  maxVehicleOnSpawn:i=1
  respTime:i=120
}

entity{
  _template:t="respAircraftInAir"
  respawnbaseType:t="aircraft_assault"
  transform:m=[[0.819197, 0.0, -0.573512] [0.0, 1.0, 0.0] [0.573512, 0.0, 0.819197] [-2768.91, 823.92, 2420.04]]
  team:i=1
  maxVehicleOnSpawn:i=1
  respTime:i=120
}

entity{
  _template:t="respAircraftInAir"
  respawnbaseType:t="aircraft_fighter"
  transform:m=[[0.806026, 0.0, -0.591882] [0.0, 1.0, 0.0] [0.591882, 0.0, 0.806026] [-2776.18, 1023.92, 2399.17]]
  team:i=1
  maxVehicleOnSpawn:i=1
  respTime:i=120
}

entity{
  _template:t="respAircraftInAir"
  respawnbaseType:t="aircraft_assault"
  transform:m=[[0.805057, 0.0, -0.593197] [0.0, 1.0, 0.0] [0.593197, 0.0, 0.805057] [-2880.73, 823.92, 2282.55]]
  team:i=1
  maxVehicleOnSpawn:i=1
  respTime:i=120
}

entity{
  _template:t="resupply_in_air_zone"
  transform:m=[[-0.995385, 0.0, 0.0959728] [0.0, 1.0, 0.0] [-0.0959728, 0.0, -0.995385] [-2043.87, 1023.92, 2080.69]]
  resupply_zone__team:i=1
}

entity{
  _template:t="respAircraftInAir"
  respawnbaseType:t="aircraft_fighter"
  transform:m=[[-0.925008, 0.0, 0.379947] [0.0, 1.0, 0.0] [-0.379947, 0.0, -0.925008] [1993.99, 1000.0, -760.452]]
  team:i=2
  maxVehicleOnSpawn:i=1
  respTime:i=120
}

entity{
  _template:t="respAircraftInAir"
  respawnbaseType:t="aircraft_assault"
  transform:m=[[-0.925008, 0.0, 0.379947] [0.0, 1.0, 0.0] [-0.379947, 0.0, -0.925008] [1993.99, 800.0, -760.452]]
  team:i=2
  maxVehicleOnSpawn:i=1
  respTime:i=120
}

entity{
  _template:t="respAircraftInAir"
  respawnbaseType:t="aircraft_fighter"
  transform:m=[[-0.925008, 0.0, 0.379947] [0.0, 1.0, 0.0] [-0.379947, 0.0, -0.925008] [1964.52, 1000.0, -908.138]]
  team:i=2
  maxVehicleOnSpawn:i=1
  respTime:i=120
}

entity{
  _template:t="respAircraftInAir"
  respawnbaseType:t="aircraft_assault"
  transform:m=[[-0.925008, 0.0, 0.379947] [0.0, 1.0, 0.0] [-0.379947, 0.0, -0.925008] [1923.04, 800.0, -924.728]]
  team:i=2
  maxVehicleOnSpawn:i=1
  respTime:i=120
}

entity{
  _template:t="aircraft_box_battle_area"
  transform:m=[[10899.2, 0.0, 2596.87] [0.0, 8000.03, 0.0] [-2639.28, 0.0, 11019.2] [-615.763, 240.916, 539.555]]
  battle_area__team:i=-1
}

entity{
  _template:t="poly_battle_area"
  transform:m=[[1.0, 0.0, 0.0] [0.0, 1.0, 0.0] [0.0, 0.0, 1.0] [0.0, 0.0, 0.0]]
  groupName:t="sector_5"
  active:b=no
  battle_area__team:i=2
  battleAreaId:t="area1_2"
}

entity{
  _template:t="battle_area_polygon_point"
  transform:m=[[1.0, 0.0, 0.0] [0.0, 1.0, 0.0] [0.0, 0.0, 1.0] [-327.313, 7.41189, 98.8687]]
  battle_area_polygon_point__id:t="point1"
  battle_area_polygon_point__nextId:t="point2"
  battle_area_polygon_point__forBattleAreaId:t="area1_2"
}

entity{
  _template:t="battle_area_polygon_point"
  transform:m=[[1.0, 0.0, 0.0] [0.0, 1.0, 0.0] [0.0, 0.0, 1.0] [-401.933, 7.41189, 354.878]]
  battle_area_polygon_point__id:t="point2"
  battle_area_polygon_point__nextId:t="point3"
  battle_area_polygon_point__forBattleAreaId:t="area1_2"
}

entity{
  _template:t="battle_area_polygon_point"
  transform:m=[[1.0, 0.0, 0.0] [0.0, 1.0, 0.0] [0.0, 0.0, 1.0] [-519.278, 7.41189, 361.912]]
  battle_area_polygon_point__id:t="point3"
  battle_area_polygon_point__nextId:t="point4"
  battle_area_polygon_point__forBattleAreaId:t="area1_2"
}

entity{
  _template:t="battle_area_polygon_point"
  transform:m=[[1.0, 0.0, 0.0] [0.0, 1.0, 0.0] [0.0, 0.0, 1.0] [-555.4, 7.41189, 364.766]]
  battle_area_polygon_point__id:t="point4"
  battle_area_polygon_point__nextId:t="point5"
  battle_area_polygon_point__forBattleAreaId:t="area1_2"
}

entity{
  _template:t="battle_area_polygon_point"
  transform:m=[[1.0, 0.0, 0.0] [0.0, 1.0, 0.0] [0.0, 0.0, 1.0] [-621.173, 7.41189, 345.827]]
  battle_area_polygon_point__id:t="point5"
  battle_area_polygon_point__nextId:t="point6"
  battle_area_polygon_point__forBattleAreaId:t="area1_2"
}

entity{
  _template:t="battle_area_polygon_point"
  transform:m=[[1.0, 0.0, 0.0] [0.0, 1.0, 0.0] [0.0, 0.0, 1.0] [-710.026, 7.41189, 297.547]]
  battle_area_polygon_point__id:t="point6"
  battle_area_polygon_point__nextId:t="point7"
  battle_area_polygon_point__forBattleAreaId:t="area1_2"
}

entity{
  _template:t="battle_area_polygon_point"
  transform:m=[[1.0, 0.0, 0.0] [0.0, 1.0, 0.0] [0.0, 0.0, 1.0] [-803.626, 7.41189, 225.579]]
  battle_area_polygon_point__id:t="point7"
  battle_area_polygon_point__nextId:t="point8"
  battle_area_polygon_point__forBattleAreaId:t="area1_2"
}

entity{
  _template:t="battle_area_polygon_point"
  transform:m=[[1.0, 0.0, 0.0] [0.0, 1.0, 0.0] [0.0, 0.0, 1.0] [-740.032, 7.41189, 15.9426]]
  battle_area_polygon_point__id:t="point8"
  battle_area_polygon_point__nextId:t="point1"
  battle_area_polygon_point__forBattleAreaId:t="area1_2"
}

entity{
  _template:t="poly_battle_area"
  transform:m=[[1.0, 0.0, 0.0] [0.0, 1.0, 0.0] [0.0, 0.0, 1.0] [0.0, 0.0, 0.0]]
  groupName:t="sector_5"
  active:b=no
  battle_area__team:i=1
  battleAreaId:t="area1_1"
}

entity{
  _template:t="battle_area_polygon_point"
  transform:m=[[1.0, 0.0, 0.0] [0.0, 1.0, 0.0] [0.0, 0.0, 1.0] [-800.719, 7.41189, 502.171]]
  battle_area_polygon_point__id:t="point1"
  battle_area_polygon_point__nextId:t="point2"
  battle_area_polygon_point__forBattleAreaId:t="area1_1"
}

entity{
  _template:t="battle_area_polygon_point"
  transform:m=[[1.0, 0.0, 0.0] [0.0, 1.0, 0.0] [0.0, 0.0, 1.0] [-718.633, 7.41189, 248.296]]
  battle_area_polygon_point__id:t="point2"
  battle_area_polygon_point__nextId:t="point3"
  battle_area_polygon_point__forBattleAreaId:t="area1_1"
}

entity{
  _template:t="battle_area_polygon_point"
  transform:m=[[1.0, 0.0, 0.0] [0.0, 1.0, 0.0] [0.0, 0.0, 1.0] [-677.889, 7.41189, 234.654]]
  battle_area_polygon_point__id:t="point3"
  battle_area_polygon_point__nextId:t="point4"
  battle_area_polygon_point__forBattleAreaId:t="area1_1"
}

entity{
  _template:t="battle_area_polygon_point"
  transform:m=[[1.0, 0.0, 0.0] [0.0, 1.0, 0.0] [0.0, 0.0, 1.0] [-627.813, 7.41189, 224.443]]
  battle_area_polygon_point__id:t="point4"
  battle_area_polygon_point__nextId:t="point5"
  battle_area_polygon_point__forBattleAreaId:t="area1_1"
}

entity{
  _template:t="battle_area_polygon_point"
  transform:m=[[1.0, 0.0, 0.0] [0.0, 1.0, 0.0] [0.0, 0.0, 1.0] [-573.782, 7.41189, 218.174]]
  battle_area_polygon_point__id:t="point5"
  battle_area_polygon_point__nextId:t="point6"
  battle_area_polygon_point__forBattleAreaId:t="area1_1"
}

entity{
  _template:t="battle_area_polygon_point"
  transform:m=[[1.0, 0.0, 0.0] [0.0, 1.0, 0.0] [0.0, 0.0, 1.0] [-512.307, 7.41189, 234.95]]
  battle_area_polygon_point__id:t="point6"
  battle_area_polygon_point__nextId:t="point7"
  battle_area_polygon_point__forBattleAreaId:t="area1_1"
}

entity{
  _template:t="battle_area_polygon_point"
  transform:m=[[1.0, 0.0, 0.0] [0.0, 1.0, 0.0] [0.0, 0.0, 1.0] [-423.448, 7.41189, 265.619]]
  battle_area_polygon_point__id:t="point7"
  battle_area_polygon_point__nextId:t="point8"
  battle_area_polygon_point__forBattleAreaId:t="area1_1"
}

entity{
  _template:t="battle_area_polygon_point"
