import{
  scene:t="content/enlisted/gamedata/scenes/_normandy_sounds.blk"
}

import{
  scene:t="content/enlisted/gamedata/scenes/_normandy_shore_sound.blk"
}

import{
  scene:t="content/enlisted/gamedata/scenes/_normandy_coastal_area_fx.blk"
}

entity{
  _template:t="poly_battle_area"
  transform:m=[[1.0, 0.0, 0.0] [0.0, 1.0, 0.0] [0.0, 0.0, 1.0] [0.0, 0.0, 0.0]]
  battle_area__team:i=1
  battleAreaId:t="area1"
}

entity{
  _template:t="battle_area_polygon_point"
  transform:m=[[1.0, 0.0, 0.0] [0.0, 1.0, 0.0] [0.0, 0.0, 1.0] [-101.123, 7.75231, -23.7668]]
  battle_area_polygon_point__id:t="point1"
  battle_area_polygon_point__nextId:t="point2"
  battle_area_polygon_point__forBattleAreaId:t="area1"
}

entity{
  _template:t="battle_area_polygon_point"
  transform:m=[[1.0, 0.0, 0.0] [0.0, 1.0, 0.0] [0.0, 0.0, 1.0] [90.5982, 7.75231, -31.459]]
  battle_area_polygon_point__id:t="point2"
  battle_area_polygon_point__nextId:t="point3"
  battle_area_polygon_point__forBattleAreaId:t="area1"
}

entity{
  _template:t="battle_area_polygon_point"
  transform:m=[[1.0, 0.0, 0.0] [0.0, 1.0, 0.0] [0.0, 0.0, 1.0] [96.5166, 7.75231, 144.976]]
  battle_area_polygon_point__id:t="point3"
  battle_area_polygon_point__nextId:t="point4"
  battle_area_polygon_point__forBattleAreaId:t="area1"
}

entity{
  _template:t="battle_area_polygon_point"
  transform:m=[[1.0, 0.0, 0.0] [0.0, 1.0, 0.0] [0.0, 0.0, 1.0] [50.2693, 7.75231, 224.87]]
  battle_area_polygon_point__id:t="point4"
  battle_area_polygon_point__nextId:t="point5"
  battle_area_polygon_point__forBattleAreaId:t="area1"
}

entity{
  _template:t="battle_area_polygon_point"
  transform:m=[[1.0, 0.0, 0.0] [0.0, 1.0, 0.0] [0.0, 0.0, 1.0] [-25.7107, 7.75231, 284.22]]
  battle_area_polygon_point__id:t="point5"
  battle_area_polygon_point__nextId:t="point6"
  battle_area_polygon_point__forBattleAreaId:t="area1"
}

entity{
  _template:t="battle_area_polygon_point"
  transform:m=[[1.0, 0.0, 0.0] [0.0, 1.0, 0.0] [0.0, 0.0, 1.0] [-169.665, 7.75231, 289.88]]
  battle_area_polygon_point__id:t="point6"
  battle_area_polygon_point__nextId:t="point7"
  battle_area_polygon_point__forBattleAreaId:t="area1"
}

entity{
  _template:t="battle_area_polygon_point"
  transform:m=[[1.0, 0.0, 0.0] [0.0, 1.0, 0.0] [0.0, 0.0, 1.0] [-290.996, 7.75231, 205.91]]
  battle_area_polygon_point__id:t="point7"
  battle_area_polygon_point__nextId:t="point8"
  battle_area_polygon_point__forBattleAreaId:t="area1"
}

entity{
  _template:t="battle_area_polygon_point"
  transform:m=[[1.0, 0.0, 0.0] [0.0, 1.0, 0.0] [0.0, 0.0, 1.0] [-370.878, 7.75231, 99.8091]]
  battle_area_polygon_point__id:t="point8"
  battle_area_polygon_point__nextId:t="point9"
  battle_area_polygon_point__forBattleAreaId:t="area1"
}

entity{
  _template:t="battle_area_polygon_point"
  transform:m=[[1.0, 0.0, 0.0] [0.0, 1.0, 0.0] [0.0, 0.0, 1.0] [-292.153, 7.75231, 43.2606]]
  battle_area_polygon_point__id:t="point9"
  battle_area_polygon_point__nextId:t="point10"
  battle_area_polygon_point__forBattleAreaId:t="area1"
}

entity{
  _template:t="battle_area_polygon_point"
  transform:m=[[1.0, 0.0, 0.0] [0.0, 1.0, 0.0] [0.0, 0.0, 1.0] [-205.58, 7.75231, -17.2328]]
  battle_area_polygon_point__id:t="point10"
  battle_area_polygon_point__nextId:t="point1"
  battle_area_polygon_point__forBattleAreaId:t="area1"
}

entity{
  _template:t="poly_battle_area"
  transform:m=[[1.0, 0.0, 0.0] [0.0, 1.0, 0.0] [0.0, 0.0, 1.0] [0.0, 0.0, 0.0]]
  battle_area__team:i=2
  battleAreaId:t="area2"
}

entity{
  _template:t="battle_area_polygon_point"
  transform:m=[[1.0, 0.0, 0.0] [0.0, 1.0, 0.0] [0.0, 0.0, 1.0] [-425.469, 7.75231, -165.68]]
  battle_area_polygon_point__id:t="point1"
  battle_area_polygon_point__nextId:t="point2"
  battle_area_polygon_point__forBattleAreaId:t="area2"
}

entity{
  _template:t="battle_area_polygon_point"
  transform:m=[[1.0, 0.0, 0.0] [0.0, 1.0, 0.0] [0.0, 0.0, 1.0] [-240.819, 7.75231, -167.055]]
  battle_area_polygon_point__id:t="point2"
  battle_area_polygon_point__nextId:t="point3"
  battle_area_polygon_point__forBattleAreaId:t="area2"
}

entity{
  _template:t="battle_area_polygon_point"
  transform:m=[[1.0, 0.0, 0.0] [0.0, 1.0, 0.0] [0.0, 0.0, 1.0] [-132.514, 7.75231, -167.505]]
  battle_area_polygon_point__id:t="point3"
  battle_area_polygon_point__nextId:t="point4"
  battle_area_polygon_point__forBattleAreaId:t="area2"
}

entity{
  _template:t="battle_area_polygon_point"
  transform:m=[[1.0, 0.0, 0.0] [0.0, 1.0, 0.0] [0.0, 0.0, 1.0] [-109.049, 7.75231, -12.1102]]
  battle_area_polygon_point__id:t="point4"
  battle_area_polygon_point__nextId:t="point5"
  battle_area_polygon_point__forBattleAreaId:t="area2"
}

entity{
  _template:t="battle_area_polygon_point"
  transform:m=[[1.0, 0.0, 0.0] [0.0, 1.0, 0.0] [0.0, 0.0, 1.0] [-107.35, 7.75231, 123.144]]
  battle_area_polygon_point__id:t="point5"
  battle_area_polygon_point__nextId:t="point6"
  battle_area_polygon_point__forBattleAreaId:t="area2"
}

entity{
  _template:t="battle_area_polygon_point"
  transform:m=[[1.0, 0.0, 0.0] [0.0, 1.0, 0.0] [0.0, 0.0, 1.0] [-109.089, 7.75231, 196.468]]
  battle_area_polygon_point__id:t="point6"
  battle_area_polygon_point__nextId:t="point7"
  battle_area_polygon_point__forBattleAreaId:t="area2"
}

entity{
  _template:t="battle_area_polygon_point"
  transform:m=[[1.0, 0.0, 0.0] [0.0, 1.0, 0.0] [0.0, 0.0, 1.0] [-160.306, 7.75231, 254.371]]
  battle_area_polygon_point__id:t="point7"
  battle_area_polygon_point__nextId:t="point8"
  battle_area_polygon_point__forBattleAreaId:t="area2"
}

entity{
  _template:t="battle_area_polygon_point"
  transform:m=[[1.0, 0.0, 0.0] [0.0, 1.0, 0.0] [0.0, 0.0, 1.0] [-217.002, 7.75231, 256.817]]
  battle_area_polygon_point__id:t="point8"
  battle_area_polygon_point__nextId:t="point9"
  battle_area_polygon_point__forBattleAreaId:t="area2"
}

entity{
  _template:t="battle_area_polygon_point"
  transform:m=[[1.0, 0.0, 0.0] [0.0, 1.0, 0.0] [0.0, 0.0, 1.0] [-291.044, 7.75231, 206.12]]
  battle_area_polygon_point__id:t="point9"
  battle_area_polygon_point__nextId:t="point10"
  battle_area_polygon_point__forBattleAreaId:t="area2"
}

entity{
  _template:t="battle_area_polygon_point"
  transform:m=[[1.0, 0.0, 0.0] [0.0, 1.0, 0.0] [0.0, 0.0, 1.0] [-429.09, 7.75231, 22.7302]]
  battle_area_polygon_point__id:t="point10"
  battle_area_polygon_point__nextId:t="point1"
  battle_area_polygon_point__forBattleAreaId:t="area2"
}

entity{
  _template:t="normandy_level"
  level__blk:t="content/enlisted/levels/normandy_coastal_area_1x1.blk"
}

entity{
  _template:t="clouds_hole_target"
  transform:m=[[1.0, 0.0, 0.0] [0.0, 1.0, 0.0] [0.0, 0.0, 1.0] [0.0, 0.0, 0.0]]
}

entity{
  _template:t="minimap_normandy_coastal_area"
}

entity{
  _template:t="water"
  water__strength:r=0.27
}

entity{
  _template:t="wind"
  wind__strength:r=2.0
}

entity{
  _template:t="session_finalizer"
  session_finalizer__timer:r=10.0
}

entity{
  _template:t="door_mult_ent_generator"
  ri_extra_gen__blk:t="content/e_normandy/gamedata/normandy_doors.blk"
}

entity{
  _template:t="shaderVars"

  "shader_vars__vars:object"{
    hmap_displacement_up:r=0.3
    ocean1:c=142, 137, 71, 0
    ocean0:c=76, 63, 5, 0
    ocean_density:r=0.1
    land_selfillum_worldscale:r=0.9
    river1:c=142, 137, 71, 0
    river0:c=76, 63, 5, 0
    hmap_displacement_down:r=-0.15
    autodetect_land_selfillum_color:p4=0.53, 0.0, 0.0, 0.16
    paint_details_tex:t="normandy_wall_color_tex_palette*"
    puddle_increase:r=0.01
    land_selfillum_strength:r=32.0
    water_color_noise_size:r=71.0
    river_density:r=0.3
  }
}

entity{
  _template:t="postfx_color_grading_tonemap_death_alive_enlisted"
}

entity{
  _template:t="postfx_roundctrl"
}

entity{
  _template:t="enemy_attack_marker"
}

entity{
  _template:t="static_cam"
  camera__active:b=yes
  transform:m=[[0.96915, -0.000291186, -0.246469] [0.0325357, 0.991399, 0.126763] [0.244313, -0.130872, 0.960824] [-233.554, 51.8162, -54.1363]]
}

entity{
  _template:t="respawn_camera"
  respawnCameraForTeam:i=1
  moveCameraToHeight:r=170.0
  respawnSelectorDistanceMult:r=1.5
  transform:m=[[1.0, 0.0, 0.0] [0.0, 1.0, 0.0] [0.0, 0.0, 1.0] [229.434, 169.098, 36.6645]]
}

entity{
  _template:t="respawn_camera"
  respawnCameraForTeam:i=2
  moveCameraToHeight:r=170.0
  respawnSelectorDistanceMult:r=1.5
  transform:m=[[1.0, 0.0, 0.0] [0.0, 1.0, 0.0] [0.0, 0.0, 1.0] [-416.685, 195.954, -265.449]]
}

entity{
  _template:t="briefing_domination"
  mission_name:t="normandy_coast_city_dom"

  "loading_images:list<t>"{
    item:t="ui/normandy_coast_city_01.jpg"
    item:t="ui/normandy_coast_city_02.jpg"
    item:t="ui/normandy_coast_city_03.jpg"
  }
}

entity{
  _template:t="team_usa+team_narrator_domination+respawn_creators_team"
  team__id:i=1
  team__score:r=2500.0
  team__scoreCap:r=2500.0
  score_bleed__domBleed:r=4.0
  score_bleed__domBleedOn:b=no
  score_bleed__totalDomZoneCount:i=3
  score_bleed__totalDomBleedMul:r=2.0
  score_bleed__totalDomBleedOn:b=no
  team__briefing:t="domination/common_goals"
  team__numZonesCaptured:i=0
  team__deathPenalty:r=2.0
  team__spawnBotArmy:t="normandy_allies"
}

entity{
  _template:t="team_germany+team_narrator_domination+respawn_creators_team"
  team__id:i=2
  team__score:r=2500.0
  team__scoreCap:r=2500.0
  score_bleed__domBleed:r=4.0
  score_bleed__domBleedOn:b=no
  score_bleed__totalDomZoneCount:i=3
  score_bleed__totalDomBleedMul:r=2.0
  score_bleed__totalDomBleedOn:b=no
  team__briefing:t="domination/common_goals"
  team__numZonesCaptured:i=0
  team__deathPenalty:r=2.0
  team__spawnBotArmy:t="normandy_axis"
}

entity{
  _template:t="domination_sphere_capzone"
  transform:m=[[1.0, 0.0, 0.0] [0.0, 1.0, 0.0] [0.0, 0.0, 1.0] [-280.854, 30.7565, 96.5235]]
  capzone__title:t="A"
  capzone__caption:t="capzone/radar"
  ui_order:i=1
  sphere_zone__radius:r=16.0
  decal__height:r=1.5
  capzone__iconOffsetY:r=2.0
}

entity{
  _template:t="domination_sphere_capzone"
  transform:m=[[0.999971, -0.00761502, 0.0] [0.00760894, 0.999172, -0.0399697] [0.00030437, 0.0399686, 0.999201] [-155.419, 24.5704, 21.9055]]
  capzone__title:t="B"
  capzone__caption:t="capzone/church"
  ui_order:i=2
  sphere_zone__radius:r=17.0
  decal__height:r=0.5
  capzone__iconOffsetY:r=3.0
}

entity{
  _template:t="domination_sphere_capzone"
  transform:m=[[1.0, 0.0, 0.0] [0.0, 1.0, 0.0] [0.0, 0.0, 1.0] [-141.639, 20.7199, 162.528]]
  capzone__title:t="C"
  capzone__caption:t="capzone/coast_tower"
  ui_order:i=3
  sphere_zone__radius:r=15.5
  decal__height:r=3.5
  capzone__iconOffsetY:r=4.0
}

entity{
  _template:t="respawnChooser+respTeam1"
  transform:m=[[-0.996608, 0.0, -0.0822902] [0.0, 1.0, 0.0] [0.0822902, 0.0, -0.996608] [-49.6189, 15.3597, 76.612]]
}

entity{
  _template:t="respawnChooser+respTeam1"
  transform:m=[[-0.886954, 0.0854253, -0.45389] [0.0760463, 0.996345, 0.0389159] [-0.455555, 0.0, 0.890207] [-50.3874, 15.2299, 79.4556]]
}

entity{
  _template:t="respawnChooser+respTeam1"
  transform:m=[[-0.383189, 0.0, 0.92367] [0.0, 1.0, 0.0] [-0.92367, 0.0, -0.383189] [-53.2833, 15.3597, 71.727]]
}

entity{
  _template:t="respawnChooser+respTeam2"
  transform:m=[[-0.178451, 0.0854253, 0.980233] [0.0153002, 0.996345, -0.0840439] [0.983829, 0.0, 0.179107] [-270.326, 26.3678, -27.8205]]
}

entity{
  _template:t="respawnChooser+respTeam2"
  transform:m=[[0.968188, 0.0854253, 0.235192] [-0.0830111, 0.996345, -0.0201652] [0.236055, 0.0, -0.97174] [-268.284, 26.2829, -29.0298]]
}

entity{
  _template:t="respawnChooser+respTeam2"
  transform:m=[[0.996107, 0.0854253, 0.021763] [-0.0854049, 0.996345, -0.00186606] [0.0218441, 0.0, -0.999762] [-261.495, 25.8595, -31.2053]]
}

entity{
  _template:t="respawnChooser+respVehicle+vehicle_resp_soft_ground_collision"
  transform:m=[[-0.978079, 0.0854253, 0.189901] [0.0838592, 0.996345, -0.0162818] [0.190597, 0.0, 0.981669] [58.0546, 13.4452, 55.6342]]
  team:i=1
  maxVehicleOnSpawn:i=2
  respTime:i=120
}

entity{
  _template:t="respawnChooser+respVehicle+vehicle_resp_soft_ground_collision"
  transform:m=[[0.107442, 0.0854253, 0.990535] [-0.00921178, 0.996345, -0.0849271] [0.994169, 0.0, -0.107835] [-328.921, 23.8531, -111.897]]
  team:i=2
  maxVehicleOnSpawn:i=2
  respTime:i=120
}

entity{
  _template:t="resupply_for_ground_vehicle_zone"
  transform:m=[[0.885256, 0.0854253, 0.457192] [-0.0759006, 0.996345, -0.0391991] [0.45887, 0.0, -0.888504] [-3.75988, 13.7718, 7.96871]]
  resupply_zone__team:i=1
}

entity{
  _template:t="resupply_for_ground_vehicle_zone"
  transform:m=[[0.885256, 0.0854253, 0.457192] [-0.0759006, 0.996345, -0.0391991] [0.45887, 0.0, -0.888504] [-238.998, 21.8608, -109.957]]
  resupply_zone__team:i=2
}

entity{
  _template:t="respAircraftInAir"
  respawnbaseType:t="aircraft_fighter"
  transform:m=[[-0.975479, 0.0, 0.220091] [0.0, 1.0, 0.0] [-0.220091, 0.0, -0.975479] [1926.64, 1000.0, -201.798]]
  team:i=1
  maxVehicleOnSpawn:i=1
  respTime:i=120
}

entity{
  _template:t="respAircraftInAir"
  respawnbaseType:t="aircraft_assault"
  transform:m=[[-0.975479, 0.0, 0.220091] [0.0, 1.0, 0.0] [-0.220091, 0.0, -0.975479] [1926.64, 800.0, -201.798]]
  team:i=1
  maxVehicleOnSpawn:i=1
  respTime:i=120
}

entity{
  _template:t="respAircraftInAir"
  respawnbaseType:t="aircraft_fighter"
  transform:m=[[-0.975479, 0.0, 0.220091] [0.0, 1.0, 0.0] [-0.220091, 0.0, -0.975479] [1922.26, 1000.0, -352.323]]
  team:i=1
  maxVehicleOnSpawn:i=1
  respTime:i=120
}

entity{
  _template:t="respAircraftInAir"
  respawnbaseType:t="aircraft_assault"
  transform:m=[[-0.975479, 0.0, 0.220091] [0.0, 1.0, 0.0] [-0.220091, 0.0, -0.975479] [1884.13, 800.0, -375.609]]
  team:i=1
  maxVehicleOnSpawn:i=1
  respTime:i=120
}

entity{
  _template:t="resupply_in_air_zone"
  transform:m=[[-0.999999, 0.0, -0.000445871] [0.0, 1.0, 0.0] [0.000445871, 0.0, -0.999999] [1819.69, 1000.0, -2183.4]]
  resupply_zone__team:i=1
}

entity{
  _template:t="respAircraftInAir"
  respawnbaseType:t="aircraft_fighter"
  transform:m=[[0.906698, 0.0, -0.421782] [0.0, 1.0, 0.0] [0.421782, 0.0, 0.906698] [-2406.24, 1023.92, 29.3383]]
  team:i=2
  maxVehicleOnSpawn:i=1
  respTime:i=120
}

entity{
  _template:t="respAircraftInAir"
  respawnbaseType:t="aircraft_assault"
  transform:m=[[0.906698, 0.0, -0.421782] [0.0, 1.0, 0.0] [0.421782, 0.0, 0.906698] [-2370.97, 823.92, 203.015]]
  team:i=2
  maxVehicleOnSpawn:i=1
  respTime:i=120
}

entity{
  _template:t="respAircraftInAir"
  respawnbaseType:t="aircraft_fighter"
  transform:m=[[0.906698, 0.0, -0.421782] [0.0, 1.0, 0.0] [0.421782, 0.0, 0.906698] [-2367.72, 1023.92, 181.158]]
  team:i=2
  maxVehicleOnSpawn:i=1
  respTime:i=120
}

entity{
  _template:t="respAircraftInAir"
  respawnbaseType:t="aircraft_assault"
  transform:m=[[0.906698, 0.0, -0.421782] [0.0, 1.0, 0.0] [0.421782, 0.0, 0.906698] [-2406.24, 823.92, 29.3383]]
  team:i=2
  maxVehicleOnSpawn:i=1
  respTime:i=120
}

entity{
  _template:t="resupply_in_air_zone"
  transform:m=[[0.327869, 0.0, -0.944724] [0.0, 1.0, 0.0] [0.944724, 0.0, 0.327869] [-2778.11, 1023.92, -1496.4]]
  resupply_zone__team:i=2
}

entity{
  _template:t="aircraft_box_battle_area"
  transform:m=[[11269.8, 0.0, -1003.34] [0.0, 8000.03, 0.0] [1002.81, 0.0, 11269.8] [-194.512, 240.916, 77.5836]]
  battle_area__team:i=-1
}

entity{
  _template:t="willys_mb"
  transform:m=[[0.156676, -0.111202, 0.98137] [0.0427966, 0.993472, 0.105741] [-0.986722, 0.0254322, 0.160412] [-62.5975, 14.5494, 95.429]]
}

entity{
  _template:t="willys_mb"
  transform:m=[[-0.99315, 0.0525914, -0.104345] [0.059798, 0.995947, -0.0671817] [0.100389, -0.0729611, -0.992269] [-91.2416, 21.3862, -2.74904]]
}

entity{
  _template:t="vw_kubelwagen"
  transform:m=[[0.642533, 0.0090634, 0.766204] [0.0886062, 0.992343, -0.0860429] [-0.761118, 0.123176, 0.63681] [-297.536, 25.6109, 7.23293]]
}

entity{
  _template:t="vw_kubelwagen"
  transform:m=[[0.0232245, 0.0611499, 0.997858] [0.00333466, 0.998117, -0.0612434] [-0.999725, 0.00474986, 0.0229768] [-228.058, 24.9621, -24.5759]]
}

entity{
  _template:t="opel_blitz_kfz_305"
  transform:m=[[0.565917, -0.161703, -0.808449] [0.0862371, 0.986808, -0.137011] [0.81994, 0.00781858, 0.572396] [-271.776, 30.5615, 100.13]]
}

entity{
  _template:t="respawnChooser+respMotorcycle"
  transform:m=[[-0.978079, 0.0854253, 0.189901] [0.0838592, 0.996345, -0.0162818] [0.190597, 0.0, 0.981669] [58.0546, 13.4452, 55.6342]]
  team:i=1
}

entity{
  _template:t="respawnChooser+respMotorcycle"
  transform:m=[[0.107442, 0.0854253, 0.990535] [-0.00921178, 0.996345, -0.0849271] [0.994169, 0.0, -0.107835] [-328.921, 23.8531, -111.897]]
  team:i=2
}