import{
  scene:t="content/enlisted/gamedata/scenes/_normandy_sounds.blk"
}

import{
  scene:t="content/enlisted/gamedata/scenes/_normandy_shore_sound.blk"
}

import{
  scene:t="content/enlisted/gamedata/scenes/_normandy_beach_fortified_biom_fx.blk"
}

entity{
  _template:t="static_cam"
  camera__active:b=yes
  transform:m=[[0.0, 0.0, -1.0] [0.0, 1.0, 0.0] [1.0, 0.0, 0.0] [-50.0, 10.0, 300.0]]
}

entity{
  _template:t="level"
  level__blk:t="content/enlisted/levels/normandy_beach_fortified_1x1.blk"
  level__timeRange:p2=5.0, 19.2

  "level__weatherChoice:object"{
    weather_cloudy_d:r=1.0
  }

  "level__timeVec:array"{
    level_timeVec:r=6.5
    level_timeVec:r=7.5
    level_timeVec:r=8.5
    level_timeVec:r=17.0
    level_timeVec:r=18.0
  }
}

entity{
  _template:t="minimap_normandy_beach_fortified"
}

entity{
  _template:t="water"
  water__strength:r=1.3
}

entity{
  _template:t="wind"
  wind__strength:r=2.0
}

entity{
  _template:t="postfx_color_grading_tonemap_death_alive_enlisted"
}

entity{
  _template:t="session_timer"
  session_timer__time_left:r=2400.0
}

entity{
  _template:t="session_finalizer"
  session_finalizer__timer:r=10.0
}

entity{
  _template:t="group_activator"

  "activator__activateChoice:object"{
    1_3:r=1.0
  }
}

entity{
  _template:t="shaderVars"

  "shader_vars__vars:object"{
    river1:c=142, 137, 71, 0
    river0:c=76, 63, 5, 0
    river_density:r=0.3
    hmap_displacement_down:r=-0.15
    water_color_noise_size:r=71.0
    ocean1:c=142, 137, 71, 0
    ocean0:c=76, 63, 5, 0
    ocean_density:r=0.1
    hmap_displacement_up:r=0.3
    paint_details_tex:t="normandy_wall_color_tex_palette*"
  }
}

entity{
  _template:t="postfx_roundctrl"
}

entity{
  _template:t="team_usa+team_narrator_invasion_attack"
  team__memberCount:r=0.0
  team__scoreCap:r=2000.0
  team__score:r=2000.0
  team__squadSpawnCost:i=250
  team__firstSpawnCostMul:r=0.0
  team__zeroScoreFailTimer:r=60.0
  team__botTemplate:t="usa_npc_summer_soldier_1"
  team__id:i=1
  team__briefing:t="invasion/attackers_goals"
  team__winSubtitle:t="debriefing/won_invasion_subtitle"
  team__loseSubtitle:t="debriefing/lost_invasion_subtitle"
  team__winTitle:t="debriefing/normandy/usa_won_invasion_title"
  team__spawnBotArmy:t="normandy_allies"
}

entity{
  _template:t="team_germany+team_narrator_invasion_defence"
  team__countAdd:r=0.5
  team__memberCount:r=0.5
  team__scoreCap:r=5000.0
  team__capturePenalty:r=1001.0
  team__score:r=5000.0
  team__botTemplate:t="ger_npc_summer_soldier_1"
  team__id:i=2
  team__briefing:t="invasion/defenders_goals"
  team__winSubtitle:t="debriefing/won_defence_subtitle"
  team__loseSubtitle:t="debriefing/lost_defence_subtitle"
  team__winTitle:t="debriefing/normandy/ger_won_defence_title"
  team__spawnBotArmy:t="normandy_axis"
}

entity{
  _template:t="respawnBase"
  transform:m=[[0.232013, 0.0, -0.972713] [0.0, 1.0, 0.0] [0.972713, 0.0, 0.232013] [-299.148, 59.9725, -23.5969]]
  groupName:t="6_r"
  team:i=1
  active:b=no
}

entity{
  _template:t="respawnBase"
  transform:m=[[0.232013, 0.0, -0.972713] [0.0, 1.0, 0.0] [0.972713, 0.0, 0.232013] [-311.007, 69.8041, -87.7528]]
  groupName:t="7_r"
  team:i=1
  active:b=no
}

entity{
  _template:t="respawnBase"
  transform:m=[[-0.767477, 0.0, 0.641076] [0.0, 1.0, 0.0] [-0.641076, 0.0, -0.767478] [-201.038, 72.0435, -141.59]]
  groupName:t="7_r"
  team:i=2
  active:b=no
}

entity{
  _template:t="respawnBase"
  transform:m=[[0.676521, 0.0, 0.736423] [0.0, 1.0, 0.0] [-0.736423, 0.0, 0.676521] [-219.818, 71.9553, -182.69]]
  groupName:t="7_r"
  team:i=2
  active:b=no
}

entity{
  _template:t="respawnBase"
  transform:m=[[-0.822661, 0.0, -0.568533] [0.0, 1.0, 0.0] [0.568533, 0.0, -0.822661] [-211.961, 71.9553, -121.738]]
  groupName:t="7_r"
  team:i=2
  active:b=no
}

entity{
  _template:t="respawnBase"
  transform:m=[[0.639315, 0.0, 0.768945] [0.0, 1.0, 0.0] [-0.768945, -0.0, 0.639315] [-23.9328, 9.50692, 164.406]]
  team:i=2
  groupName:t="1_2"
  active:b=no
}

entity{
  _template:t="respawnBase"
  transform:m=[[0.0394132, 0.0, -0.999223] [0.0, 1.0, 0.0] [0.999223, -0.0, 0.0394132] [11.7386, 7.80158, 220.025]]
  groupName:t="2_1"
  team:i=1
  active:b=no
}

entity{
  _template:t="respawnBase"
  transform:m=[[0.999579, 0.0, 0.0290323] [0.0, 1.0, 0.0] [-0.0290323, 0.0, 0.999579] [-62.8707, 20.6131, 125.354]]
  groupName:t="2_2"
  team:i=2
  active:b=no
}

entity{
  _template:t="respawnBase"
  transform:m=[[0.0394132, 0.0, -0.999223] [0.0, 1.0, 0.0] [0.999223, -0.0, 0.0394132] [11.7386, 7.80158, 220.025]]
  groupName:t="2_2"
  team:i=1
  active:b=no
}

entity{
  _template:t="respawnBase"
  transform:m=[[-0.450634, 0.0, 0.892708] [0.0, 1.0, 0.0] [-0.892708, 0.0, -0.450634] [26.2262, 21.3852, 2.40907]]
  groupName:t="3_1"
  team:i=2
  active:b=no
}

entity{
  _template:t="respawnBase"
  transform:m=[[0.380519, 0.0, -0.924773] [0.0, 1.0, 0.0] [0.924774, 0.0, 0.380518] [-64.9407, 21.0556, 126.373]]
  groupName:t="3_1"
  team:i=1
  active:b=no
}

entity{
  _template:t="respawnBase"
  transform:m=[[0.159452, 0.0, -0.987206] [0.0, 1.0, 0.0] [0.987206, -0.0, 0.159452] [19.0225, 20.1965, 32.8638]]
  groupName:t="4_1"
  team:i=1
  active:b=no
}

entity{
  _template:t="respawnBase"
  transform:m=[[0.227848, 0.0, 0.973697] [0.0, 1.0, 0.0] [-0.973697, 0.0, 0.227848] [3.13614, 46.6792, -95.2512]]
  groupName:t="4_1"
  team:i=2
  active:b=no
}

entity{
  _template:t="respawnBase"
  transform:m=[[-0.0393373, 0.0, 0.999226] [0.0, 1.0, 0.0] [-0.999226, -0.0, -0.0393373] [-12.2565, 65.1492, -161.607]]
  groupName:t="5_1"
  team:i=2
  active:b=no
}

entity{
  _template:t="respawnBase"
  transform:m=[[0.964483, 0.0, 0.264146] [0.0, 1.0, 0.0] [-0.264146, -0.0, 0.964483] [3.38387, 25.7891, -25.6903]]
  groupName:t="5_1"
  team:i=1
  active:b=no
}

entity{
  _template:t="respawnBase"
  transform:m=[[0.66814, 0.0, -0.744036] [0.0, 1.0, 0.0] [0.744037, 0.0, 0.668139] [2.79958, 46.8347, -93.553]]
  groupName:t="6_1"
  team:i=1
  active:b=no
}

entity{
  _template:t="respawnBase"
  transform:m=[[0.00885709, 0.0, 0.99996] [0.0, 1.0, 0.0] [-0.99996, 0.0, 0.00885709] [-4.74305, 66.7738, -254.477]]
  groupName:t="6_1"
  team:i=2
  active:b=no
}

entity{
  _template:t="respawnBase"
  transform:m=[[0.229659, 0.0, 0.973271] [0.0, 1.0, 0.0] [-0.973271, -0.0, 0.229659] [29.3341, 65.628, -268.375]]
  groupName:t="6_2"
  team:i=2
  active:b=no
}

entity{
  _template:t="respawnBase"
  transform:m=[[-0.0578917, 0.0, -0.998323] [0.0, 1.0, 0.0] [0.998323, -0.0, -0.0578917] [66.2222, 69.675, -208.085]]
  groupName:t="7_2_1"
  team:i=1
  active:b=no
}

entity{
  _template:t="respawnBase"
  transform:m=[[0.969149, 0.0, 0.246476] [0.0, 1.0, 0.0] [-0.246476, -0.0, 0.969149] [-18.0256, 70.0336, -296.642]]
  groupName:t="7_2_1"
  team:i=2
  active:b=no
}

entity{
  _template:t="respawnBase"
  transform:m=[[-0.481723, 0.0, -0.876324] [0.0, 1.0, 0.0] [0.876324, -0.0, -0.481723] [9.1826, 66.1984, -265.968]]
  groupName:t="8_2_1"
  team:i=1
  active:b=no
}

entity{
  _template:t="respawnBase"
  transform:m=[[0.0153452, 0.0, 0.999882] [0.0, 1.0, 0.0] [-0.999882, 0.0, 0.0153452] [-6.35544, 69.7918, -380.883]]
  groupName:t="8_2_1"
  team:i=2
  active:b=no
}

entity{
  _template:t="respawnBase"
  transform:m=[[0.702609, 0.0, 0.711576] [0.0, 1.0, 0.0] [-0.711576, 0.0, 0.702609] [-6.16217, 70.0105, -382.187]]
  groupName:t="8_2_2"
  team:i=2
  active:b=no
}

entity{
  _template:t="respawnBase"
  transform:m=[[0.639315, 0.0, 0.768945] [0.0, 1.0, 0.0] [-0.768945, -0.0, 0.639315] [76.6356, 9.67225, 213.021]]
  team:i=2
  groupName:t="1_2"
  active:b=no
}

entity{
  _template:t="respawnBase"
  transform:m=[[-0.0393373, 0.0, 0.999226] [0.0, 1.0, 0.0] [-0.999226, -0.0, -0.0393373] [87.2899, 67.4808, -158.302]]
  groupName:t="5_1"
  team:i=2
  active:b=no
}

entity{
  _template:t="respawnBase"
  transform:m=[[-0.99981, 0.0, -0.0195086] [0.0, 1.0, 0.0] [0.0195086, 0.0, -0.99981] [39.6568, 68.3222, -301.45]]
  groupName:t="7_2_1"
  team:i=2
  active:b=no
}

entity{
  _template:t="respawnBase"
  transform:m=[[0.78186, 0.0, -0.623455] [0.0, 1.0, 0.0] [0.623455, 0.0, 0.78186] [155.341, 68.6705, -159.731]]
  groupName:t="8_3"
  team:i=1
  active:b=no
}

entity{
  _template:t="respawnBase"
  transform:m=[[0.997324, 0.0, -0.0731078] [0.0, 1.0, 0.0] [0.0731078, 0.0, 0.997324] [231.595, 67.9814, -221.333]]
  groupName:t="9_3"
  team:i=1
  active:b=no
}

entity{
  _template:t="respawnBase"
  transform:m=[[0.0685626, 0.0, 0.997647] [0.0, 1.0, 0.0] [-0.997647, 0.0, 0.0685626] [286.506, 70.039, -259.542]]
  groupName:t="9_3"
  team:i=2
  active:b=no
}

entity{
  _template:t="respawnBase"
  transform:m=[[-0.704793, 0.0, -0.709413] [0.0, 1.0, 0.0] [0.709413, 0.0, -0.704793] [314.667, 68.7418, -211.779]]
  groupName:t="9_3"
  team:i=2
  active:b=no
}

entity{
  _template:t="respawnBase"
  transform:m=[[-0.704793, 0.0, -0.709413] [0.0, 1.0, 0.0] [0.709413, 0.0, -0.704793] [287.618, 68.6998, -193.428]]
  groupName:t="9_3"
  team:i=2
  active:b=no
}

entity{
  _template:t="respawnBase"
  transform:m=[[0.657354, 0.0, -0.753581] [0.0, 1.0, 0.0] [0.753581, 0.0, 0.657354] [-322.02, 70.0577, -97.4396]]
  groupName:t="9_1_1"
  team:i=2
  active:b=no
}

entity{
  _template:t="respawnBase"
  transform:m=[[0.999819, 0.0, 0.0190284] [0.0, 1.0, 0.0] [-0.0190284, 0.0, 0.999819] [202.343, 68.2413, -151.524]]
  groupName:t="6_3_3"
  team:i=2
  active:b=no
}

entity{
  _template:t="respawnBase"
  transform:m=[[-0.789837, 0.0, 0.613317] [0.0, 1.0, 0.0] [-0.613317, 0.0, -0.789837] [172.179, 10.4284, 234.396]]
  team:i=2
  groupName:t="1_1"
  active:b=no
}

entity{
  _template:t="respawnBase"
  transform:m=[[0.96168, 0.0, 0.274174] [0.0, 1.0, 0.0] [-0.274174, -0.0, 0.96168] [168.963, 66.016, -111.383]]
  groupName:t="5_3"
  team:i=2
  active:b=no
}

entity{
  _template:t="respawnBase"
  transform:m=[[-0.994479, 0.0, 0.104938] [0.0, 1.0, 0.0] [-0.104938, -0.0, -0.994479] [317.636, 68.7241, -201.304]]
  groupName:t="6_3_3"
  team:i=2
  active:b=no
}

entity{
  _template:t="respawnBase"
  transform:m=[[0.0756243, 0.0, 0.997136] [0.0, 1.0, 0.0] [-0.997136, 0.0, 0.0756243] [-7.12095, 70.0336, -382.994]]
  groupName:t="7_2_1"
  team:i=2
  active:b=no
}

entity{
  _template:t="respawnBase"
  transform:m=[[0.744411, 0.0, -0.667722] [0.0, 1.0, 0.0] [0.667722, 0.0, 0.744411] [-92.0057, 66.2761, -252.493]]
  groupName:t="7_2_2"
  team:i=2
  active:b=no
}

entity{
  _template:t="respawnBase"
  transform:m=[[-0.927743, 0.0, -0.37322] [0.0, 1.0, 0.0] [0.37322, 0.0, -0.927743] [238.189, 68.3597, -227.605]]
  groupName:t="7_3"
  team:i=2
  active:b=no
}

entity{
  _template:t="respawnBase"
  transform:m=[[0.059004, 0.0, 0.998258] [0.0, 1.0, 0.0] [-0.998258, 0.0, 0.059004] [316.809, 69.8956, -231.471]]
  groupName:t="7_3_3"
  team:i=2
  active:b=no
}

entity{
  _template:t="respawnBase"
  transform:m=[[0.679201, 0.0, 0.733952] [0.0, 1.0, 0.0] [-0.733952, 0.0, 0.679201] [270.092, 68.5462, -237.075]]
  groupName:t="7_3_3"
  team:i=2
  active:b=no
}

entity{
  _template:t="respawnBase"
  transform:m=[[0.71063, 0.0, 0.703566] [0.0, 1.0, 0.0] [-0.703566, 0.0, 0.71063] [-326.556, 71.7441, -155.6]]
  groupName:t="6_r"
  team:i=2
  active:b=no
}

entity{
  _template:t="respawnBase"
  transform:m=[[-0.481723, 0.0, -0.876324] [0.0, 1.0, 0.0] [0.876324, -0.0, -0.481723] [-8.70624, 69.0439, -336.39]]
  groupName:t="9_2_1"
  team:i=1
  active:b=no
}

entity{
  _template:t="respawnBase"
  transform:m=[[0.155776, 0.0, 0.987792] [0.0, 1.0, 0.0] [-0.987792, 0.0, 0.155776] [-131.06, 70.9939, -347.118]]
  groupName:t="9_2_1"
  team:i=2
  active:b=no
}

entity{
  _template:t="respawnBase"
  transform:m=[[-0.999681, 0.0, -0.0252872] [0.0, 1.0, 0.0] [0.0252872, 0.0, -0.999681] [85.8148, 21.2941, 128.439]]
  groupName:t="2_1"
  team:i=2
  active:b=no
}

entity{
  _template:t="respawnBase"
  transform:m=[[0.987795, 0.0, 0.155753] [0.0, 1.0, 0.0] [-0.155753, 0.0, 0.987795] [-25.0319, 27.9541, -3.59005]]
  groupName:t="3_2"
  team:i=2
  active:b=no
}

entity{
  _template:t="respawnBase"
  transform:m=[[0.964483, 0.0, 0.264146] [0.0, 1.0, 0.0] [-0.264146, -0.0, 0.964483] [4.0245, 26.059, -25.7131]]
  groupName:t="5_2"
  team:i=1
  active:b=no
}

entity{
  _template:t="respawnBase"
  transform:m=[[-0.0393373, 0.0, 0.999226] [0.0, 1.0, 0.0] [-0.999226, -0.0, -0.0393373] [64.3438, 63.1151, -146.634]]
  groupName:t="5_2"
  team:i=2
  active:b=no
}

entity{
  _template:t="respawnBase"
  transform:m=[[-0.0393373, 0.0, 0.999226] [0.0, 1.0, 0.0] [-0.999226, -0.0, -0.0393373] [-9.63781, 64.3323, -148.091]]
  groupName:t="5_2"
  team:i=2
  active:b=no
}

entity{
  _template:t="respawnBase"
  transform:m=[[-0.95862, 0.0, -0.284691] [0.0, 1.0, 0.0] [0.284691, 0.0, -0.95862] [18.7714, 20.1965, 32.84]]
  groupName:t="4_2"
  team:i=1
  active:b=no
}

entity{
  _template:t="respawnBase"
  transform:m=[[0.227848, 0.0, 0.973697] [0.0, 1.0, 0.0] [-0.973697, 0.0, 0.227848] [2.84529, 46.6792, -94.9564]]
  groupName:t="4_2"
  team:i=2
  active:b=no
}

entity{
  _template:t="respawnBase"
  transform:m=[[0.66814, 0.0, -0.744036] [0.0, 1.0, 0.0] [0.744037, 0.0, 0.668139] [3.081, 46.8347, -93.9533]]
  groupName:t="6_2"
  team:i=1
  active:b=no
}

entity{
  _template:t="respawnBase"
  transform:m=[[0.66814, 0.0, -0.744036] [0.0, 1.0, 0.0] [0.744037, 0.0, 0.668139] [3.48801, 46.8347, -93.4709]]
  groupName:t="6_3"
  team:i=1
  active:b=no
}

entity{
  _template:t="respawnBase"
  transform:m=[[0.229659, 0.0, 0.973271] [0.0, 1.0, 0.0] [-0.973271, -0.0, 0.229659] [29.3788, 65.628, -268.395]]
  groupName:t="6_3"
  team:i=2
  active:b=no
}

entity{
  _template:t="respawnBase"
  transform:m=[[0.479558, 0.0, -0.87751] [0.0, 1.0, 0.0] [0.87751, 0.0, 0.479558] [62.3586, 69.7309, -199.71]]
  groupName:t="7_2_2"
  team:i=1
  active:b=no
}

entity{
  _template:t="respawnBase"
  transform:m=[[-0.198624, 0.0, 0.980076] [0.0, 1.0, 0.0] [-0.980076, 0.0, -0.198624] [-37.802, 69.4935, -317.623]]
  groupName:t="7_2_2"
  team:i=2
  active:b=no
}

entity{
  _template:t="respawnBase"
  transform:m=[[-0.613721, 0.0, -0.789523] [0.0, 1.0, 0.0] [0.789523, 0.0, -0.613721] [118.371, 67.6672, -290.205]]
  groupName:t="8_2_2"
  team:i=1
  active:b=no
}

entity{
  _template:t="respawnBase"
  transform:m=[[-0.295408, 0.0, 0.955371] [0.0, 1.0, 0.0] [-0.955371, 0.0, -0.295408] [-2.6218, 65.7424, -170.997]]
  groupName:t="7_1_1"
  team:i=1
  active:b=no
}

entity{
  _template:t="respawnBase"
  transform:m=[[0.739114, 0.0, -0.673581] [0.0, 1.0, 0.0] [0.673581, 0.0, 0.739114] [-127.853, 69.7023, -106.0]]
  groupName:t="7_1_1"
  team:i=2
  active:b=no
}

entity{
  _template:t="respawnBase"
  transform:m=[[0.969149, 0.0, 0.246476] [0.0, 1.0, 0.0] [-0.246476, -0.0, 0.969149] [-248.537, 70.8991, -116.19]]
  groupName:t="8_1_1"
  team:i=2
  active:b=no
}

entity{
  _template:t="respawnBase"
  transform:m=[[-0.295408, 0.0, 0.955371] [0.0, 1.0, 0.0] [-0.955371, 0.0, -0.295408] [-100.598, 69.1649, -180.821]]
  groupName:t="8_1_1"
  team:i=1
  active:b=no
}

entity{
  _template:t="respawnBase"
  transform:m=[[0.429132, 0.0, 0.903242] [0.0, 1.0, 0.0] [-0.903242, 0.0, 0.429132] [-307.191, 72.0755, -144.717]]
  groupName:t="9_1_1"
  team:i=2
  active:b=no
}

entity{
  _template:t="respawnBase"
  transform:m=[[-0.858898, 0.0, -0.512147] [0.0, 1.0, 0.0] [0.512147, 0.0, -0.858898] [-208.79, 71.5895, -97.5615]]
  groupName:t="9_1_1"
  team:i=1
  active:b=no
}

entity{
  _template:t="respawnBase"
  transform:m=[[0.999584, 0.0, 0.0288364] [0.0, 1.0, 0.0] [-0.0288364, 0.0, 0.999584] [-84.3755, 63.4998, -286.571]]
  groupName:t="9_2_2"
  team:i=2
  active:b=no
}

entity{
  _template:t="respawnBase"
  transform:m=[[-0.991052, 0.0, -0.133482] [0.0, 1.0, 0.0] [0.133482, 0.0, -0.991052] [5.74062, 69.4719, -332.229]]
  groupName:t="9_2_2"
  team:i=1
  active:b=no
}

entity{
  _template:t="respawnBase"
  transform:m=[[-0.295408, 0.0, 0.955371] [0.0, 1.0, 0.0] [-0.955371, 0.0, -0.295408] [-100.598, 69.1649, -180.821]]
  groupName:t="8_1_2"
  team:i=1
  active:b=no
}

entity{
  _template:t="respawnBase"
  transform:m=[[0.969149, 0.0, 0.246476] [0.0, 1.0, 0.0] [-0.246476, -0.0, 0.969149] [-248.537, 70.8991, -116.19]]
  groupName:t="8_1_2"
  team:i=2
  active:b=no
}

entity{
  _template:t="respawnBase"
  transform:m=[[-0.450634, 0.0, 0.892708] [0.0, 1.0, 0.0] [-0.892708, 0.0, -0.450634] [130.211, 58.3684, 25.1713]]
  groupName:t="3_3"
  team:i=2
  active:b=no
}

entity{
  _template:t="respawnBase"
  transform:m=[[-0.702067, 0.0, -0.71211] [0.0, 1.0, 0.0] [0.71211, 0.0, -0.702069] [82.2912, 20.9879, 126.218]]
  groupName:t="3_3"
  team:i=1
  active:b=no
}

entity{
  _template:t="respawnBase"
  transform:m=[[-0.56244, 0.0, -0.826839] [0.0, 1.0, 0.0] [0.826839, 0.0, -0.56244] [114.033, 55.316, 31.8597]]
  groupName:t="4_3"
  team:i=1
  active:b=no
}

entity{
  _template:t="respawnBase"
  transform:m=[[-0.949495, 0.0, 0.313784] [0.0, 1.0, 0.0] [-0.313784, 0.0, -0.949495] [115.59, 61.9518, -75.1252]]
  groupName:t="4_3"
  team:i=2
  active:b=no
}

entity{
  _template:t="respawnBase"
  transform:m=[[0.732681, 0.0, -0.680573] [0.0, 1.0, 0.0] [0.680573, 0.0, 0.732681] [121.755, 65.8657, -18.5965]]
  groupName:t="5_3"
  team:i=1
  active:b=no
}

entity{
  _template:t="respawnBase"
  transform:m=[[-0.757501, 0.0, 0.652833] [0.0, 1.0, 0.0] [-0.652833, -0.0, -0.757501] [239.568, 67.4906, -129.559]]
  groupName:t="5_3"
  team:i=2
  active:b=no
}

entity{
  _template:t="respawnBase"
  transform:m=[[0.0589998, 0.0, -0.998258] [0.0, 1.0, 0.0] [0.998259, 0.0, 0.0590006] [196.8, 67.2945, -90.9894]]
  groupName:t="6_3_3"
  team:i=1
  active:b=no
}

entity{
  _template:t="respawnBase"
  transform:m=[[-0.994479, 0.0, 0.104938] [0.0, 1.0, 0.0] [-0.104938, -0.0, -0.994479] [326.175, 68.4218, -158.311]]
  groupName:t="6_3_3"
  team:i=2
  active:b=no
}

entity{
  _template:t="respawnBase"
  transform:m=[[0.955038, 0.0, -0.296484] [0.0, 1.0, 0.0] [0.296485, -0.0, 0.955038] [286.588, 68.7619, -164.926]]
  groupName:t="7_3_3"
  team:i=1
  active:b=no
}

entity{
  _template:t="respawnBase"
  transform:m=[[0.290446, 0.0, 0.956891] [0.0, 1.0, 0.0] [-0.956891, 0.0, 0.290446] [287.079, 69.8956, -260.172]]
  groupName:t="7_3_3"
  team:i=2
  active:b=no
}

entity{
  _template:t="respawnBase"
  transform:m=[[-0.818794, 0.0, -0.574088] [0.0, 1.0, 0.0] [0.574088, 0.0, -0.818794] [337.77, 68.1956, -151.306]]
  groupName:t="8_3_3"
  team:i=1
  active:b=no
}

entity{
  _template:t="respawnBase"
  transform:m=[[0.0806439, 0.0, 0.996743] [0.0, 1.0, 0.0] [-0.996743, 0.0, 0.0806439] [285.603, 69.9386, -258.417]]
  groupName:t="8_3_3"
  team:i=2
  active:b=no
}

entity{
  _template:t="respawnBase"
  transform:m=[[-0.818794, 0.0, -0.574088] [0.0, 1.0, 0.0] [0.574088, 0.0, -0.818794] [300.805, 68.6482, -214.986]]
  groupName:t="9_3_3"
  team:i=1
  active:b=no
}

entity{
  _template:t="respawnBase"
  transform:m=[[0.905243, 0.0, -0.424894] [0.0, 1.0, 0.0] [0.424894, 0.0, 0.905243] [179.575, 67.3844, -213.605]]
  groupName:t="9_3_3"
  team:i=2
  active:b=no
}

entity{
  _template:t="respawnBase"
  transform:m=[[0.155776, 0.0, 0.987792] [0.0, 1.0, 0.0] [-0.987792, 0.0, 0.155776] [-130.804, 69.0233, -290.433]]
  groupName:t="9_2_1"
  team:i=2
  active:b=no
}

entity{
  _template:t="respawnBase"
  transform:m=[[0.639315, 0.0, 0.768945] [0.0, 1.0, 0.0] [-0.768945, -0.0, 0.639315] [76.6356, 9.73295, 213.021]]
  team:i=2
  groupName:t="1_1"
  active:b=no
}

entity{
  _template:t="respawnBase"
  transform:m=[[-0.969977, 0.0, 0.243199] [0.0, 1.0, 0.0] [-0.243199, 0.0, -0.969977] [77.8521, 9.66129, 211.449]]
  team:i=2
  groupName:t="1_3"
  active:b=no
}

entity{
  _template:t="respawnBase"
  transform:m=[[0.85626, 0.0, 0.516545] [0.0, 1.0, 0.0] [-0.516545, 0.0, 0.85626] [-29.9615, 16.956, 123.559]]
  team:i=2
  groupName:t="1_3"
  active:b=no
}

entity{
  _template:t="respawnBase"
  transform:m=[[0.0394132, 0.0, -0.999223] [0.0, 1.0, 0.0] [0.999223, -0.0, 0.0394132] [115.74, 6.64228, 271.03]]
  groupName:t="2_l"
  team:i=1
  active:b=no
}

entity{
  _template:t="respawnBase"
  transform:m=[[-0.999681, 0.0, -0.0252872] [0.0, 1.0, 0.0] [0.0252872, 0.0, -0.999681] [85.8148, 21.2941, 128.439]]
  groupName:t="2_l"
  team:i=2
  active:b=no
}

entity{
  _template:t="respawnBase"
  transform:m=[[-0.450634, 0.0, 0.892708] [0.0, 1.0, 0.0] [-0.892708, 0.0, -0.450634] [-116.159, 55.518, 60.9286]]
  groupName:t="3_r"
  team:i=2
  active:b=no
}

entity{
  _template:t="respawnBase"
  transform:m=[[0.991796, 0.0, -0.127824] [0.0, 1.0, 0.0] [0.127825, 0.0, 0.991797] [-25.3433, 9.52962, 169.288]]
  groupName:t="3_r"
  team:i=1
  active:b=no
}

entity{
  _template:t="respawnBase"
  transform:m=[[-0.321057, 0.0, -0.947061] [0.0, 1.0, 0.0] [0.947061, 0.0, -0.321057] [-115.416, 55.2836, 60.1365]]
  groupName:t="4_r"
  team:i=1
  active:b=no
}

entity{
  _template:t="respawnBase"
  transform:m=[[0.990747, 0.0, -0.135721] [0.0, 1.0, 0.0] [0.135721, 0.0, 0.990747] [-219.733, 61.4095, -21.3269]]
  groupName:t="4_r"
  team:i=2
  active:b=no
}

entity{
  _template:t="respawnBase"
  transform:m=[[-0.912579, 0.0, -0.408901] [0.0, 1.0, 0.0] [0.408901, 0.0, -0.912579] [-191.001, 60.1812, 15.7541]]
  groupName:t="5_r"
  team:i=1
  active:b=no
}

entity{
  _template:t="respawnBase"
  transform:m=[[0.751438, 0.0, -0.659804] [0.0, 1.0, 0.0] [0.659804, -0.0, 0.751438] [-326.279, 61.0239, -6.53832]]
  groupName:t="5_r"
  team:i=2
  active:b=no
}

entity{
  _template:t="respawnBase"
  transform:m=[[0.955038, 0.0, -0.296484] [0.0, 1.0, 0.0] [0.296485, -0.0, 0.955038] [80.3781, 67.7128, -180.382]]
  groupName:t="7_3"
  team:i=1
  active:b=no
}

entity{
  _template:t="respawnBase"
  transform:m=[[-0.927743, 0.0, -0.37322] [0.0, 1.0, 0.0] [0.37322, 0.0, -0.927743] [212.145, 68.6398, -186.072]]
  groupName:t="7_3"
  team:i=2
  active:b=no
}

entity{
  _template:t="respawnBase"
  transform:m=[[0.0806439, 0.0, 0.996743] [0.0, 1.0, 0.0] [-0.996743, 0.0, 0.0806439] [285.371, 69.9386, -258.417]]
  groupName:t="8_3"
  team:i=2
  active:b=no
}

entity{
  _template:t="respawnBase"
  transform:m=[[0.0107133, 0.0, -0.999942] [0.0, 1.0, 0.0] [0.999943, 0.0, 0.0107126] [7.79284, 0.575405, 374.888]]
  groupName:t="1_3"
  team:i=1
  active:b=no
}

entity{
  _template:t="respawnBase"
  transform:m=[[0.134777, 0.0, -0.990875] [0.0, 1.0, 0.0] [0.990876, 0.0, 0.134776] [-23.9395, 0.575405, 361.164]]
  groupName:t="1_3"
  team:i=1
  active:b=no
}

entity{
  _template:t="respawnBase"
  transform:m=[[0.134777, 0.0, -0.990875] [0.0, 1.0, 0.0] [0.990876, 0.0, 0.134776] [-53.6927, 0.575405, 356.91]]
  groupName:t="1_3"
  team:i=1
  active:b=no
}

entity{
  _template:t="respawnBase"
  transform:m=[[0.134777, 0.0, -0.990875] [0.0, 1.0, 0.0] [0.990876, 0.0, 0.134776] [-38.6891, 0.575405, 359.346]]
  groupName:t="1_3"
  team:i=1
  active:b=no
}

entity{
  _template:t="respawnBase"
  transform:m=[[0.141587, 0.0, -0.989925] [0.0, 1.0, 0.0] [0.989926, 0.0, 0.141586] [-9.43172, 0.575405, 361.439]]
  groupName:t="1_3"
  team:i=1
  active:b=no
}

entity{
  _template:t="respawnBase"
  transform:m=[[0.532477, 0.0, -0.846444] [0.0, 1.0, 0.0] [0.846445, 0.0, 0.532477] [-64.3893, 21.0474, 126.229]]
  groupName:t="3_2"
  team:i=1
  active:b=no
}

entity{
  _template:t="respawnBase"
  transform:m=[[-0.585582, 0.0, -0.810612] [0.0, 1.0, 0.0] [0.810612, 0.0, -0.585584] [82.7469, 21.007, 127.531]]
  groupName:t="3_2"
  team:i=1
  active:b=no
}

entity{
  _template:t="defend_zone_chained_box"
  capzone__capRewardPartCap:r=1.0
  capzone__onlyTeamCanCapture:i=1
  capzone__curTeamCapturingZone:i=-1
  groupName:t="1_1"
  capzone__capTime:r=55.0
  capzone__capTeam:i=-1
  transform:m=[[7.2613, 0.0, 0.0] [0.0, 2.22096, 0.0] [0.0, 0.0, 9.88795] [130.482, 8.49612, 252.399]]
  active:b=no
  capzone__decapTime:r=6000.0
  ui_order:i=1
  capzone__capReward:r=1500.0
  capzone__activateAfterCap:t="2_l"

  "capzone__activateChoice:object"{
    2_l:r=1.0
  }
}

entity{
  _template:t="defend_zone_chained_box"
  capzone__capRewardPartCap:r=1.0
  capzone__onlyTeamCanCapture:i=1
  capzone__curTeamCapturingZone:i=-1
  groupName:t="1_3"
  capzone__capTime:r=30.0
  capzone__capTeam:i=-1
  transform:m=[[11.8732, 0.0, 0.0] [0.0, 2.6322, 0.0] [0.0, 0.0, 7.68132] [12.7123, 10.4134, 199.686]]
  active:b=no
  capzone__decapTime:r=6000.0
  ui_order:i=1
  capzone__capReward:r=400.0
  capzone__activateAfterCap:t="2_2"
  capzone__progress:r=0.0
  capzone__caption:t="capzone/beach_bunker"

  "capzone__activateChoice:object"{
    3_1:r=1.0
    3_2:r=1.0
  }
}

entity{
  _template:t="defend_zone_chained_box"
  capzone__capRewardPartCap:r=1.0
  capzone__onlyTeamCanCapture:i=1
  capzone__curTeamCapturingZone:i=-1
  groupName:t="2_l"
  capzone__capTime:r=60.0
  capzone__capTeam:i=-1
  capzone__icon:t="AAA"
  transform:m=[[-0.00169375, 0.0, 7.21299] [0.0, 2.59064, 0.0] [-11.3156, 0.0, -0.00265726] [70.3435, 14.6489, 179.583]]
  active:b=no
  capzone__decapTime:r=6000.0
  ui_order:i=2
  capzone__capReward:r=1000.0
  capzone__activateAfterCap:t="3_3"

  "capzone__activateChoice:object"{
    3_3:r=1.0
    3_2:r=1.0
  }
}

entity{
  _template:t="defend_zone_chained_box"
  capzone__capRewardPartCap:r=1.3
  capzone__onlyTeamCanCapture:i=1
  capzone__curTeamCapturingZone:i=-1
  groupName:t="4_2"
  capzone__capTime:r=20.0
  capzone__capTeam:i=-1
  transform:m=[[0.549605, 0.0, -6.4951] [0.0, 2.30859, 0.0] [10.7743, 0.0, 0.911706] [9.81394, 31.1126, -38.0997]]
  active:b=no
  capzone__decapTime:r=6000.0
  ui_order:i=4
  capzone__capReward:r=400.0
  capzone__activateAfterCap:t=""
  capzone__caption:t="capzone/hill_bunker"

  "capzone__activateChoice:object"{
    5_2:r=1.0
    5_1:r=1.0
  }
}

entity{
  _template:t="defend_zone_chained_box"
  capzone__capRewardPartCap:r=1.4
  capzone__onlyTeamCanCapture:i=1
  capzone__curTeamCapturingZone:i=-1
  groupName:t="5_1"
  capzone__capTime:r=20.0
  capzone__capTeam:i=-1
  capzone__icon:t="AAA"
  transform:m=[[9.65703, 0.0, 0.0] [0.0, 3.7036, 0.0] [0.0, 0.0, 9.4051] [63.4187, 51.8761, -105.101]]
  active:b=no
  capzone__decapTime:r=6000.0
  ui_order:i=5
  capzone__capReward:r=400.0
  capzone__activateAfterCap:t="6_1"
  capzone__caption:t="capzone/hill_bunker"

  "capzone__activateChoice:object"{
    6_1:r=1.0
    6_2:r=1.0
  }
}

entity{
  _template:t="defend_zone_chained_box"
  capzone__capRewardPartCap:r=1.4
  capzone__onlyTeamCanCapture:i=1
  capzone__curTeamCapturingZone:i=-1
  groupName:t="5_3"
  capzone__capTime:r=50.0
  capzone__capTeam:i=-1
  capzone__icon:t=""
  transform:m=[[0.496506, 0.0, -8.48506] [0.0, 10.9657, 0.0] [17.2533, 0.0, 1.00958] [195.128, 67.05, -89.2483]]
  active:b=no
  capzone__decapTime:r=6000.0
  ui_order:i=5
  capzone__capReward:r=1000.0
  capzone__activateAfterCap:t="6_3_3"

  "capzone__activateChoice:object"{
    6_3_3:r=1.0
  }
}

entity{
  _template:t="defend_zone_chained_box"
  capzone__capRewardPartCap:r=1.7
  capzone__onlyTeamCanCapture:i=1
  capzone__curTeamCapturingZone:i=-1
  groupName:t="7_3"
  capzone__capTime:r=90.0
  capzone__capTeam:i=-1
  capzone__icon:t=""
  transform:m=[[-0.136288, 0.0, -8.45608] [0.0, 6.52176, 0.0] [8.34576, 0.0, -0.13451] [206.177, 69.6028, -221.483]]
  active:b=no
  capzone__decapTime:r=6000.0
  ui_order:i=7
  capzone__capReward:r=1000.0
  capzone__activateAfterCap:t="7_3"

  "capzone__activateChoice:object"{
    7_3:r=1.0
  }
}

entity{
  _template:t="defend_zone_chained_box"
  capzone__capRewardPartCap:r=1.4
  capzone__onlyTeamCanCapture:i=1
  capzone__curTeamCapturingZone:i=-1
  groupName:t="7_r"
  capzone__capTime:r=90.0
  capzone__capTeam:i=-1
  capzone__icon:t=""
  transform:m=[[3.05581, 0.0, -11.1256] [0.0, 9.96295, 0.0] [7.77694, 0.0, 2.13605] [-228.605, 71.8656, -138.887]]
  active:b=no
  capzone__decapTime:r=6000.0
  ui_order:i=7
  capzone__capReward:r=1000.0
  capzone__activateAfterCap:t="7_r"
  capzone__title:t=""

  "capzone__activateChoice:object"{
    7_r:r=1.0
  }
}

entity{
  _template:t="defend_zone_chained_box"
  transform:m=[[5.72735, 0.0, 0.0] [0.0, 2.87641, 0.0] [0.0, 0.0, 5.86673] [47.0472, 31.6347, -35.4451]]
  groupName:t="4_1"
  capzone__capRewardPartCap:r=1.3
  capzone__onlyTeamCanCapture:i=1
  capzone__curTeamCapturingZone:i=-1
  capzone__capTime:r=40.0
  capzone__capTeam:i=-1
  active:b=no
  capzone__decapTime:r=6000.0
  ui_order:i=4
  capzone__capReward:r=1000.0
  capzone__activateAfterCap:t="5_1"

  "capzone__activateChoice:object"{
    5_2:r=1.0
    5_1:r=1.0
  }
}

entity{
  _template:t="defend_zone_chained_sphere"
  capzone__capRewardPartCap:r=1.7
  capzone__onlyTeamCanCapture:i=1
  capzone__curTeamCapturingZone:i=-1
  groupName:t="6_2"
  capzone__capTime:r=50.0
  capzone__capTeam:i=-1
  capzone__icon:t="AAA"
  transform:m=[[0.174876, 0.0, -0.984591] [0.0, 1.0, 0.0] [0.984591, -0.0, 0.174876] [71.5668, 69.4219, -199.891]]
  active:b=no
  capzone__decapTime:r=9000.0
  sphere_zone__radius:r=4.5
  ui_order:i=6
  capzone__capReward:r=450.0
  capzone__activateAfterCap:t="7_2_1"
  capzone__caption:t="capzone/field_headquarters"

  "capzone__activateChoice:object"{
    6_2:r=1.0
  }
}

entity{
  _template:t="defend_zone_chained_sphere"
  capzone__capRewardPartCap:r=1.7
  capzone__onlyTeamCanCapture:i=1
  capzone__curTeamCapturingZone:i=-1
  groupName:t="6_3"
  capzone__capTime:r=40.0
  capzone__capTeam:i=-1
  transform:m=[[0.174876, 0.0, -0.984591] [0.0, 1.0, 0.0] [0.984591, -0.0, 0.174876] [71.7728, 67.9335, -186.036]]
  active:b=no
  capzone__decapTime:r=6000.0
  sphere_zone__radius:r=4.0
  ui_order:i=6
  capzone__capReward:r=1000.0
  capzone__activateAfterCap:t="7_3"

  "capzone__activateChoice:object"{
    7_3:r=1.0
  }
}

entity{
  _template:t="defend_zone_chained_sphere"
  capzone__capRewardPartCap:r=1.7
  capzone__onlyTeamCanCapture:i=1
  capzone__curTeamCapturingZone:i=-1
  groupName:t="6_3_3"
  capzone__capTime:r=50.0
  capzone__capTeam:i=-1
  transform:m=[[0.174876, 0.0, -0.984591] [0.0, 1.0, 0.0] [0.984591, -0.0, 0.174876] [282.57, 67.0177, -164.809]]
  active:b=no
  capzone__decapTime:r=6000.0
  sphere_zone__radius:r=12.0
  ui_order:i=6
  capzone__capReward:r=1000.0
  capzone__activateAfterCap:t="7_3_3"

  "capzone__activateChoice:object"{
    7_3_3:r=1.0
  }
}

entity{
  _template:t="defend_zone_chained_sphere"
  capzone__capRewardPartCap:r=1.7
  capzone__onlyTeamCanCapture:i=1
  capzone__curTeamCapturingZone:i=-1
  groupName:t="7_1_1"
  capzone__capTime:r=80.0
  capzone__capTeam:i=-1
  capzone__icon:t="AAA"
  transform:m=[[-0.0712576, 0.0, -0.997458] [0.0, 1.0, 0.0] [0.997458, -0.0, -0.0712576] [-83.3773, 66.9604, -132.255]]
  active:b=no
  capzone__decapTime:r=6000.0
  sphere_zone__radius:r=7.5
  ui_order:i=7
  capzone__capReward:r=1000.0
  capzone__activateAfterCap:t="8_1_1"

  "capzone__activateChoice:object"{
    7_1_1:r=1.0
  }
}

entity{
  _template:t="defend_zone_chained_sphere"
  capzone__capRewardPartCap:r=1.7
  capzone__onlyTeamCanCapture:i=1
  capzone__curTeamCapturingZone:i=-1
  groupName:t="7_2_1"
  capzone__capTime:r=80.0
  capzone__capTeam:i=-1
  transform:m=[[-0.0712576, 0.0, -0.997458] [0.0, 1.0, 0.0] [0.997458, -0.0, -0.0712576] [-10.8503, 69.2103, -344.121]]
  active:b=no
  capzone__decapTime:r=6000.0
  sphere_zone__radius:r=5.0
  ui_order:i=7
  capzone__capReward:r=1000.0
  capzone__activateAfterCap:t="8_2_1"

  "capzone__activateChoice:object"{
    7_2_1:r=1.0
  }
}

entity{
  _template:t="defend_zone_chained_sphere"
  capzone__capRewardPartCap:r=1.7
  capzone__onlyTeamCanCapture:i=1
  capzone__curTeamCapturingZone:i=-1
  groupName:t="7_2_2"
  capzone__capTime:r=80.0
  capzone__capTeam:i=-1
  transform:m=[[-0.0712576, 0.0, -0.997458] [0.0, 1.0, 0.0] [0.997458, -0.0, -0.0712576] [-52.6901, 68.0317, -269.153]]
  active:b=no
  capzone__decapTime:r=6000.0
  sphere_zone__radius:r=8.0
  ui_order:i=7
  capzone__capReward:r=1000.0
  capzone__activateAfterCap:t="8_2_2"

  "capzone__activateChoice:object"{
    7_2_2:r=1.0
  }
}

entity{
  _template:t="defend_zone_chained_sphere"
  capzone__capRewardPartCap:r=1.7
  capzone__onlyTeamCanCapture:i=1
  capzone__curTeamCapturingZone:i=-1
  groupName:t="7_3_3"
  capzone__capTime:r=90.0
  capzone__capTeam:i=-1
  transform:m=[[0.1049, 0.0, -0.970308] [0.0, 1.68304, 0.0] [0.929384, 0.0, -0.00870352] [295.552, 68.499, -219.877]]
  active:b=no
  capzone__decapTime:r=6000.0
  sphere_zone__radius:r=3.5
  ui_order:i=7
  capzone__capReward:r=1000.0
  capzone__activateAfterCap:t="8_3_3"

  "capzone__activateChoice:object"{
    7_3_3:r=1.0
  }
}

entity{
  _template:t="defend_zone_chained_sphere"
  capzone__capRewardPartCap:r=1.4
  capzone__onlyTeamCanCapture:i=1
  capzone__curTeamCapturingZone:i=-1
  groupName:t="6_r"
  capzone__capTime:r=50.0
  capzone__capTeam:i=-1
  capzone__icon:t=""
  transform:m=[[0.444644, 0.0, -0.895707] [0.0, 1.0, 0.0] [0.895707, -0.0, 0.444644] [-292.882, 71.8656, -117.497]]
  active:b=no
  capzone__decapTime:r=6000.0
  sphere_zone__radius:r=6.0
  ui_order:i=6
  capzone__capReward:r=1000.0
  capzone__activateAfterCap:t="7_r"

  "capzone__activateChoice:object"{
    7_r:r=1.0
  }
}

entity{
  _template:t="defend_zone_chained_sphere"
  capzone__capRewardPartCap:r=1.0
  capzone__onlyTeamCanCapture:i=1
  capzone__curTeamCapturingZone:i=-1
  groupName:t="1_2"
  capzone__capTime:r=45.0
  capzone__capTeam:i=-1
  transform:m=[[-0.293245, 0.0, 0.956037] [0.0, 1.0, 0.0] [-0.956037, -0.0, -0.293245] [27.4031, 7.67565, 207.962]]
  active:b=no
  capzone__decapTime:r=6000.0
  sphere_zone__radius:r=6.0
  ui_order:i=1
  capzone__progress:r=0.0
  capzone__capReward:r=1500.0
  capzone__activateAfterCap:t="2_2"

  "capzone__activateChoice:object"{
    2_1:r=1.5
    2_2:r=1.0
  }
}

entity{
  _template:t="defend_zone_chained_sphere"
  capzone__capRewardPartCap:r=1.0
  capzone__onlyTeamCanCapture:i=1
  capzone__curTeamCapturingZone:i=-1
  groupName:t="2_1"
  capzone__capTime:r=50.0
  capzone__capTeam:i=-1
  transform:m=[[-0.0359933, 0.0, 0.999352] [0.0, 1.0, 0.0] [-0.999352, -0.0, -0.0359933] [36.5831, 10.7618, 133.145]]
  active:b=no
  capzone__decapTime:r=6000.0
  sphere_zone__radius:r=4.0
  ui_order:i=2
  capzone__capReward:r=1000.0
  capzone__activateAfterCap:t=""

  "capzone__activateChoice:object"{
    3_1:r=1.0
    3_3:r=3.0
    3_2:r=1.0
  }
}

entity{
  _template:t="defend_zone_chained_sphere"
  capzone__capRewardPartCap:r=1.0
  capzone__onlyTeamCanCapture:i=1
  capzone__curTeamCapturingZone:i=-1
  groupName:t="2_2"
  capzone__capTime:r=50.0
  capzone__capTeam:i=-1
  transform:m=[[-0.0359933, 0.0, 0.999352] [0.0, 1.0, 0.0] [-0.999352, -0.0, -0.0359933] [-21.1126, 12.7991, 132.72]]
  active:b=no
  capzone__decapTime:r=6000.0
  sphere_zone__radius:r=4.0
  ui_order:i=2
  capzone__capReward:r=1000.0
  capzone__activateAfterCap:t="3_r"

  "capzone__activateChoice:object"{
    3_1:r=1.0
    3_2:r=1.0
  }
}

entity{
  _template:t="defend_zone_chained_sphere"
  capzone__capRewardPartCap:r=1.2
  capzone__onlyTeamCanCapture:i=1
  capzone__curTeamCapturingZone:i=-1
  groupName:t="3_1"
  capzone__capTime:r=20.0
  capzone__capTeam:i=-1
  capzone__icon:t="AAA"
  transform:m=[[-0.101231, 0.0, -0.994863] [0.0, 1.0, 0.0] [0.994863, -0.0, -0.101231] [-22.4454, 24.88, 37.3242]]
  decal__height:r=1.2
  active:b=no
  capzone__decapTime:r=6000.0
  sphere_zone__radius:r=7.0
  ui_order:i=3
  capzone__capReward:r=400.0
  capzone__activateAfterCap:t=""
  capzone__caption:t="capzone/artillery_emplacement"

  "capzone__activateChoice:object"{
    4_2:r=1.0
  }
}

entity{
  _template:t="defend_zone_chained_sphere"
  capzone__capRewardPartCap:r=1.2
  capzone__onlyTeamCanCapture:i=1
  capzone__curTeamCapturingZone:i=-1
  groupName:t="3_2"
  capzone__capTime:r=20.0
  capzone__capTeam:i=-1
  capzone__icon:t="AAA"
  transform:m=[[-0.101231, 0.0, -0.994863] [0.0, 1.0, 0.0] [0.994863, -0.0, -0.101231] [14.6962, 20.0964, 17.9024]]
  active:b=no
  capzone__decapTime:r=6000.0
  sphere_zone__radius:r=4.0
  ui_order:i=3
  capzone__capReward:r=400.0
  capzone__activateAfterCap:t="4_1"
  capzone__caption:t="capzone/artillery_emplacement"

  "capzone__activateChoice:object"{
    4_2:r=1.0
  }
}

entity{
  _template:t="defend_zone_chained_sphere"
  capzone__capRewardPartCap:r=1.2
  capzone__onlyTeamCanCapture:i=1
  capzone__curTeamCapturingZone:i=-1
  groupName:t="3_3"
  capzone__capTime:r=50.0
  capzone__capTeam:i=-1
  capzone__icon:t=""
  transform:m=[[-0.101231, 0.0, -0.994863] [0.0, 1.0, 0.0] [0.994863, -0.0, -0.101231] [81.5776, 51.1129, 33.6964]]
  active:b=no
  capzone__decapTime:r=6000.0
  sphere_zone__radius:r=9.0
  ui_order:i=3
  capzone__capReward:r=1000.0
  capzone__activateAfterCap:t="4_3"

  "capzone__activateChoice:object"{
    4_3:r=1.0
  }
}

entity{
  _template:t="defend_zone_chained_sphere"
  capzone__capRewardPartCap:r=1.2
  capzone__onlyTeamCanCapture:i=1
  capzone__curTeamCapturingZone:i=-1
  groupName:t="3_r"
  capzone__capTime:r=50.0
  capzone__capTeam:i=-1
  capzone__icon:t="AAA"
  transform:m=[[-0.101231, 0.0, -0.994863] [0.0, 1.0, 0.0] [0.994863, -0.0, -0.101231] [-83.2542, 38.6993, 107.853]]
  active:b=no
  capzone__decapTime:r=6000.0
  sphere_zone__radius:r=4.0
  ui_order:i=3
  capzone__capReward:r=1000.0
  capzone__activateAfterCap:t="4_r"

  "capzone__activateChoice:object"{
    4_r:r=1.0
  }
}

entity{
  _template:t="defend_zone_chained_sphere"
  capzone__capRewardPartCap:r=1.3
  capzone__onlyTeamCanCapture:i=1
  capzone__curTeamCapturingZone:i=-1
  groupName:t="4_3"
  capzone__capTime:r=50.0
  capzone__capTeam:i=-1
  capzone__icon:t="AAA"
  transform:m=[[0.111566, 0.0, -0.993757] [0.0, 0.47283, 0.0] [0.993757, 0.0, 0.111566] [130.634, 66.7681, -26.1665]]
  active:b=no
  capzone__decapTime:r=6000.0
  sphere_zone__radius:r=7.0
  ui_order:i=4
  capzone__capReward:r=1000.0
  capzone__activateAfterCap:t="5_1"

  "capzone__activateChoice:object"{
    5_3:r=1.0
    5_1:r=0.5
  }
}

entity{
  _template:t="defend_zone_chained_sphere"
  capzone__capRewardPartCap:r=1.3
  capzone__onlyTeamCanCapture:i=1
  capzone__curTeamCapturingZone:i=-1
  groupName:t="4_r"
  capzone__capTime:r=40.0
  capzone__capTeam:i=-1
  capzone__icon:t="AAA"
  transform:m=[[0.111566, 0.0, -0.993757] [0.0, 0.47283, 0.0] [0.993757, 0.0, 0.111566] [-193.304, 60.3401, 12.0119]]
  active:b=no
  capzone__decapTime:r=6000.0
  sphere_zone__radius:r=6.0
  ui_order:i=4
  capzone__capReward:r=1000.0
  capzone__activateAfterCap:t="5_r"

  "capzone__activateChoice:object"{
    5_r:r=1.0
  }
}

entity{
  _template:t="defend_zone_chained_sphere"
  capzone__capRewardPartCap:r=1.4
  capzone__onlyTeamCanCapture:i=1
  capzone__curTeamCapturingZone:i=-1
  groupName:t="5_2"
  capzone__capTime:r=20.0
  capzone__capTeam:i=-1
  transform:m=[[0.444644, 0.0, -0.895707] [0.0, 1.0, 0.0] [0.895707, -0.0, 0.444644] [6.25012, 46.7877, -86.7581]]
  active:b=no
  capzone__decapTime:r=6000.0
  sphere_zone__radius:r=4.0
  ui_order:i=5
  capzone__capReward:r=400.0
  capzone__activateAfterCap:t="6_1"
  capzone__caption:t="capzone/artillery_emplacement"

  "capzone__activateChoice:object"{
    6_1:r=1.0
    6_2:r=1.0
  }
}

entity{
  _template:t="defend_zone_chained_sphere"
  capzone__capRewardPartCap:r=1.4
  capzone__onlyTeamCanCapture:i=1
  capzone__curTeamCapturingZone:i=-1
  groupName:t="5_r"
  capzone__capTime:r=40.0
  capzone__capTeam:i=-1
  capzone__icon:t="AAA"
  transform:m=[[0.444644, 0.0, -0.895707] [0.0, 1.0, 0.0] [0.895707, -0.0, 0.444644] [-299.599, 60.6776, -26.6407]]
  active:b=no
  capzone__decapTime:r=6000.0
  sphere_zone__radius:r=6.0
  ui_order:i=5
  capzone__capReward:r=1000.0
  capzone__activateAfterCap:t="6_1"

  "capzone__activateChoice:object"{
    6_r:r=1.0
  }
}

entity{
  _template:t="defend_zone_chained_sphere"
  capzone__capRewardPartCap:r=1.4
  capzone__onlyTeamCanCapture:i=1
  capzone__curTeamCapturingZone:i=-1
  groupName:t="6_1"
  capzone__capTime:r=50.0
  capzone__capTeam:i=-1
  capzone__icon:t="AAA"
  transform:m=[[0.955572, 0.0, -0.294756] [0.0, 1.0, 0.0] [0.294756, -0.0, 0.955572] [-8.05119, 66.1516, -170.492]]
  active:b=no
  capzone__decapTime:r=9000.0
  sphere_zone__radius:r=6.0
  ui_order:i=6
  capzone__capReward:r=450.0
