entity{
  _template:t="aircraft_box_battle_area"
  transform:m=[[11269.8, 0.0, -1003.34] [0.0, 8000.03, 0.0] [1002.81, 0.0, 11269.8] [-194.512, 240.916, 77.5836]]
  battle_area__timeToDamage:r=30.0
  battle_area__damage:r=1.0
  battle_area__team:i=-1
}

entity{
  _template:t="box_battle_area"
  transform:m=[[11269.8, 0.0, -1003.34] [0.0, 8000.03, 0.0] [1002.81, 0.0, 11269.8] [-194.512, 240.916, 77.5836]]
  battle_area__timeToDamage:r=30.0
  battle_area__damage:r=1.0
  battle_area__team:i=-1
}

entity{
  _template:t="session_finalizer"
  session_finalizer__timer:r=10.0
}

entity{
  _template:t="static_cam"
  camera__active:b=yes
  transform:m=[[0.96915, -0.000291186, -0.246469] [0.0325357, 0.991399, 0.126763] [0.244313, -0.130872, 0.960824] [-233.554, 51.8162, -54.1363]]
}

entity{
  _template:t="enemy_attack_marker"
  transform:m=[[0.0582712, 0.0, 0.998301] [0.0, 1.0, 0.0] [-0.998301, 0.0, 0.0582712] [-39.6104, 7.74753, -249.638]]
}

entity{
  _template:t="respawn_camera"
  respawnCameraForTeam:i=1
  moveCameraToHeight:r=170.0
  respawnSelectorDistanceMult:r=1.5
  transform:m=[[1.0, 0.0, 0.0] [0.0, 1.0, 0.0] [0.0, 0.0, 1.0] [229.434, 169.098, 36.6645]]
}

entity{
  _template:t="respawn_camera"
  respawnCameraForTeam:i=2
  moveCameraToHeight:r=170.0
  respawnSelectorDistanceMult:r=1.5
  transform:m=[[1.0, 0.0, 0.0] [0.0, 1.0, 0.0] [0.0, 0.0, 1.0] [-416.685, 195.954, -265.449]]
}

entity{
  _template:t="briefing_invasion"
  mission_name:t="stalingrad_mechanic_inv"

  "loading_images:list<t>"{
    item:t="ui/stalingrad_inv_05.jpg"
  }
}

entity{
  _template:t="team_stalingrad_allies+team_narrator_invasion_defence+respawn_creators_team"
  team__countAdd:r=0.5
  team__memberCount:r=0.5
  team__scoreCap:r=5000.0
  team__capturePenalty:r=1001.0
  team__score:r=5000.0
  team__id:i=1
  team__briefing:t="invasion/defenders_goals"
  team__winSubtitle:t="debriefing/won_defence_subtitle"
  team__loseSubtitle:t="debriefing/lost_defence_subtitle"
  team__winTitle:t="debriefing/ussr_won_defence"
  team__spawnBotArmy:t="stalingrad_allies"
}

entity{
  _template:t="team_stalingrad_axis+team_narrator_invasion_attack+respawn_creators_team"
  team__memberCount:r=0.0
  team__scoreCap:r=2000.0
  team__score:r=2000.0
  team__squadSpawnCost:i=250
  team__firstSpawnCostMul:r=0.0
  team__zeroScoreFailTimer:r=60.0
  team__id:i=2
  team__briefing:t="invasion/attackers_goals"
  team__winSubtitle:t="debriefing/won_invasion_subtitle"
  team__loseSubtitle:t="debriefing/lost_invasion_subtitle"
  team__winTitle:t="debriefing/ger_won_invasion"
  team__spawnBotArmy:t="stalingrad_axis"
}

entity{
  _template:t="group_activator"

  "activator__activateChoice:object"{
    sector_1_b:r=1.0
    sector_1_a:r=1.0
  }
}

entity{
  _template:t="defend_zone_chained_box+defend_zone_respawnbase"
  capzone__capRewardPartCap:r=1.125
  capzone__onlyTeamCanCapture:i=2
  capzone__curTeamCapturingZone:i=-1
  groupName:t="sector_1_a"
  capzone__capTime:r=50.0
  capzone__capTeam:i=-1
  transform:m=[[21.625, 0.0, -10.7589] [0.0, 9.99111, 0.0] [16.5311, 0.0, 33.227] [-320.71, 18.0794, -190.892]]
  active:b=no
  capzone__decapTime:r=6000.0
  ui_order:i=1
  capzone__capReward:r=250.0
  capzone__icon:t="AAA"
  capzone__caption:t="capzone/offices"
  capzone__deactivateAfterTimeout:r=25.0
  capzone__spawnAtZoneTimeout:r=25.0
  capzone__createRespawnBaseForTeam:i=1
  decal__thickness:r=0.4
  decal__height:r=1.0
  capzone__createRespawnBase:t="respawnBaseGroupActivator"
  capzone__createdRespawnBaseGroup:i=3

  "capzone__activateChoice:object"{
    sector_2_a:r=1.0
    sector_2_b:r=1.0
  }
}

entity{
  _template:t="defend_zone_chained_box+defend_zone_respawnbase"
  capzone__capRewardPartCap:r=1.125
  capzone__onlyTeamCanCapture:i=2
  capzone__curTeamCapturingZone:i=-1
  groupName:t="sector_1_b"
  capzone__capTime:r=50.0
  capzone__capTeam:i=-1
  transform:m=[[21.625, 0.0, -10.7589] [0.0, 9.99111, 0.0] [16.5311, 0.0, 33.227] [-303.772, 18.0794, -156.849]]
  active:b=no
  capzone__decapTime:r=6000.0
  ui_order:i=1
  capzone__capReward:r=250.0
  capzone__icon:t="AAA"
  capzone__caption:t="capzone/offices"
  capzone__deactivateAfterTimeout:r=25.0
  capzone__spawnAtZoneTimeout:r=25.0
  capzone__createRespawnBaseForTeam:i=1
  decal__thickness:r=0.4
  decal__height:r=1.0
  capzone__createRespawnBase:t="respawnBaseGroupActivator"
  capzone__createdRespawnBaseGroup:i=4

  "capzone__activateChoice:object"{
    sector_2_a:r=1.0
  }
}

entity{
  _template:t="defend_zone_chained_box+defend_zone_respawnbase"
  capzone__capRewardPartCap:r=1.25
  capzone__onlyTeamCanCapture:i=2
  capzone__curTeamCapturingZone:i=-1
  groupName:t="sector_2_a"
  capzone__capTime:r=60.0
  capzone__capTeam:i=-1
  transform:m=[[43.0464, 0.0, -21.3915] [0.0, 9.99111, 0.0] [14.7824, 0.0, 29.7468] [-324.477, 19.236, -69.4304]]
  active:b=no
  capzone__decapTime:r=6000.0
  ui_order:i=2
  capzone__capReward:r=250.0
  capzone__icon:t="AAA"
  capzone__caption:t="capzone/offices"
  capzone__deactivateAfterTimeout:r=25.0
  capzone__spawnAtZoneTimeout:r=25.0
  capzone__createRespawnBaseForTeam:i=1
  decal__thickness:r=0.4
  decal__height:r=1.0
  capzone__createRespawnBase:t="respawnBaseGroupActivator"
  capzone__createdRespawnBaseGroup:i=5

  "capzone__activateChoice:object"{
    sector_3_a:r=1.0
    sector_3_b:r=1.0
  }
}

entity{
  _template:t="defend_zone_chained_box+defend_zone_respawnbase"
  capzone__capRewardPartCap:r=1.25
  capzone__onlyTeamCanCapture:i=2
  capzone__curTeamCapturingZone:i=-1
  groupName:t="sector_2_b"
  capzone__capTime:r=60.0
  capzone__capTeam:i=-1
  transform:m=[[43.0464, 0.0, -21.3915] [0.0, 9.99111, 0.0] [14.9301, 0.0, 30.044] [-339.392, 19.236, -99.4439]]
  active:b=no
  capzone__decapTime:r=6000.0
  ui_order:i=2
  capzone__capReward:r=250.0
  capzone__icon:t="AAA"
  capzone__caption:t="capzone/offices"
  capzone__deactivateAfterTimeout:r=25.0
  capzone__spawnAtZoneTimeout:r=25.0
  capzone__createRespawnBaseForTeam:i=1
  decal__thickness:r=0.4
  decal__height:r=1.0
  capzone__createRespawnBase:t="respawnBaseGroupActivator"
  capzone__createdRespawnBaseGroup:i=6

  "capzone__activateChoice:object"{
    sector_3_a:r=1.0
    sector_3_b:r=1.0
  }
}

entity{
  _template:t="defend_zone_chained_box+defend_zone_respawnbase"
  capzone__capRewardPartCap:r=1.375
  capzone__onlyTeamCanCapture:i=2
  capzone__curTeamCapturingZone:i=-1
  groupName:t="sector_3_a"
  capzone__capTime:r=60.0
  capzone__capTeam:i=-1
  transform:m=[[42.4887, 0.0, -20.9804] [0.0, 9.99111, 0.0] [5.20913, 0.0, 10.5493] [-260.648, 18.8968, 59.0902]]
  active:b=no
  capzone__decapTime:r=6000.0
  ui_order:i=4
  capzone__capReward:r=250.0
  capzone__icon:t="AAA"
  capzone__caption:t="capzone/offices"
  capzone__deactivateAfterTimeout:r=25.0
  capzone__spawnAtZoneTimeout:r=25.0
  capzone__createRespawnBaseForTeam:i=1
  decal__thickness:r=0.4
  decal__height:r=0.5
  capzone__createRespawnBase:t="respawnBaseGroupActivator"
  capzone__createdRespawnBaseGroup:i=7

  "capzone__activateChoice:object"{
    sector_4_b:r=1.0
    sector_4_a:r=1.0
  }
}

entity{
  _template:t="defend_zone_chained_box+defend_zone_respawnbase"
  capzone__capRewardPartCap:r=1.375
  capzone__onlyTeamCanCapture:i=2
  capzone__curTeamCapturingZone:i=-1
  groupName:t="sector_3_b"
  capzone__capTime:r=60.0
  capzone__capTeam:i=-1
  transform:m=[[42.4887, 0.0, -20.9804] [0.0, 6.79064, 0.0] [21.8038, 0.0, 44.156] [-274.072, 18.0849, 31.9039]]
  active:b=no
  capzone__decapTime:r=6000.0
  ui_order:i=4
  capzone__capReward:r=250.0
  capzone__icon:t="AAA"
  capzone__caption:t="capzone/offices"
  capzone__deactivateAfterTimeout:r=25.0
  capzone__spawnAtZoneTimeout:r=25.0
  capzone__createRespawnBaseForTeam:i=1
  decal__thickness:r=0.4
  decal__height:r=0.5
  capzone__createRespawnBase:t="respawnBaseGroupActivator"
  capzone__createdRespawnBaseGroup:i=8

  "capzone__activateChoice:object"{
    sector_4_b:r=1.0
    sector_4_a:r=1.0
  }
}

entity{
  _template:t="defend_zone_chained_box+defend_zone_respawnbase"
  capzone__capRewardPartCap:r=1.5
  capzone__onlyTeamCanCapture:i=2
  capzone__curTeamCapturingZone:i=-1
  groupName:t="sector_4_a"
  capzone__capTime:r=60.0
  capzone__capTeam:i=-1
  transform:m=[[35.2544, 0.0, -17.4082] [0.0, 6.79064, 0.0] [21.8038, 0.0, 44.156] [-204.861, 18.0323, 126.895]]
  active:b=no
  capzone__decapTime:r=6000.0
  ui_order:i=4
  capzone__capReward:r=250.0
  capzone__icon:t="AAA"
  capzone__caption:t="capzone/offices"
  capzone__deactivateAfterTimeout:r=25.0
  capzone__spawnAtZoneTimeout:r=25.0
  capzone__createRespawnBaseForTeam:i=1
  decal__thickness:r=0.4
  decal__height:r=1.0
  capzone__createRespawnBase:t="respawnBaseGroupActivator"
  capzone__createdRespawnBaseGroup:i=9

  "capzone__activateChoice:object"{
    sector_5_a:r=1.0
  }
}

entity{
  _template:t="defend_zone_chained_box+defend_zone_respawnbase"
  capzone__capRewardPartCap:r=1.5
  capzone__onlyTeamCanCapture:i=2
  capzone__curTeamCapturingZone:i=-1
  groupName:t="sector_4_b"
  capzone__capTime:r=60.0
  capzone__capTeam:i=-1
  transform:m=[[37.827, 0.0, -18.6785] [0.0, 9.99111, 0.0] [16.8078, 0.0, 34.0385] [-296.035, 19.6316, 155.668]]
  active:b=no
  capzone__decapTime:r=6000.0
  ui_order:i=3
  capzone__capReward:r=250.0
  capzone__icon:t="AAA"
  capzone__caption:t="capzone/offices"
  capzone__deactivateAfterTimeout:r=25.0
  capzone__spawnAtZoneTimeout:r=25.0
  capzone__createRespawnBaseForTeam:i=1
  decal__thickness:r=0.4
  decal__height:r=0.5
  capzone__createRespawnBase:t="respawnBaseGroupActivator"
  capzone__createdRespawnBaseGroup:i=10

  "capzone__activateChoice:object"{
    sector_5_a:r=1.0
  }
}

entity{
  _template:t="defend_zone_chained_box+defend_zone_respawnbase"
  capzone__capRewardPartCap:r=1.0
  capzone__onlyTeamCanCapture:i=2
  capzone__curTeamCapturingZone:i=-1
  groupName:t="sector_5_a"
  capzone__capTime:r=60.0
  capzone__capTeam:i=-1
  transform:m=[[37.9021, 0.0, -18.8244] [0.0, 10.4554, 0.0] [24.4247, 0.0, 49.1782] [-220.791, 19.3626, 307.237]]
  active:b=no
  capzone__decapTime:r=6000.0
  ui_order:i=5
  capzone__capReward:r=250.0
  capzone__icon:t="AAA"
  capzone__caption:t="capzone/offices"
  capzone__deactivateAfterTimeout:r=25.0
  capzone__spawnAtZoneTimeout:r=25.0
  capzone__createRespawnBaseForTeam:i=1
  decal__thickness:r=0.4
  decal__height:r=0.9
  capzone__createRespawnBase:t="respawnBaseGroupActivator"
  capzone__createdRespawnBaseGroup:i=11
}

entity{
  _template:t="defend_zone_chained_box+defend_zone_respawnbase"
  capzone__capRewardPartCap:r=1.0
  capzone__onlyTeamCanCapture:i=2
  capzone__curTeamCapturingZone:i=-1
  groupName:t="sector_5_b"
  capzone__capTime:r=60.0
  capzone__capTeam:i=-1
  transform:m=[[35.2544, 0.0, -17.4082] [0.0, 6.79064, 0.0] [21.8038, 0.0, 44.156] [-159.358, 17.8328, 219.045]]
  active:b=no
  capzone__decapTime:r=6000.0
  ui_order:i=5
  capzone__capReward:r=250.0
  capzone__icon:t="AAA"
  capzone__caption:t="capzone/offices"
  capzone__deactivateAfterTimeout:r=25.0
  capzone__spawnAtZoneTimeout:r=25.0
  capzone__createRespawnBaseForTeam:i=1
  decal__thickness:r=0.4
  decal__height:r=0.9
  capzone__createRespawnBase:t="respawnBaseGroupActivator"
  capzone__createdRespawnBaseGroup:i=12
}

entity{
  _template:t="respAircraftInAir"
  respawnbaseType:t="aircraft_fighter"
  transform:m=[[-0.975479, 0.0, 0.220091] [0.0, 1.0, 0.0] [-0.220091, 0.0, -0.975479] [1926.64, 1000.0, -201.798]]
  team:i=1
  maxVehicleOnSpawn:i=1
  respTime:i=120
}

entity{
  _template:t="respAircraftInAir"
  respawnbaseType:t="aircraft_assault"
  transform:m=[[-0.975479, 0.0, 0.220091] [0.0, 1.0, 0.0] [-0.220091, 0.0, -0.975479] [1926.64, 800.0, -201.798]]
  team:i=1
  maxVehicleOnSpawn:i=1
  respTime:i=120
}

entity{
  _template:t="respAircraftInAir"
  respawnbaseType:t="aircraft_fighter"
  transform:m=[[-0.975479, 0.0, 0.220091] [0.0, 1.0, 0.0] [-0.220091, 0.0, -0.975479] [1922.26, 1000.0, -352.323]]
  team:i=1
  maxVehicleOnSpawn:i=1
  respTime:i=120
}

entity{
  _template:t="respAircraftInAir"
  respawnbaseType:t="aircraft_assault"
  transform:m=[[-0.975479, 0.0, 0.220091] [0.0, 1.0, 0.0] [-0.220091, 0.0, -0.975479] [1884.13, 800.0, -375.609]]
  team:i=1
  maxVehicleOnSpawn:i=1
  respTime:i=120
}

entity{
  _template:t="resupply_in_air_zone"
  transform:m=[[-0.999999, 0.0, -0.000445871] [0.0, 1.0, 0.0] [0.000445871, 0.0, -0.999999] [1817.97, 1000.0, -1451.79]]
  resupply_zone__team:i=1
}

entity{
  _template:t="respAircraftInAir"
  respawnbaseType:t="aircraft_fighter"
  transform:m=[[0.906698, 0.0, -0.421782] [0.0, 1.0, 0.0] [0.421782, 0.0, 0.906698] [-2406.24, 1023.92, 29.3383]]
  team:i=2
  maxVehicleOnSpawn:i=1
  respTime:i=120
}

entity{
  _template:t="respAircraftInAir"
  respawnbaseType:t="aircraft_assault"
  transform:m=[[0.906698, 0.0, -0.421782] [0.0, 1.0, 0.0] [0.421782, 0.0, 0.906698] [-2370.97, 823.92, 203.015]]
  team:i=2
  maxVehicleOnSpawn:i=1
  respTime:i=120
}

entity{
  _template:t="respAircraftInAir"
  respawnbaseType:t="aircraft_fighter"
  transform:m=[[0.906698, 0.0, -0.421782] [0.0, 1.0, 0.0] [0.421782, 0.0, 0.906698] [-2367.72, 1023.92, 181.158]]
  team:i=2
  maxVehicleOnSpawn:i=1
  respTime:i=120
}

entity{
  _template:t="respAircraftInAir"
  respawnbaseType:t="aircraft_assault"
  transform:m=[[0.906698, 0.0, -0.421782] [0.0, 1.0, 0.0] [0.421782, 0.0, 0.906698] [-2406.24, 823.92, 29.3383]]
  team:i=2
  maxVehicleOnSpawn:i=1
  respTime:i=120
}

entity{
  _template:t="resupply_in_air_zone"
  transform:m=[[0.327869, 0.0, -0.944724] [0.0, 1.0, 0.0] [0.944724, 0.0, 0.327869] [-2621.24, 1023.92, -1195.7]]
  resupply_zone__team:i=2
}

entity{
  _template:t="respawnChooser+respTeam1"
  transform:m=[[-0.99839, 0.0, -0.0566991] [0.0, 1.0, 0.0] [0.0566991, 0.0, -0.99839] [-197.06, 16.0964, -122.387]]
  groupName:t="sector_1_a"
  active:b=no
  respawnBaseGroup:i=2
}

entity{
  _template:t="respawnChooser+respTeam1"
  transform:m=[[-0.808077, 0.0, -0.589077] [0.0, 1.0, 0.0] [0.589077, 0.0, -0.808077] [-198.993, 16.0964, -130.999]]
  groupName:t="sector_1_a"
  active:b=no
  respawnBaseGroup:i=2
}

entity{
  _template:t="respawnChooser+respTeam2"
  transform:m=[[0.620431, 0.00483725, 0.784246] [-0.00300117, 0.999989, -0.00379367] [-0.784255, 5.22282e-08, 0.620437] [-400.67, 16.1151, -328.207]]
  groupName:t="sector_1_a"
  active:b=no
  respawnBaseGroup:i=1
}

entity{
  _template:t="respawnChooser+respTeam2"
  transform:m=[[-0.6113, -0.00199092, 0.791397] [-0.00121693, 0.999998, 0.00157571] [-0.7914, 1.56908e-07, -0.611302] [-291.504, 16.0933, -340.6]]
  groupName:t="sector_1_a"
  active:b=no
  respawnBaseGroup:i=2
}

entity{
  _template:t="respawnChooser+respTeam2"
  transform:m=[[0.893615, -0.00351195, 0.448822] [0.0031384, 0.999994, 0.00157614] [-0.448825, 1.26382e-07, 0.893621] [-382.704, 15.8529, -337.808]]
  groupName:t="sector_1_a"
  active:b=no
  respawnBaseGroup:i=1
}

entity{
  _template:t="respawnChooser+respVehicle+vehicle_resp_soft_ground_collision"
  transform:m=[[0.207698, -0.00342044, -0.978187] [-0.000519846, 0.999994, -0.00360707] [0.978194, 0.00125769, 0.207695] [-234.284, 17.084, 80.1078]]
  team:i=1
  respawnBaseGroup:i=1
  maxVehicleOnSpawn:i=2
  respTime:i=120
  groupName:t="sector_1_a"
  active:b=no
}

entity{
  _template:t="respawnChooser+respMotorcycle"
  transform:m=[[0.207698, -0.00342044, -0.978187] [-0.000519846, 0.999994, -0.00360707] [0.978194, 0.00125769, 0.207695] [-234.481, 17.084, 80.227]]
  team:i=1
  groupName:t="sector_1_a"
  active:b=no
}

entity{
  _template:t="respawnChooser+respVehicle+vehicle_resp_soft_ground_collision"
  transform:m=[[-0.598953, -0.0129911, 0.800679] [-0.0451785, 0.998824, -0.01759] [-0.799508, -0.0467091, -0.598835] [-292.892, 16.2196, -408.998]]
  team:i=2
  respawnBaseGroup:i=1
  maxVehicleOnSpawn:i=2
  respTime:i=120
  groupName:t="sector_1_a"
  active:b=no
}

entity{
  _template:t="respawnChooser+respMotorcycle"
  transform:m=[[-0.598953, -0.0129911, 0.800679] [-0.0451785, 0.998824, -0.01759] [-0.799508, -0.0467091, -0.598835] [-292.355, 16.2287, -408.856]]
  team:i=2
  groupName:t="sector_1_a"
  active:b=no
}

entity{
  _template:t="resupply_for_ground_vehicle_zone"
  transform:m=[[0.888493, -0.00489274, 0.458864] [0.00434726, 0.999988, 0.00224505] [-0.45887, 8.85446e-08, 0.888504] [-195.143, 15.1788, 55.5084]]
  resupply_zone__team:i=1
  groupName:t="sector_1_a"
  active:b=no
}

entity{
  _template:t="resupply_for_ground_vehicle_zone"
  transform:m=[[-0.407977, -0.0333776, 0.912382] [-0.0136248, 0.999443, 0.0304701] [-0.912891, 5.93795e-08, -0.408205] [-414.203, 16.0902, -391.857]]
  resupply_zone__team:i=2
  groupName:t="sector_1_a"
  active:b=no
}

entity{
  _template:t="respawnChooser+respTeam2"
  transform:m=[[-0.601724, -0.00199092, 0.798701] [-0.00119786, 0.999998, 0.00159025] [-0.798703, 1.56959e-07, -0.601726] [-294.265, 15.914, -342.718]]
  groupName:t="sector_1_a"
  active:b=no
  respawnBaseGroup:i=2
}

entity{
  _template:t="respawnChooser+respTeam2"
  transform:m=[[-0.241263, -0.00199092, 0.970459] [-0.000480182, 0.999998, 0.00193214] [-0.970459, 1.58747e-07, -0.241264] [-337.675, 15.995, -234.181]]
  groupName:t="sector_2_a"
  active:b=no
  respawnBaseGroup:i=2
}

entity{
  _template:t="respawnChooser+respTeam2"
  transform:m=[[-0.389644, -0.00199092, 0.920963] [-0.000775603, 0.999998, 0.00183363] [-0.920965, 1.6073e-07, -0.389645] [-335.104, 15.995, -232.396]]
  groupName:t="sector_2_a"
  active:b=no
  respawnBaseGroup:i=2
}

entity{
  _template:t="respawnChooser+respTeam2"
  transform:m=[[0.148991, -0.00199092, 0.988837] [0.000296784, 0.999998, 0.00196867] [-0.988839, 1.57448e-07, 0.148991] [-263.786, 15.7556, -211.019]]
  groupName:t="sector_2_a"
  active:b=no
  respawnBaseGroup:i=1
}

entity{
  _template:t="respawnChooser+respTeam2"
  transform:m=[[-0.735375, -0.00199092, 0.677659] [-0.00146396, 0.999998, 0.00134928] [-0.67766, 1.58807e-07, -0.735376] [-266.446, 15.9822, -215.113]]
  groupName:t="sector_2_a"
  active:b=no
  respawnBaseGroup:i=1
}

entity{
  _template:t="respawnChooser+respMotorcycle"
  transform:m=[[-0.353414, 0.00544948, 0.935452] [-0.0417715, 0.998894, -0.0216003] [-0.934534, -0.046709, -0.352795] [-395.947, 16.0644, -348.073]]
  team:i=2
  groupName:t="sector_2_a"
  active:b=no
}

entity{
  _template:t="respawnChooser+respVehicle+vehicle_resp_soft_ground_collision"
  transform:m=[[-0.353414, 0.00544948, 0.935452] [-0.0417715, 0.998894, -0.0216003] [-0.934534, -0.046709, -0.352795] [-396.5, 16.0553, -348.061]]
  team:i=2
  respawnBaseGroup:i=1
  maxVehicleOnSpawn:i=2
  respTime:i=120
  groupName:t="sector_2_a"
  active:b=no
}

entity{
  _template:t="resupply_for_ground_vehicle_zone"
  transform:m=[[-0.0119736, -0.0333776, 0.999372] [-0.000399783, 0.999443, 0.0333752] [-0.999929, 9.08631e-08, -0.0119803] [-406.246, 16.2365, -351.367]]
  resupply_zone__team:i=2
  groupName:t="sector_2_a"
  active:b=no
}

entity{
  _template:t="respawnChooser+respTeam1"
  transform:m=[[-0.712359, 0.0, -0.701816] [0.0, 1.0, 0.0] [0.701816, 0.0, -0.712359] [-247.883, 16.0964, 54.8496]]
  groupName:t="sector_2_a"
  active:b=no
  respawnBaseGroup:i=2
}

entity{
  _template:t="respawnChooser+respTeam1"
  transform:m=[[-0.903197, 0.0, -0.429226] [0.0, 1.0, 0.0] [0.429226, 0.0, -0.903197] [-263.974, 16.0964, 61.8745]]
  groupName:t="sector_2_a"
  active:b=no
  respawnBaseGroup:i=2
}

entity{
  _template:t="respawnChooser+respTeam1"
  transform:m=[[-0.989434, 0.0, -0.144981] [0.0, 1.0, 0.0] [0.144981, 0.0, -0.989434] [-220.032, 16.2884, 26.4231]]
  groupName:t="sector_2_a"
  active:b=no
  respawnBaseGroup:i=1
}

entity{
  _template:t="respawnChooser+respTeam1"
  transform:m=[[-0.996586, 0.0, 0.0825552] [0.0, 1.0, 0.0] [-0.0825552, 0.0, -0.996586] [-206.301, 16.2884, 8.35855]]
  groupName:t="sector_2_a"
  active:b=no
  respawnBaseGroup:i=1
}

entity{
  _template:t="respawnChooser+respMotorcycle"
  transform:m=[[0.602494, 0.0854253, -0.793536] [-0.0516573, 0.996345, 0.068037] [0.79645, 2.14376e-08, 0.604706] [-344.925, 15.6686, 132.283]]
  team:i=1
  groupName:t="sector_2_a"
  active:b=no
}

entity{
  _template:t="respawnChooser+respVehicle+vehicle_resp_soft_ground_collision"
  transform:m=[[0.602494, 0.0854253, -0.793536] [-0.0516573, 0.996345, 0.068037] [0.79645, 2.14376e-08, 0.604706] [-344.282, 15.6686, 132.305]]
  team:i=1
  respawnBaseGroup:i=1
  maxVehicleOnSpawn:i=2
  respTime:i=120
  groupName:t="sector_2_a"
  active:b=no
}

entity{
  _template:t="resupply_for_ground_vehicle_zone"
  transform:m=[[0.888493, -0.00489274, 0.458864] [0.00434726, 0.999988, 0.00224505] [-0.45887, 8.85446e-08, 0.888504] [-253.176, 15.2776, 88.8364]]
  resupply_zone__team:i=1
  groupName:t="sector_2_a"
  active:b=no
}

entity{
  _template:t="respawnChooser+respTeam2"
  transform:m=[[-0.270124, -0.00351195, 0.962819] [-0.000948547, 0.999994, 0.00338143] [-0.962826, 1.26386e-07, -0.270126] [-322.517, 15.9693, -101.227]]
  groupName:t="sector_3_a"
  active:b=no
  respawnBaseGroup:i=1
}

entity{
  _template:t="respawnChooser+respTeam2"
  transform:m=[[0.973784, -0.00351195, 0.227446] [0.00341993, 0.999994, 0.000798666] [-0.227448, 1.23073e-07, 0.973791] [-351.796, 15.9693, -96.431]]
  groupName:t="sector_3_a"
  active:b=no
  respawnBaseGroup:i=1
}

entity{
  _template:t="respawnChooser+respTeam2"
  transform:m=[[0.272501, -0.00351195, 0.96215] [0.000957132, 0.999994, 0.00337901] [-0.962156, 1.20617e-07, 0.272503] [-279.366, 15.9693, -101.01]]
  groupName:t="sector_3_a"
  active:b=no
  respawnBaseGroup:i=2
}

entity{
  _template:t="respawnChooser+respTeam2"
  transform:m=[[0.448975, -0.00351195, 0.893538] [0.0015769, 0.999994, 0.00313802] [-0.893543, 1.25551e-07, 0.448978] [-275.729, 15.9693, -102.027]]
  groupName:t="sector_3_a"
  active:b=no
  respawnBaseGroup:i=2
}

entity{
  _template:t="resupply_for_ground_vehicle_zone"
  transform:m=[[0.888009, -0.0333776, 0.458614] [0.0296562, 0.999443, 0.0153159] [-0.45887, 8.7335e-08, 0.888504] [-394.736, 16.2365, -234.386]]
  resupply_zone__team:i=2
  groupName:t="sector_3_a"
  active:b=no
}

entity{
  _template:t="respawnChooser+respTeam1"
  transform:m=[[-0.434959, 0.0, -0.90045] [0.0, 1.0, 0.0] [0.90045, 0.0, -0.434959] [-262.692, 16.0964, 200.34]]
  groupName:t="sector_3_a"
  active:b=no
  respawnBaseGroup:i=1
}

entity{
  _template:t="respawnChooser+respTeam1"
  transform:m=[[-0.44631, 0.0, -0.894878] [0.0, 1.0, 0.0] [0.894878, 0.0, -0.44631] [-255.353, 16.0964, 197.378]]
  groupName:t="sector_3_a"
  active:b=no
  respawnBaseGroup:i=1
}

entity{
  _template:t="respawnChooser+respTeam1"
  transform:m=[[0.0865797, 0.0, -0.996245] [0.0, 1.0, 0.0] [0.996245, -0.0, 0.0865797] [-205.177, 16.0964, 188.528]]
  groupName:t="sector_3_a"
  active:b=no
  respawnBaseGroup:i=2
}

entity{
  _template:t="respawnChooser+respTeam1"
  transform:m=[[-0.13092, 0.0, -0.991393] [0.0, 1.0, 0.0] [0.991393, 0.0, -0.13092] [-172.119, 16.0964, 174.785]]
  groupName:t="sector_3_a"
  active:b=no
  respawnBaseGroup:i=2
}

entity{
  _template:t="respawnChooser+respVehicle+vehicle_resp_soft_ground_collision"
  transform:m=[[-0.432505, 0.0854253, -0.897574] [0.0370825, 0.996345, 0.0769571] [0.900869, 2.11248e-08, -0.434093] [-204.958, 15.7974, 264.743]]
  team:i=1
  respawnBaseGroup:i=1
  maxVehicleOnSpawn:i=2
  respTime:i=120
  groupName:t="sector_3_a"
  active:b=no
}

entity{
  _template:t="respawnChooser+respMotorcycle"
  transform:m=[[-0.432505, 0.0854253, -0.897574] [0.0370825, 0.996345, 0.0769571] [0.900869, 2.11248e-08, -0.434093] [-205.567, 15.7974, 264.545]]
  team:i=1
  groupName:t="sector_3_a"
  active:b=no
}

entity{
  _template:t="resupply_for_ground_vehicle_zone"
  transform:m=[[0.888493, -0.00489274, 0.458864] [0.00434726, 0.999988, 0.00224505] [-0.45887, 8.85446e-08, 0.888504] [-106.431, 15.2776, 169.162]]
  resupply_zone__team:i=1
  groupName:t="sector_3_a"
  active:b=no
}

entity{
  _template:t="respawnChooser+respTeam2"
  transform:m=[[0.898714, -0.00351195, 0.438521] [0.00315631, 0.999994, 0.00153996] [-0.438524, 1.29647e-07, 0.89872] [-286.749, 15.9693, -20.1507]]
  groupName:t="sector_4_a"
  active:b=no
  respawnBaseGroup:i=1
}

entity{
  _template:t="respawnChooser+respTeam2"
  transform:m=[[0.702393, -0.00351195, 0.71178] [0.00246688, 0.999994, 0.00249966] [-0.711785, 1.27764e-07, 0.702398] [-290.817, 15.9693, -13.2466]]
  groupName:t="sector_4_a"
  active:b=no
  respawnBaseGroup:i=1
}

entity{
  _template:t="respawnChooser+respTeam2"
  transform:m=[[0.0985257, -0.00351195, 0.995129] [0.000346146, 0.999994, 0.00349485] [-0.995135, 1.27549e-07, 0.0985264] [-249.617, 15.9693, -46.0008]]
  groupName:t="sector_4_a"
  active:b=no
  respawnBaseGroup:i=2
}

entity{
  _template:t="resupply_for_ground_vehicle_zone"
  transform:m=[[0.888009, -0.0333776, 0.458614] [0.0296562, 0.999443, 0.0153159] [-0.45887, 8.7335e-08, 0.888504] [-245.13, 16.2365, -73.9116]]
  resupply_zone__team:i=2
  groupName:t="sector_4_a"
  active:b=no
}

entity{
  _template:t="respawnChooser+respTeam1"
  transform:m=[[-0.98754, 0.0, -0.157365] [0.0, 1.0, 0.0] [0.157365, 0.0, -0.98754] [-72.4233, 16.0964, 176.076]]
  groupName:t="sector_4_a"
  active:b=no
  respawnBaseGroup:i=1
}

entity{
  _template:t="respawnChooser+respTeam1"
  transform:m=[[-0.418715, 0.0, -0.908118] [0.0, 1.0, 0.0] [0.908118, 0.0, -0.418715] [-72.2919, 16.0964, 171.577]]
  groupName:t="sector_4_a"
  active:b=no
  respawnBaseGroup:i=1
}

entity{
  _template:t="respawnChooser+respTeam1"
  transform:m=[[0.321467, 0.0, -0.946921] [0.0, 1.0, 0.0] [0.946921, -0.0, 0.321467] [-146.805, 16.0964, 256.869]]
  groupName:t="sector_4_a"
  active:b=no
  respawnBaseGroup:i=2
}

entity{
  _template:t="respawnChooser+respTeam1"
  transform:m=[[0.0415694, 0.0, -0.999136] [0.0, 1.0, 0.0] [0.999136, -0.0, 0.0415694] [-181.532, 16.0964, 261.057]]
  groupName:t="sector_4_a"
  active:b=no
  respawnBaseGroup:i=2
}

entity{
  _template:t="respawnChooser+respMotorcycle"
  transform:m=[[0.597438, 0.0823324, -0.797677] [-0.0550893, 0.99658, 0.0616019] [0.800021, 0.00714017, 0.599931] [-198.897, 15.7974, 347.082]]
  team:i=1
  groupName:t="sector_4_a"
  active:b=no
}

entity{
  _template:t="respawnChooser+respVehicle+vehicle_resp_soft_ground_collision"
  transform:m=[[0.597438, 0.0823324, -0.797677] [-0.0550893, 0.99658, 0.0616019] [0.800021, 0.00714017, 0.599931] [-198.674, 15.7986, 347.137]]
  team:i=1
  respawnBaseGroup:i=1
  maxVehicleOnSpawn:i=2
  respTime:i=120
  groupName:t="sector_4_a"
  active:b=no
}

entity{
  _template:t="resupply_for_ground_vehicle_zone"
  transform:m=[[0.888493, -0.00489274, 0.458864] [0.00434726, 0.999988, 0.00224505] [-0.45887, 8.85446e-08, 0.888504] [-201.115, 15.2776, 346.176]]
  resupply_zone__team:i=1
  groupName:t="sector_4_a"
  active:b=no
}

entity{
  _template:t="respawnChooser+respTeam1"
  transform:m=[[-0.662056, 0.0, -0.749453] [0.0, 1.0, 0.0] [0.749453, 0.0, -0.662056] [-86.6323, 16.0964, 358.517]]
  groupName:t="sector_5_a"
  active:b=no
  respawnBaseGroup:i=2
}

entity{
  _template:t="respawnChooser+respTeam1"
  transform:m=[[0.216046, 0.0, -0.976383] [0.0, 1.0, 0.0] [0.976383, -0.0, 0.216046] [-264.004, 16.0964, 442.691]]
  groupName:t="sector_5_a"
  active:b=no
  respawnBaseGroup:i=1
}

entity{
  _template:t="respawnChooser+respTeam1"
  transform:m=[[-0.970256, 0.00213728, 0.242068] [0.00219737, 0.999998, -2.17668e-05] [-0.242068, 0.000510793, -0.970259] [-101.424, 16.0964, 369.452]]
  groupName:t="sector_5_a"
  active:b=no
  respawnBaseGroup:i=2
}

entity{
  _template:t="respawnChooser+respVehicle+vehicle_resp_soft_ground_collision"
  transform:m=[[0.414868, 0.0854253, -0.905862] [-0.0355704, 0.996345, 0.0776675] [0.909187, 4.7305e-08, 0.416391] [-198.277, 16.7022, 542.514]]
  team:i=1
  respawnBaseGroup:i=1
  maxVehicleOnSpawn:i=2
  respTime:i=120
  groupName:t="sector_5_a"
  active:b=no
}

entity{
  _template:t="respawnChooser+respMotorcycle"
  transform:m=[[0.414868, 0.0854253, -0.905862] [-0.0355704, 0.996345, 0.0776675] [0.909187, 4.7305e-08, 0.416391] [-198.507, 16.7022, 542.507]]
  team:i=1
  groupName:t="sector_5_a"
  active:b=no
}

entity{
  _template:t="resupply_for_ground_vehicle_zone"
  transform:m=[[0.888493, -0.00489274, 0.458864] [0.00434726, 0.999988, 0.00224505] [-0.45887, 8.85446e-08, 0.888504] [-146.988, 15.2776, 527.887]]
  resupply_zone__team:i=1
  groupName:t="sector_5_a"
  active:b=no
}

entity{
  _template:t="respawnChooser+respTeam2"
  transform:m=[[0.849609, -0.00351195, 0.527403] [0.00298387, 0.999994, 0.00185212] [-0.527406, 1.24744e-07, 0.849614] [-281.963, 15.9693, 156.281]]
  groupName:t="sector_5_a"
  active:b=no
  respawnBaseGroup:i=2
}

entity{
  _template:t="respawnChooser+respTeam2"
  transform:m=[[0.0558443, -0.00351195, 0.998434] [0.000196248, 0.999994, 0.00350646] [-0.99844, 1.2505e-07, 0.0558446] [-221.327, 15.9693, 139.197]]
  groupName:t="sector_5_a"
  active:b=no
  respawnBaseGroup:i=1
}

entity{
  _template:t="respawnChooser+respTeam2"
  transform:m=[[0.0541801, -0.00351195, 0.998526] [0.000190409, 0.999994, 0.00350678] [-0.998532, 1.30886e-07, 0.0541804] [-304.049, 15.9693, 168.446]]
  groupName:t="sector_5_a"
  active:b=no
  respawnBaseGroup:i=2
}

entity{
  _template:t="respawnChooser+respTeam2"
  transform:m=[[-0.0716929, -0.00351195, 0.997422] [-0.000251657, 0.999994, 0.00350292] [-0.997427, 1.26682e-07, -0.0716933] [-289.299, 15.9693, 159.155]]
  groupName:t="sector_5_a"
  active:b=no
  respawnBaseGroup:i=2
}

entity{
  _template:t="respawnChooser+respTeam2"
  transform:m=[[-0.242352, -0.00351195, 0.970182] [-0.000851012, 0.999994, 0.00340728] [-0.970189, 1.25523e-07, -0.242354] [-224.157, 15.9693, 139.31]]
  groupName:t="sector_5_a"
  active:b=no
  respawnBaseGroup:i=1
}

entity{
  _template:t="respawnChooser+respTeam1"
  transform:m=[[0.415592, 0.0, -0.909551] [0.0, 1.0, 0.0] [0.909551, -0.0, 0.415592] [-301.67, 16.0964, -53.3264]]
  groupName:t="sector_1_a"
  active:b=no
  respawnBaseGroup:i=1
}

entity{
  _template:t="respawnChooser+respTeam1"
  transform:m=[[0.0311627, 0.0, -0.999514] [0.0, 1.0, 0.0] [0.999514, -0.0, 0.0311627] [-333.583, 16.0964, -49.7206]]
  groupName:t="sector_1_a"
  active:b=no
  respawnBaseGroup:i=1
}

entity{
  _template:t="respawnChooser+respTeam1"
  transform:m=[[-0.698101, 0.0, -0.715999] [0.0, 1.0, 0.0] [0.715999, 0.0, -0.698101] [-122.022, 16.0964, 238.122]]
  groupName:t="sector_4_a"
  active:b=no
  respawnBaseGroup:i=1
}

entity{
  _template:t="respawnChooser+respTeam1"
  transform:m=[[-0.339361, 0.0, -0.940657] [0.0, 1.0, 0.0] [0.940657, 0.0, -0.339361] [-223.185, 16.0964, 270.116]]
  groupName:t="sector_4_a"
  active:b=no
  respawnBaseGroup:i=2
}

entity{
  _template:t="respawnChooser+respTeam1"
  transform:m=[[-0.403669, 0.0, -0.914905] [0.0, 1.0, 0.0] [0.914905, 0.0, -0.403669] [-228.589, 16.0964, 269.055]]
  groupName:t="sector_4_a"
  active:b=no
  respawnBaseGroup:i=2
}

entity{
  _template:t="respawnChooser+respTeam2"
  transform:m=[[-0.0261065, -0.00351195, 0.999653] [-9.15614e-05, 0.999994, 0.00351076] [-0.99966, 1.23998e-07, -0.0261067] [-242.788, 15.9693, -48.6783]]
  groupName:t="sector_4_a"
  active:b=no
  respawnBaseGroup:i=2
}

entity{
  _template:t="respawnChooser+respTeam2"
  transform:m=[[-0.176402, -0.00351195, 0.984312] [-0.000619397, 0.999994, 0.0034569] [-0.984319, 1.24079e-07, -0.176403] [-233.795, 15.9693, -51.1384]]
  groupName:t="sector_4_a"
  active:b=no
  respawnBaseGroup:i=2
}

entity{
  _template:t="resupply_for_ground_vehicle_zone"
  transform:m=[[0.888009, -0.0333776, 0.458614] [0.0296562, 0.999443, 0.0153159] [-0.45887, 8.7335e-08, 0.888504] [-261.368, 16.2365, 79.4178]]
  resupply_zone__team:i=2
  groupName:t="sector_5_a"
  active:b=no
}

entity{
  _template:t="respawnChooser+respTeam1"
  transform:m=[[-0.896618, 0.0, -0.442804] [0.0, 1.0, 0.0] [0.442804, 0.0, -0.896618] [-146.428, 16.0964, 432.264]]
  groupName:t="sector_5_a"
  active:b=no
  respawnBaseGroup:i=2
}

entity{
  _template:t="respawnChooser+respTeam1"
  transform:m=[[-0.0347615, 0.0, -0.999396] [0.0, 1.0, 0.0] [0.999396, 0.0, -0.0347615] [-251.224, 16.0964, 449.3]]
  groupName:t="sector_5_a"
  active:b=no
  respawnBaseGroup:i=1
}

entity{
  _template:t="respawnChooser+respTeam1"
  transform:m=[[-0.990264, 0.0, -0.139203] [0.0, 1.0, 0.0] [0.139203, 0.0, -0.990264] [-148.208, 16.0964, 132.339]]
  groupName:t="sector_3_a"
  active:b=no
  respawnBaseGroup:i=2
}

entity{
  _template:t="respawnChooser+respVehicle+vehicle_resp_soft_ground_collision"
  transform:m=[[-0.657801, 0.00544948, 0.753172] [-0.0316002, 0.998894, -0.0348261] [-0.752529, -0.046709, -0.656901] [-338.192, 16.0553, -216.851]]
  team:i=2
  respawnBaseGroup:i=1
  maxVehicleOnSpawn:i=2
  respTime:i=120
  groupName:t="sector_3_a"
  active:b=no
}

entity{
  _template:t="respawnChooser+respMotorcycle"
  transform:m=[[-0.657801, 0.00544948, 0.753172] [-0.0316002, 0.998894, -0.0348261] [-0.752529, -0.046709, -0.656901] [-337.669, 16.0644, -216.669]]
  team:i=2
  groupName:t="sector_3_a"
  active:b=no
}

entity{
  _template:t="respawnChooser+respVehicle+vehicle_resp_soft_ground_collision"
  transform:m=[[0.396052, 0.00544948, 0.918212] [-0.045046, 0.998894, 0.0135014] [-0.917122, -0.046709, 0.395859] [-247.857, 16.0553, -112.335]]
  team:i=2
  respawnBaseGroup:i=1
  maxVehicleOnSpawn:i=2
  respTime:i=120
  groupName:t="sector_4_a"
  active:b=no
}

entity{
  _template:t="respawnChooser+respMotorcycle"
  transform:m=[[0.396052, 0.00544948, 0.918212] [-0.045046, 0.998894, 0.0135014] [-0.917122, -0.046709, 0.395859] [-247.468, 16.0644, -112.728]]
  team:i=2
  groupName:t="sector_4_a"
  active:b=no
}

entity{
  _template:t="respawnChooser+respMotorcycle"
  transform:m=[[-0.488447, 0.00544948, 0.872577] [-0.0380995, 0.998894, -0.0275655] [-0.871761, -0.046709, -0.487699] [-226.807, 16.0644, 71.4012]]
  team:i=2
  groupName:t="sector_5_a"
  active:b=no
}

entity{
  _template:t="respawnChooser+respVehicle+vehicle_resp_soft_ground_collision"
  transform:m=[[-0.488447, 0.00544948, 0.872577] [-0.0380995, 0.998894, -0.0275655] [-0.871761, -0.046709, -0.487699] [-227.356, 16.0553, 71.3309]]
  team:i=2
  respawnBaseGroup:i=1
  maxVehicleOnSpawn:i=2
  respTime:i=120
  groupName:t="sector_5_a"
  active:b=no
}

entity{
  _template:t="respawnChooser+respTeam2"
  transform:m=[[0.826848, 0.00483725, 0.562404] [-0.00399969, 0.999989, -0.00272057] [-0.56241, 5.46312e-08, 0.826857] [-375.84, 16.1151, -280.626]]
  groupName:t="sector_1_b"
  active:b=no
  respawnBaseGroup:i=1
}

entity{
  _template:t="respawnChooser+respTeam2"
  transform:m=[[-0.0119253, 0.00483725, 0.999917] [5.77409e-05, 0.999989, -0.00483691] [-0.999928, 5.47195e-08, -0.0119254] [-358.428, 16.1151, -289.29]]
  groupName:t="sector_1_b"
  active:b=no
  respawnBaseGroup:i=1
}

entity{
  _template:t="respawnChooser+respTeam2"
  transform:m=[[-0.6113, -0.00199092, 0.791397] [-0.00121693, 0.999998, 0.00157571] [-0.7914, 1.56908e-07, -0.611302] [-269.754, 16.0933, -310.061]]
  groupName:t="sector_1_b"
  active:b=no
  respawnBaseGroup:i=2
}

entity{
  _template:t="respawnChooser+respTeam2"
  transform:m=[[-0.811311, -0.00199092, 0.584612] [-0.00161517, 0.999998, 0.00116404] [-0.584614, 1.56877e-07, -0.811314] [-270.629, 16.0933, -311.526]]
  groupName:t="sector_1_b"
  active:b=no
  respawnBaseGroup:i=2
}

entity{
  _template:t="respawnChooser+respVehicle+vehicle_resp_soft_ground_collision"
  transform:m=[[-0.828782, -0.0129911, 0.559421] [-0.0368904, 0.998824, -0.031458] [-0.558354, -0.046709, -0.828286] [-315.26, 16.2196, -390.237]]
  team:i=2
  respawnBaseGroup:i=1
  maxVehicleOnSpawn:i=2
  respTime:i=120
  groupName:t="sector_1_b"
  active:b=no
}

entity{
  _template:t="respawnChooser+respMotorcycle"
  transform:m=[[-0.828782, -0.0129911, 0.559421] [-0.0368904, 0.998824, -0.031458] [-0.558354, -0.046709, -0.828286] [-315.161, 16.2287, -389.954]]
  team:i=2
  groupName:t="sector_1_b"
  active:b=no
}

entity{
  _template:t="resupply_for_ground_vehicle_zone"
  transform:m=[[-0.407977, -0.0333776, 0.912382] [-0.0136248, 0.999443, 0.0304701] [-0.912891, 5.93795e-08, -0.408205] [-403.896, 16.0902, -353.859]]
  resupply_zone__team:i=2
  groupName:t="sector_1_b"
  active:b=no
}

entity{
  _template:t="respawnChooser+respTeam1"
  transform:m=[[-0.99839, 0.0, -0.0566991] [0.0, 1.0, 0.0] [0.0566991, 0.0, -0.99839] [-192.221, 16.0964, -79.0677]]
  groupName:t="sector_1_b"
  active:b=no
  respawnBaseGroup:i=2
}

entity{
  _template:t="respawnChooser+respTeam1"
  transform:m=[[-0.783495, 0.0, -0.621397] [0.0, 1.0, 0.0] [0.621397, 0.0, -0.783495] [-175.173, 16.0964, -106.832]]
  groupName:t="sector_1_b"
  active:b=no
  respawnBaseGroup:i=2
}

entity{
  _template:t="respawnChooser+respTeam1"
  transform:m=[[-0.00995668, 0.0, -0.99995] [0.0, 1.0, 0.0] [0.99995, 0.0, -0.00995668] [-305.508, 16.0964, -15.142]]
  groupName:t="sector_1_b"
  active:b=no
  respawnBaseGroup:i=1
}

entity{
  _template:t="respawnChooser+respTeam1"
  transform:m=[[-0.086195, 0.0, -0.996278] [0.0, 1.0, 0.0] [0.996278, 0.0, -0.086195] [-248.922, 16.0964, -25.9648]]
  groupName:t="sector_1_b"
  active:b=no
  respawnBaseGroup:i=1
}

entity{
  _template:t="respawnChooser+respVehicle+vehicle_resp_soft_ground_collision"
  transform:m=[[0.207698, -0.00342044, -0.978187] [-0.000519846, 0.999994, -0.00360707] [0.978194, 0.00125769, 0.207695] [-234.342, 17.084, 80.831]]
  team:i=1
  respawnBaseGroup:i=1
  maxVehicleOnSpawn:i=2
  respTime:i=120
  groupName:t="sector_1_b"
  active:b=no
}

entity{
  _template:t="respawnChooser+respMotorcycle"
  transform:m=[[0.207698, -0.00342044, -0.978187] [-0.000519846, 0.999994, -0.00360707] [0.978194, 0.00125769, 0.207695] [-234.493, 17.084, 80.7062]]
  team:i=1
  groupName:t="sector_1_b"
  active:b=no
}

entity{
  _template:t="resupply_for_ground_vehicle_zone"
  transform:m=[[0.888493, -0.00489274, 0.458864] [0.00434726, 0.999988, 0.00224505] [-0.45887, 8.85446e-08, 0.888504] [-195.059, 15.1788, 55.7516]]
  resupply_zone__team:i=1
  groupName:t="sector_1_b"
  active:b=no
}

entity{
  _template:t="respawnChooser+respTeam1"
  transform:m=[[-0.185639, 0.0, -0.982618] [0.0, 1.0, 0.0] [0.982618, 0.0, -0.185639] [-272.242, 16.0964, 25.0452]]
  groupName:t="sector_2_b"
  active:b=no
  respawnBaseGroup:i=2
}

entity{
  _template:t="respawnChooser+respTeam1"
  transform:m=[[-0.71946, 0.0, -0.694534] [0.0, 1.0, 0.0] [0.694534, 0.0, -0.71946] [-274.14, 16.0964, 26.0519]]
  groupName:t="sector_2_b"
  active:b=no
  respawnBaseGroup:i=2
}

entity{
  _template:t="respawnChooser+respTeam1"
  transform:m=[[-0.921695, 0.0, -0.387914] [0.0, 1.0, 0.0] [0.387914, 0.0, -0.921695] [-232.689, 16.2884, -5.53136]]
  groupName:t="sector_2_b"
  active:b=no
  respawnBaseGroup:i=1
}

entity{
  _template:t="respawnChooser+respTeam1"
  transform:m=[[-0.455476, 0.0, -0.890248] [0.0, 1.0, 0.0] [0.890248, 0.0, -0.455476] [-230.924, 16.2884, -7.18513]]
  groupName:t="sector_2_b"
  active:b=no
  respawnBaseGroup:i=1
}

entity{
  _template:t="respawnChooser+respVehicle+vehicle_resp_soft_ground_collision"
  transform:m=[[0.602494, 0.0854253, -0.793536] [-0.0516573, 0.996345, 0.068037] [0.79645, 2.14376e-08, 0.604706] [-343.829, 15.6686, 131.883]]
  team:i=1
  respawnBaseGroup:i=1
  maxVehicleOnSpawn:i=2
  respTime:i=120
  groupName:t="sector_2_b"
  active:b=no
}

entity{
  _template:t="respawnChooser+respMotorcycle"
  transform:m=[[0.602494, 0.0854253, -0.793536] [-0.0516573, 0.996345, 0.068037] [0.79645, 2.14376e-08, 0.604706] [-344.333, 15.6686, 131.765]]
  team:i=1
  groupName:t="sector_2_b"
  active:b=no
}

entity{
  _template:t="resupply_for_ground_vehicle_zone"
  transform:m=[[0.888493, -0.00489274, 0.458864] [0.00434726, 0.999988, 0.00224505] [-0.45887, 8.85446e-08, 0.888504] [-253.568, 15.2776, 88.9138]]
  resupply_zone__team:i=1
  groupName:t="sector_2_b"
  active:b=no
}

entity{
  _template:t="respawnChooser+respTeam2"
  transform:m=[[-0.19314, -0.00199092, 0.98117] [-0.000384372, 0.999998, 0.00195346] [-0.981171, 1.56962e-07, -0.19314] [-339.73, 15.995, -249.347]]
  groupName:t="sector_2_b"
  active:b=no
  respawnBaseGroup:i=2
}

entity{
  _template:t="respawnChooser+respTeam2"
