import{
  scene:t="content/enlisted/gamedata/scenes/_stalingrad_sounds.blk"
  scene:t="content/enlisted/gamedata/scenes/_stalingrad_city_biome_fx.blk"
}

entity{
  _template:t="gun_game_mode_logic"

  "gun_game__levels:array"{

    "gun_game__levels:object"{
      weaponSlot:t="primary"
      levelKills:i=1

      "weapons:list<t>"{
        item:t="winchester_1895_gun"
      }
    }

    "gun_game__levels:object"{
      weaponSlot:t="secondary"
      levelKills:i=1

      "weapons:list<t>"{
        item:t="toz_b_gun"
      }
    }

    "gun_game__levels:object"{
      weaponSlot:t="primary"
      levelKills:i=1

      "weapons:list<t>"{
        item:t="gewehr_41_gun"
      }
    }

    "gun_game__levels:object"{
      weaponSlot:t="secondary"
      levelKills:i=2

      "weapons:list<t>"{
        item:t="ppd_3438_gun"
      }
    }

    "gun_game__levels:object"{
      weaponSlot:t="primary"
      levelKills:i=2

      "weapons:list<t>"{
        item:t="mg_13_gun"
      }
    }

    "gun_game__levels:object"{
      weaponSlot:t="secondary"
      levelKills:i=2

      "weapons:list<t>"{
        item:t="sniper_svt_38_gun"
      }

      "additionalWeapInfo:array"{

        "additionalWeapInfo:object"{

          "gunMods:object"{
            scope:t="scope_svt_pu"
          }
        }
      }
    }

    "gun_game__levels:object"{
      weaponSlot:t="primary"
      levelKills:i=2

      "weapons:list<t>"{
        item:t="silenced_erma_emp_gun"
      }

      "selectedAdditionalInfo:object"{
      }
    }

    "gun_game__levels:object"{
      weaponSlot:t="secondary"
      levelKills:i=2

      "weapons:list<t>"{
        item:t="kb_p_135_gun"
      }
    }

    "gun_game__levels:object"{
      weaponSlot:t="primary"
      levelKills:i=2

      "weapons:list<t>"{
        item:t="ppsh_41_gun"
      }
    }

    "gun_game__levels:object"{
      weaponSlot:t="secondary"
      levelKills:i=2

      "weapons:list<t>"{
        item:t="mg_34_gun"
      }
    }

    "gun_game__levels:object"{
      weaponSlot:t="primary"
      levelKills:i=3

      "weapons:list<t>"{
        item:t="neiman_minethrower_gun"
      }
    }

    "gun_game__levels:object"{
      weaponSlot:t="secondary"
      levelKills:i=3

      "weapons:list<t>"{
        item:t="kar98k_with_scope_mount_gun"
      }

      "additionalWeapInfo:array"{

        "additionalWeapInfo:object"{

          "gunMods:object"{
            scope:t="scope_zf39"
          }
        }
      }
    }

    "gun_game__levels:object"{
      weaponSlot:t="primary"
      levelKills:i=3

      "weapons:list<t>"{
        item:t="roks_3_gun"
      }
    }

    "gun_game__levels:object"{
      weaponSlot:t="secondary"
      levelKills:i=3

      "weapons:list<t>"{
        item:t="p08_luger_artillery_gun"
      }
    }

    "gun_game__levels:object"{
      weaponSlot:t="primary"
      levelKills:i=3

      "weapons:list<t>"{
        item:t="mosin_m91_bramit_gun"
      }
    }

    "gun_game__levels:object"{
      weaponSlot:t="tertiary"
      levelKills:i=3

      "weapons:list<t>"{
        item:t="tk_26_gun"
      }
    }

    "gun_game__levels:object"{
      weaponSlot:t="secondary"
      levelKills:i=3

      "weapons:list<t>"{
        item:t="ptrs_41_gun"
      }
    }

    "gun_game__levels:object"{
      weaponSlot:t="melee"
      levelKills:i=3

      "weapons:list<t>"{
        item:t="axe_weapon"
      }
    }

    "gun_game__levels:object"{
      weaponSlot:t="tertiary"
      levelKills:i=3

      "weapons:list<t>"{
        item:t="nagant_m1895_gun"
      }
    }

    "gun_game__levels:object"{
      weaponSlot:t="melee"
      levelKills:i=1

      "weapons:list<t>"{
        item:t="knife_weapon"
      }
    }
  }
}

entity{
  _template:t="gun_game_mode_sounds"
}

entity{
  _template:t="custom_profile"
  customProfile:t="%enlSqGlob/data/gun_game_profile.json"
}

entity{
  _template:t="box_battle_area"
  transform:m=[[114.583, 0.0, -3.38107] [0.0, 93.1404, 0.0] [2.58436, -0.0, 87.5827] [-293.283, -3.11209, -0.310035]]
}

entity{
  _template:t="minimap_battle_of_stalingrad"
}

entity{
  _template:t="shaderVars"

  "shader_vars__vars:object"{
    puddle_hardness:r=15.0
    puddle_flat_noise_normal_effect:r=0.015
    puddle_flat_normal_hardness:r=25.0
    layered_fog_density:r=0.003
    land_selfillum_worldscale:r=0.9
    puddle_flat_hmap_reduce:r=-0.2
    leaves_ss_profile:p4=1.0, 1.0, 1.0, 0.0
    autodetect_land_selfillum_color:p4=0.53, 0.0, 0.0, 0.16
    paint_details_tex:t="stalingrad_city_wall_color_tex_palette*"
    puddle_increase:r=0.04
    land_selfillum_strength:r=32.0
    puddle_flat_noise_height_reduce:r=0.09
  }
}

entity{
  _template:t="ri_gpu_object"
  ri_gpu_object__name:t="decal_broken_glass_a"
  ri_gpu_object__biom_indexes:p4=18.0, 19.0, 21.0, 22.0
  ri_gpu_object__grid_size:i=16
  ri_gpu_object__grid_tiling:i=1
  ri_gpu_object__cell_size:r=16.0
  ri_gpu_object__incline_delta:r=0.0
  ri_gpu_object__scale_range:p2=1.0, 1.75
  ri_gpu_object__rotate_range:p2=0.0, 360.0
  ri_gpu_object__seed:i=7016
  ri_gpu_object__is_using_normal:b=yes
  ri_gpu_object__up_vector:p3=0.0, 1.0, 0.0
  ri_gpu_object__decal:b=yes
  ri_gpu_object__transparent:b=yes
}

entity{
  _template:t="ri_gpu_object"
  ri_gpu_object__name:t="debris_trash_concrete_column_c"
  ri_gpu_object__grid_size:i=8
  ri_gpu_object__grid_tiling:i=1
  ri_gpu_object__cell_size:r=16.0
  ri_gpu_object__scale_range:p2=0.55, 0.8
  ri_gpu_object__rotate_range:p2=0.0, 360.0
  ri_gpu_object__seed:i=7066
  ri_gpu_object__is_using_normal:b=yes

  "ri_gpu_object__biome_params:array"{
    ri_gpu_object__biome_params:p4=11.0, 1.0, 0.0, 0.0
    ri_gpu_object__biome_params:p4=20.0, 1.0, 0.0, 0.0
    ri_gpu_object__biome_params:p4=22.0, 0.8, 0.0, 0.0
    ri_gpu_object__biome_params:p4=28.0, 0.5, 0.0, 0.0
  }

  "ri_gpu_object__multiple_objects:array"{

    "ri_gpu_object__multiple_objects:object"{
      name:t="debris_trash_concrete_column_c"
      weight:r=2.0
    }

    "ri_gpu_object__multiple_objects:object"{
      name:t="debris_trash_concrete_small_part_a2"
      weight:r=2.0
    }

    "ri_gpu_object__multiple_objects:object"{
      name:t="debris_trash_concrete_column_b"
      weight:r=2.0
    }

    "ri_gpu_object__multiple_objects:object"{
      name:t="debris_trash_concrete_small_part_a1"
      weight:r=2.0
    }

    "ri_gpu_object__multiple_objects:object"{
      name:t="bag_grain_flat_a"
      weight:r=1.0
    }
  }
}

entity{
  _template:t="ri_gpu_object"
  ri_gpu_object__name:t="debris_trash_concrete_small_part_c2"
  ri_gpu_object__grid_size:i=8
  ri_gpu_object__grid_tiling:i=4
  ri_gpu_object__cell_size:r=4.0
  ri_gpu_object__incline_delta:r=10.0
  ri_gpu_object__scale_range:p2=0.1, 0.3
  ri_gpu_object__rotate_range:p2=0.0, 360.0
  ri_gpu_object__seed:i=5128
  ri_gpu_object__is_using_normal:b=yes

  "ri_gpu_object__biome_params:array"{
    ri_gpu_object__biome_params:p4=8.0, 0.8, 0.0, 0.0
    ri_gpu_object__biome_params:p4=11.0, 1.0, 0.0, 0.0
    ri_gpu_object__biome_params:p4=18.0, 0.7, 0.0, 0.0
    ri_gpu_object__biome_params:p4=20.0, 1.0, 0.0, 0.0
    ri_gpu_object__biome_params:p4=27.0, 1.5, 0.0, 0.0
  }

  "ri_gpu_object__multiple_objects:array"{

    "ri_gpu_object__multiple_objects:object"{
      name:t="debris_trash_concrete_small_part_c3"
      weight:r=1.0
    }

    "ri_gpu_object__multiple_objects:object"{
      name:t="debris_trash_concrete_small_part_c2"
      weight:r=1.0
    }

    "ri_gpu_object__multiple_objects:object"{
      name:t="debris_trash_concrete_small_part_b3"
      weight:r=0.5
    }

    "ri_gpu_object__multiple_objects:object"{
      name:t="debris_trash_concrete_small_part_b1"
      weight:r=0.5
    }
  }
}

entity{
  _template:t="ri_gpu_object"
  ri_gpu_object__name:t="debris_bricks_a"
  ri_gpu_object__biom_indexes:p4=22.0, -1.0, -1.0, -1.0
  ri_gpu_object__grid_size:i=8
  ri_gpu_object__grid_tiling:i=12
  ri_gpu_object__cell_size:r=16.0
  ri_gpu_object__scale_range:p2=0.95, 1.0
  ri_gpu_object__rotate_range:p2=0.0, 360.0
  ri_gpu_object__seed:i=2814
  ri_gpu_object__is_using_normal:b=yes

  "ri_gpu_object__multiple_objects:array"{

    "ri_gpu_object__multiple_objects:object"{
      name:t="debris_bricks_a"
      weight:r=15.0
    }

    "ri_gpu_object__multiple_objects:object"{
      name:t="debris_bricks_b"
      weight:r=15.0
    }

    "ri_gpu_object__multiple_objects:object"{
      name:t="debris_bricks_g"
      weight:r=5.0
    }

    "ri_gpu_object__multiple_objects:object"{
      name:t="debris_trash_wood_plank_a"
      weight:r=2.0
    }

    "ri_gpu_object__multiple_objects:object"{
      name:t="debris_trash_wood_plank_b"
      weight:r=2.0
    }

    "ri_gpu_object__multiple_objects:object"{
      name:t="shell_kwk40_a"
      weight:r=3.0
    }

    "ri_gpu_object__multiple_objects:object"{
      name:t="shell_kwk43_b"
      weight:r=3.0
    }

    "ri_gpu_object__multiple_objects:object"{
      name:t="is_soviet_can_b_dmg_a"
      weight:r=2.0
    }

    "ri_gpu_object__multiple_objects:object"{
      name:t="is_soviet_can_c"
      weight:r=2.0
    }

    "ri_gpu_object__multiple_objects:object"{
      name:t="is_soviet_shoe_a"
      weight:r=1.0
    }

    "ri_gpu_object__multiple_objects:object"{
      name:t="is_soviet_shoe_b"
      weight:r=1.0
    }

    "ri_gpu_object__multiple_objects:object"{
      name:t="is_soviet_shoe_c"
      weight:r=1.0
    }

    "ri_gpu_object__multiple_objects:object"{
      name:t="is_soviet_toy_car_truck_a"
      weight:r=0.5
    }

    "ri_gpu_object__multiple_objects:object"{
      name:t="is_soviet_toy_car_sedan_a"
      weight:r=0.5
    }

    "ri_gpu_object__multiple_objects:object"{
      name:t="is_soviet_toy_car_truck_b"
      weight:r=0.5
    }

    "ri_gpu_object__multiple_objects:object"{
      name:t="is_soviet_toy_doll_plastic_a"
      weight:r=0.5
    }

    "ri_gpu_object__multiple_objects:object"{
      name:t="sandbag_single_a"
      weight:r=2.0
    }

    "ri_gpu_object__multiple_objects:object"{
      name:t="sandbag_single_f"
      weight:r=2.0
    }

    "ri_gpu_object__multiple_objects:object"{
      name:t="is_plates_b2_dmg"
      weight:r=2.0
    }

    "ri_gpu_object__multiple_objects:object"{
      name:t="is_soviet_book_d_open"
      weight:r=1.0
    }

    "ri_gpu_object__multiple_objects:object"{
      name:t="is_soviet_book_n_open"
      weight:r=1.0
    }

    "ri_gpu_object__multiple_objects:object"{
      name:t="soviet_sewer_hatch_a"
      weight:r=0.5
    }

    "ri_gpu_object__multiple_objects:object"{
      name:t="soviet_sewer_hatch_b"
      weight:r=0.5
    }

    "ri_gpu_object__multiple_objects:object"{
      name:t="soviet_sewer_hatch_c"
      weight:r=0.5
    }
  }
}

entity{
  _template:t="ri_gpu_object"
  ri_gpu_object__name:t="tree_dry_branches_a"
  ri_gpu_object__grid_size:i=8
  ri_gpu_object__grid_tiling:i=4
  ri_gpu_object__cell_size:r=12.0
  ri_gpu_object__incline_delta:r=0.0
  ri_gpu_object__scale_range:p2=0.85, 1.1
  ri_gpu_object__rotate_range:p2=135.0, 960.0
  ri_gpu_object__seed:i=55112
  ri_gpu_object__is_using_normal:b=yes

  "ri_gpu_object__biome_params:array"{
    ri_gpu_object__biome_params:p4=1.0, 0.8, 0.0, 0.0
    ri_gpu_object__biome_params:p4=6.0, 0.3, 0.0, 0.0
    ri_gpu_object__biome_params:p4=7.0, 0.5, 0.0, 0.0
    ri_gpu_object__biome_params:p4=13.0, 1.0, 0.0, 0.0
  }

  "ri_gpu_object__multiple_objects:array"{

    "ri_gpu_object__multiple_objects:object"{
      name:t="tree_dry_branches_a"
      weight:r=1.0
    }

    "ri_gpu_object__multiple_objects:object"{
      name:t="tree_dry_branches_b"
      weight:r=1.0
    }

    "ri_gpu_object__multiple_objects:object"{
      name:t="tree_dry_branches_c"
      weight:r=1.0
    }

    "ri_gpu_object__multiple_objects:object"{
      name:t="tree_branches_small_a"
      weight:r=0.5
    }

    "ri_gpu_object__multiple_objects:object"{
      name:t="tree_branches_small_b"
      weight:r=0.5
    }

    "ri_gpu_object__multiple_objects:object"{
      name:t="tree_branches_small_c"
      weight:r=0.5
    }

    "ri_gpu_object__multiple_objects:object"{
      name:t="tree_branches_small_d"
      weight:r=0.5
    }

    "ri_gpu_object__multiple_objects:object"{
      name:t="shell_kwk40_a"
      weight:r=1.0
    }

    "ri_gpu_object__multiple_objects:object"{
      name:t="shell_kwk43_b"
      weight:r=1.0
    }
  }
}

entity{
  _template:t="ri_gpu_object"
  ri_gpu_object__name:t="autumn_leaf_pile_a"
  ri_gpu_object__grid_size:i=8
  ri_gpu_object__grid_tiling:i=4
  ri_gpu_object__cell_size:r=4.0
  ri_gpu_object__incline_delta:r=0.0
  ri_gpu_object__scale_range:p2=0.7, 1.15
  ri_gpu_object__rotate_range:p2=0.0, 360.0
  ri_gpu_object__seed:i=1486
  ri_gpu_object__is_using_normal:b=yes

  "ri_gpu_object__biome_params:array"{
    ri_gpu_object__biome_params:p4=1.0, 1.0, 0.0, 0.0
    ri_gpu_object__biome_params:p4=6.0, 0.3, 0.0, 0.0
    ri_gpu_object__biome_params:p4=8.0, 0.3, 0.0, 0.0
  }

  "ri_gpu_object__multiple_objects:array"{

    "ri_gpu_object__multiple_objects:object"{
      name:t="autumn_leaf_pile_a"
      weight:r=1.0
    }

    "ri_gpu_object__multiple_objects:object"{
      name:t="autumn_leaf_pile_b"
      weight:r=1.0
    }

    "ri_gpu_object__multiple_objects:object"{
      name:t="autumn_leaf_pile_c"
      weight:r=1.0
    }

    "ri_gpu_object__multiple_objects:object"{
      name:t="autumn_leaf_pile_d"
      weight:r=1.0
    }

    "ri_gpu_object__multiple_objects:object"{
      name:t="autumn_leaf_pile_e"
      weight:r=1.0
    }
  }
}

entity{
  _template:t="postfx_color_grading_tonemap_death_alive_enlisted"
}

entity{
  _template:t="wind"
}

entity{
  _template:t="session_finalizer"
  session_finalizer__timer:r=10.0
}

entity{
  _template:t="postfx_roundctrl"

  "post_fx:object"{
  }
}

entity{
  _template:t="door_mult_ent_generator"
  ri_extra_gen__blk:t="content/e_stalingrad/gamedata/stalingrad_doors.blk"
}

entity{
  _template:t="sound_effect_generator"
  ri_extra_gen__blk:t="content/e_stalingrad/gamedata/sound/stalingrad_sound_effects.blk"
}

entity{
  _template:t="briefing_gun_game"
  mission_name:t="stalingrad_theatre_gun_game"

  "loading_images:list<t>"{
    item:t="ui/stalingrad_inv_10.jpg"
  }
}

entity{
  _template:t="static_cam"
  camera__active:b=yes
  transform:m=[[-0.596666, -3.7835e-09, 0.802489] [0.000984704, 1.0, 0.000732151] [-0.802489, 0.00122706, -0.596666] [-224.938, 13.5231, 26.6925]]
}

entity{
  _template:t="team_stalingrad_allies+team_narrator_gun_game+respawn_creators_team"
  team__id:i=1
  team__score:r=2500.0
  team__scoreCap:r=2500.0
  score_bleed__domBleed:r=4.0
  score_bleed__domBleedOn:b=no
  score_bleed__totalDomZoneCount:i=3
  score_bleed__totalDomBleedMul:r=2.0
  score_bleed__totalDomBleedOn:b=no
  team__briefing:t="gun_game/common_goals"
  team__numZonesCaptured:i=0
  team__deathPenalty:r=0.0
  team__spawnBotArmy:t="stalingrad_allies"
}

entity{
  _template:t="team_stalingrad_axis+team_narrator_gun_game+respawn_creators_team"
  team__id:i=2
  team__score:r=2500.0
  team__scoreCap:r=2500.0
  score_bleed__domBleed:r=4.0
  score_bleed__domBleedOn:b=no
  score_bleed__totalDomZoneCount:i=3
  score_bleed__totalDomBleedMul:r=2.0
  score_bleed__totalDomBleedOn:b=no
  team__briefing:t="gun_game/common_goals"
  team__numZonesCaptured:i=0
  team__deathPenalty:r=0.0
  team__spawnBotArmy:t="stalingrad_axis"
}

entity{
  _template:t="projectors_manager"
  projectors_manager__atmosphereDensity:r=1.0
  projectors_manager__atmosphereMoveDir:p3=1.0, 0.0, 0.0
  projectors_manager__atmosphereMoveSpeed:r=0.0
  projectors_manager__noiseScale:r=30.0
  projectors_manager__noiseStrength:r=1.0
}

entity{
  _template:t="projector"
  projector__color:p3=0.12, 0.12, 0.12
  projector__angle:r=2.5
  projector__sourceWidth:r=1.0
  projector__xAngleAmplitude:r=17.0
  projector__period:r=16.0
  transform:m=[[0.993579, -0.112724, 0.00965982] [0.113137, 0.98995, -0.0848528] [2.18848e-06, 0.0854008, 0.996347] [678.175, 10.0, -674.301]]
}

entity{
  _template:t="projector"
  projector__color:p3=0.12, 0.12, 0.12
  projector__angle:r=2.0
  projector__sourceWidth:r=1.0
  projector__zAngleAmplitude:r=27.0
  projector__period:r=24.0
  transform:m=[[0.947085, -0.319961, 0.0255969] [-0.320983, -0.944069, 0.0755255] [2.5088e-08, -0.0797452, -0.996815] [449.2, 10.0, 489.2]]
}

entity{
  _template:t="projector"
  projector__color:p3=0.12, 0.12, 0.12
  projector__angle:r=3.0
  projector__sourceWidth:r=1.0
  projector__zAngleAmplitude:r=24.0
  projector__period:r=14.0
  transform:m=[[0.986453, 0.163682, -0.0109121] [-0.164045, 0.984268, -0.0656179] [-3.76747e-08, 0.066519, 0.997785] [915.7, 10.0, -93.4]]
}

entity{
  _template:t="projector"
  projector__color:p3=0.12, 0.12, 0.12
  projector__angle:r=5.0
  projector__sourceWidth:r=1.0
  projector__zAngleAmplitude:r=18.0
  projector__period:r=20.0
  transform:m=[[-0.999924, -0.00141054, -0.0122481] [-0.00143672, 0.999997, 0.00212879] [0.0122451, 0.00214622, -0.999923] [435.062, 6.27525, -684.451]]
}

entity{
  _template:t="projector"
  projector__color:p3=0.12, 0.12, 0.12
  projector__angle:r=6.0
  projector__sourceWidth:r=1.0
  projector__zAngleAmplitude:r=27.0
  projector__period:r=22.0
  transform:m=[[0.987471, 0.157601, 0.007881] [-0.157798, 0.986239, 0.049312] [-9.19876e-07, -0.0499378, 0.998752] [917.557, 10.0, -613.596]]
}

entity{
  _template:t="projector"
  projector__color:p3=0.12, 0.12, 0.12
  projector__angle:r=7.0
  projector__sourceWidth:r=1.0
  projector__zAngleAmplitude:r=22.0
  projector__period:r=24.0
  transform:m=[[0.979645, -0.19962, -0.0211718] [-0.20074, -0.974181, -0.103322] [-2.91538e-08, 0.105469, -0.994423] [1536.9, 10.0, -900.9]]
}

entity{
  _template:t="projector"
  projector__color:p3=0.12, 0.12, 0.12
  projector__angle:r=6.0
  projector__sourceWidth:r=1.0
  projector__zAngleAmplitude:r=17.0
  projector__period:r=18.0
  transform:m=[[0.989228, -0.145985, -0.0108311] [0.146386, 0.986516, 0.0731931] [-4.23149e-08, -0.0739902, 0.997259] [1266.4, 10.0, -405.7]]
}

entity{
  _template:t="projector"
  projector__color:p3=0.12, 0.12, 0.12
  projector__angle:r=3.0
  projector__sourceWidth:r=1.0
  projector__zAngleAmplitude:r=26.0
  projector__period:r=14.0
  transform:m=[[0.989783, -0.141161, -0.0201034] [-0.142585, -0.979895, -0.139552] [7.71265e-08, 0.140993, -0.990011] [466.7, 10.0, -1565.0]]
}

entity{
  _template:t="projector"
  projector__color:p3=0.12, 0.12, 0.12
  projector__angle:r=5.0
  projector__sourceWidth:r=1.0
  projector__zAngleAmplitude:r=27.0
  projector__period:r=28.0
  transform:m=[[0.990793, -0.135226, 0.00660622] [0.135387, 0.989612, -0.0483524] [8.97279e-07, 0.0488016, 0.998809] [-528.115, 10.0, -694.414]]
}

entity{
  _template:t="projector"
  projector__color:p3=0.12, 0.12, 0.12
  projector__angle:r=4.0
  projector__sourceWidth:r=1.0
  projector__zAngleAmplitude:r=16.0
  projector__period:r=24.0
  transform:m=[[0.983735, -0.178902, 0.0161012] [-0.179625, -0.979775, 0.0881798] [1.14989e-08, -0.0896377, -0.995974] [1035.2, 10.0, -349.8]]
}

entity{
  _template:t="projector"
  projector__color:p3=0.12, 0.12, 0.12
  projector__angle:r=2.0
  projector__sourceWidth:r=1.0
  projector__zAngleAmplitude:r=27.0
  projector__period:r=18.0
  transform:m=[[0.983821, 0.177945, -0.0207603] [-0.179152, 0.977194, -0.114006] [4.28705e-08, 0.115881, 0.993263] [724.3, 10.0, 1047.0]]
}

entity{
  _template:t="projector"
  projector__color:p3=0.12, 0.12, 0.12
  projector__angle:r=5.0
  projector__sourceWidth:r=1.0
  projector__zAngleAmplitude:r=18.0
  projector__period:r=14.0
  transform:m=[[0.990771, -0.134661, 0.0154529] [0.135545, 0.984311, -0.112954] [3.96059e-08, 0.114006, 0.99348] [30.4821, 10.0, 609.055]]
}

entity{
  _template:t="projector"
  projector__color:p3=0.12, 0.12, 0.12
  projector__angle:r=4.0
  projector__sourceWidth:r=1.0
  projector__zAngleAmplitude:r=25.0
  projector__period:r=24.0
  transform:m=[[-0.999373, -0.0281364, 0.0214858] [-0.0288033, 0.999092, -0.0313875] [-0.0205832, -0.0319867, -0.999276] [458.887, 4.80889, 842.378]]
}

entity{
  _template:t="projector"
  projector__color:p3=0.12, 0.12, 0.12
  projector__angle:r=6.0
  projector__sourceWidth:r=1.0
  projector__zAngleAmplitude:r=27.0
  projector__period:r=20.0
  transform:m=[[0.991501, 0.129907, -0.00707986] [-0.1301, 0.990032, -0.0539441] [1.56213e-06, 0.0544067, 0.998519] [477.206, 10.0, 553.799]]
}

entity{
  _template:t="projector"
  projector__color:p3=0.12, 0.12, 0.12
  projector__angle:r=7.0
  projector__sourceWidth:r=1.0
  projector__zAngleAmplitude:r=22.0
  projector__period:r=16.0
  transform:m=[[0.978409, 0.205454, 0.0224715] [0.206679, -0.972608, -0.106379] [-3.17192e-08, 0.108727, -0.994072] [717.9, 10.0, 163.3]]
}

entity{
  _template:t="tracer_launcher"
  transform:m=[[1.0, 0.0, 0.0] [0.0, 1.0, 0.0] [0.0, 0.0, 1.0] [664.949, 2.97412, -658.473]]
  tracer_launcher__shoot_direction:p2=120.0, 50.0
  tracer_launcher__bullet_speed:r=500.0
  tracer_launcher__time_to_fire:r=1.1282
  tracer_launcher__long_cooldown_min_max:p2=0.5, 2.0
  tracer_launcher__long_cooldown_probability:r=0.2
  tracer_launcher__short_cooldown:r=0.1
}

entity{
  _template:t="tracer_launcher"
  transform:m=[[1.0, 0.0, 0.0] [0.0, 1.0, 0.0] [0.0, 0.0, 1.0] [60.5271, 2.97412, 606.323]]
  tracer_launcher__bullet_speed:r=500.0
  tracer_launcher__time_to_fire:r=1.1282
  tracer_launcher__long_cooldown_min_max:p2=0.5, 2.0
  tracer_launcher__long_cooldown_probability:r=0.2
  tracer_launcher__short_cooldown:r=0.1
}

entity{
  _template:t="tracer_launcher"
  transform:m=[[1.0, 0.0, 0.0] [0.0, 1.0, 0.0] [0.0, 0.0, 1.0] [336.427, 2.97412, 571.323]]
  tracer_launcher__bullet_speed:r=500.0
  tracer_launcher__time_to_fire:r=1.1282
  tracer_launcher__long_cooldown_min_max:p2=0.5, 2.0
  tracer_launcher__long_cooldown_probability:r=0.2
  tracer_launcher__short_cooldown:r=0.1
}

entity{
  _template:t="tracer_launcher"
  transform:m=[[1.0, 0.0, 0.0] [0.0, 1.0, 0.0] [0.0, 0.0, 1.0] [438.948, 2.97412, 841.778]]
  tracer_launcher__shoot_direction:p2=45.0, 0.0
  tracer_launcher__rotate_range:p2=30.0, 60.0
  tracer_launcher__bullet_speed:r=500.0
  tracer_launcher__time_to_fire:r=1.1282
  tracer_launcher__long_cooldown_min_max:p2=0.5, 2.0
  tracer_launcher__long_cooldown_probability:r=0.2
  tracer_launcher__short_cooldown:r=0.1
}

entity{
  _template:t="tracer_launcher"
  transform:m=[[1.0, 0.0, 0.0] [0.0, 1.0, 0.0] [0.0, 0.0, 1.0] [114.786, 4.34151, 1020.47]]
  tracer_launcher__shoot_direction:p2=180.0, 5.0
  tracer_launcher__rotate_range:p2=50.0, 120.0
  tracer_launcher__bullet_speed:r=500.0
  tracer_launcher__time_to_fire:r=1.1282
  tracer_launcher__long_cooldown_min_max:p2=0.5, 2.0
  tracer_launcher__long_cooldown_probability:r=0.2
  tracer_launcher__short_cooldown:r=0.1
}

entity{
  _template:t="tracer_launcher"
  transform:m=[[1.0, 0.0, 0.0] [0.0, 1.0, 0.0] [0.0, 0.0, 1.0] [1583.91, 2.97412, -118.358]]
  tracer_launcher__bullet_speed:r=500.0
  tracer_launcher__time_to_fire:r=1.1282
  tracer_launcher__long_cooldown_min_max:p2=0.5, 2.0
  tracer_launcher__long_cooldown_probability:r=0.2
  tracer_launcher__short_cooldown:r=0.1
}

entity{
  _template:t="tracer_launcher"
  transform:m=[[1.0, 0.0, 0.0] [0.0, 1.0, 0.0] [0.0, 0.0, 1.0] [1697.8, 2.97412, -317.409]]
  tracer_launcher__bullet_speed:r=500.0
  tracer_launcher__time_to_fire:r=1.1282
  tracer_launcher__long_cooldown_min_max:p2=0.5, 2.0
  tracer_launcher__long_cooldown_probability:r=0.2
  tracer_launcher__short_cooldown:r=0.1
}

entity{
  _template:t="tracer_launcher"
  transform:m=[[1.0, 0.0, 0.0] [0.0, 1.0, 0.0] [0.0, 0.0, 1.0] [899.633, 2.97412, -617.33]]
  tracer_launcher__bullet_speed:r=500.0
  tracer_launcher__time_to_fire:r=1.1282
  tracer_launcher__long_cooldown_min_max:p2=0.5, 2.0
  tracer_launcher__long_cooldown_probability:r=0.2
  tracer_launcher__short_cooldown:r=0.1
  tracer_launcher__rotate_range:p2=10.0, 50.0
}

entity{
  _template:t="envir_background_flash_8s_effect"
  transform:m=[[1.0, 0.0, 0.0] [0.0, 1.0, 0.0] [0.0, 0.0, 1.0] [930.091, 4.67061, -612.149]]
}

entity{
  _template:t="envir_background_flash_11s_effect"
  transform:m=[[1.0, 0.0, 0.0] [0.0, 1.0, 0.0] [0.0, 0.0, 1.0] [657.798, 4.67061, -618.601]]
}

entity{
  _template:t="envir_background_flash_11s_effect"
  transform:m=[[1.0, 0.0, 0.0] [0.0, 1.0, 0.0] [0.0, 0.0, 1.0] [357.995, 4.67061, -639.469]]
}

entity{
  _template:t="envir_background_flash_8s_effect"
  transform:m=[[1.0, 0.0, 0.0] [0.0, 1.0, 0.0] [0.0, 0.0, 1.0] [-579.167, 4.67061, -678.537]]
}

entity{
  _template:t="envir_background_flash_11s_effect"
  transform:m=[[1.0, 0.0, 0.0] [0.0, 1.0, 0.0] [0.0, 0.0, 1.0] [930.453, 4.67061, -62.9545]]
}

entity{
  _template:t="envir_background_flash_8s_effect"
  transform:m=[[1.0, 0.0, 0.0] [0.0, 1.0, 0.0] [0.0, 0.0, 1.0] [405.755, 4.67061, 565.445]]
}

entity{
  _template:t="envir_background_flash_11s_effect"
  transform:m=[[1.0, 0.0, 0.0] [0.0, 1.0, 0.0] [0.0, 0.0, 1.0] [1131.55, 4.67061, -62.1659]]
}

entity{
  _template:t="envir_background_flash_8s_effect"
  transform:m=[[1.0, 0.0, 0.0] [0.0, 1.0, 0.0] [0.0, 0.0, 1.0] [189.61, 4.67061, 583.935]]
}

entity{
  _template:t="envir_background_flash_8s_effect"
  transform:m=[[1.0, 0.0, 0.0] [0.0, 1.0, 0.0] [0.0, 0.0, 1.0] [-329.441, 8.37057, 721.088]]
}

entity{
  _template:t="envir_background_flash_11s_effect"
  transform:m=[[1.0, 0.0, 0.0] [0.0, 1.0, 0.0] [0.0, 0.0, 1.0] [-329.441, 8.37057, 721.088]]
}

entity{
  _template:t="level"
  level__blk:t="content/enlisted/levels/battle_of_stalingrad.blk"
  level__minimapDefaultVisibleRadius:i=75

  "level__weatherChoice:object"{
    weather_cloudy_a:r=1.0
  }

  "level__timeVec:array"{
    level__timeVec:r=8.5
  }
}

entity{
  _template:t="water"
  water__strength:r=1.3
  water__level:r=0.0
}

entity{
  _template:t="gun_game_respawn_base"
  transform:m=[[-0.96994, 0.0, 0.243358] [0.0, 0.999998, 0.0] [-0.243357, 0.0, -0.969937] [-269.957, 9.91103, 18.2278]]
  team:i=1
  gun_game__respawnFriendlyRadius:r=12.0
}

entity{
  _template:t="gun_game_respawn_base"
  transform:m=[[-0.545344, 0.0, -0.838217] [0.0, 0.999998, 0.0] [0.838214, 0.0, -0.545342] [-270.775, 15.9715, 18.7579]]
  team:i=1
  gun_game__respawnFriendlyRadius:r=12.0
}

entity{
  _template:t="gun_game_respawn_base"
  transform:m=[[-0.999998, 0.0, -0.00365887] [0.0, 0.999998, 0.0] [0.00365885, 0.0, -0.999994] [-269.274, 16.3642, -20.9166]]
  team:i=1
}

entity{
  _template:t="gun_game_respawn_base"
  transform:m=[[0.943595, 0.0, -0.331116] [0.0, 0.999997, 0.0] [0.331115, -0.0, 0.943591] [-303.545, 16.3642, -20.3193]]
  team:i=3
  gun_game__respawnFriendlyRadius:r=15.0
}

entity{
  _template:t="gun_game_respawn_base"
  transform:m=[[-0.448879, 0.0, 0.893598] [0.0, 0.999997, 0.0] [-0.893594, 0.0, -0.448877] [-304.606, 16.3643, -17.4042]]
  team:i=2
  gun_game__respawnFriendlyRadius:r=20.0
}

entity{
  _template:t="gun_game_respawn_base"
  transform:m=[[-0.971087, 0.0, -0.238744] [0.0, 0.999997, 0.0] [0.238743, 0.0, -0.971084] [-309.624, 16.3643, 15.5629]]
  team:i=3
  gun_game__respawnFriendlyRadius:r=15.0
}

entity{
  _template:t="gun_game_respawn_base"
  transform:m=[[0.0359472, 0.0, -0.999359] [0.0, 0.999997, 0.0] [0.999354, -0.0, 0.035947] [-299.644, 16.3643, 17.4168]]
  team:i=3
  gun_game__respawnFriendlyRadius:r=15.0
}

entity{
  _template:t="gun_game_respawn_base"
  transform:m=[[-0.880684, 0.0, 0.47371] [0.0, 0.999998, 0.0] [-0.473709, 0.0, -0.880682] [-300.421, 9.86437, 19.3979]]
  team:i=3
  gun_game__respawnFriendlyRadius:r=12.0
}

entity{
  _template:t="gun_game_respawn_base"
  transform:m=[[-0.98464, 0.0, -0.174616] [0.0, 0.999998, 0.0] [0.174615, 0.0, -0.984637] [-270.372, 9.91103, -21.6096]]
  team:i=1
  gun_game__respawnFriendlyRadius:r=15.0
}

entity{
  _template:t="gun_game_respawn_base"
  transform:m=[[-0.997091, 0.0, 0.0762738] [0.0, 0.999998, 0.0] [-0.0762735, 0.0, -0.997088] [-264.087, 7.71707, 13.8993]]
  team:i=3
  gun_game__respawnFriendlyRadius:r=15.0
}

entity{
  _template:t="gun_game_respawn_base"
  transform:m=[[-0.999903, 0.0, 0.0141612] [0.0, 0.999998, 0.0] [-0.0141612, 0.0, -0.9999] [-265.22, 7.71707, -18.0856]]
  team:i=3
  gun_game__respawnFriendlyRadius:r=15.0
}

entity{
  _template:t="gun_game_respawn_base"
  transform:m=[[0.971973, 0.0, -0.23511] [0.0, 0.999998, 0.0] [0.23511, -0.0, 0.971969] [-334.507, 9.91101, -10.8967]]
  team:i=2
  gun_game__respawnFriendlyRadius:r=25.0
}

entity{
  _template:t="gun_game_respawn_base"
  transform:m=[[0.844318, 0.0, 0.53585] [0.0, 0.999998, -0.0] [-0.535848, 0.0, 0.844315] [-332.775, 9.91102, 13.6194]]
  team:i=2
  gun_game__respawnFriendlyRadius:r=15.0
}

entity{
  _template:t="gun_game_respawn_base"
  transform:m=[[0.18672, 0.0, -0.982417] [0.0, 0.999998, 0.0] [0.982414, -0.0, 0.186719] [-289.713, 9.91102, 21.172]]
  team:i=3
  gun_game__respawnFriendlyRadius:r=25.0
}

entity{
  _template:t="gun_game_respawn_base"
  transform:m=[[-0.320617, 0.0, 0.947213] [0.0, 0.999998, 0.0] [-0.94721, 0.0, -0.320616] [-309.121, 9.91101, -20.745]]
  team:i=3
  gun_game__respawnFriendlyRadius:r=15.0
}

entity{
  _template:t="gun_game_respawn_base"
  transform:m=[[-0.209293, 0.0, 0.977857] [0.0, 0.999998, 0.0] [-0.977854, 0.0, -0.209292] [-301.905, 9.91101, -21.0724]]
  team:i=3
}

entity{
  _template:t="gun_game_respawn_base"
  transform:m=[[0.744064, 0.0, 0.668116] [0.0, 0.999997, -0.0] [-0.668113, 0.0, 0.74406] [-274.992, 18.3437, -1.58516]]
  team:i=3
  gun_game__respawnFriendlyRadius:r=20.0
}

entity{
  _template:t="gun_game_respawn_base"
  transform:m=[[0.553557, 0.0, 0.832817] [0.0, 0.999997, -0.0] [-0.832814, 0.0, 0.553555] [-309.649, 16.3643, 15.6918]]
  team:i=2
  gun_game__respawnFriendlyRadius:r=15.0
}

entity{
  _template:t="gun_game_respawn_base"
  transform:m=[[-0.549609, 0.0, 0.835429] [0.0, 0.999997, 0.0] [-0.835424, 0.0, -0.549606] [-299.7, 16.3643, 17.6615]]
  team:i=3
  gun_game__respawnFriendlyRadius:r=15.0
}

entity{
  _template:t="gun_game_respawn_base"
  transform:m=[[0.67705, 0.0, -0.735945] [0.0, 0.999997, 0.0] [0.735941, -0.0, 0.677046] [-275.052, 18.3437, -1.71132]]
  team:i=3
  gun_game__respawnFriendlyRadius:r=20.0
}

entity{
  _template:t="russia_wooden_planks_b"
  transform:m=[[0.0335594, 0.000268314, 0.999437] [-0.00440165, 0.99999, -0.000120662] [-0.999427, -0.00439513, 0.0335602] [-285.342, 15.3067, -18.8485]]
}

entity{
  _template:t="gun_game_respawn_base"
  transform:m=[[-0.0722938, 0.0, -0.997387] [0.0, 0.999998, 0.0] [0.997385, 0.0, -0.0722936] [-300.342, 9.86437, 19.1866]]
  team:i=3
  gun_game__respawnFriendlyRadius:r=12.0
}

entity{
  _template:t="russia_wooden_planks_b"
  transform:m=[[0.999419, 0.000268314, -0.0341028] [-0.000118269, 0.99999, 0.00440172] [0.0341037, -0.00439513, 0.999409] [-294.211, 15.3067, -21.244]]
}

entity{
  _template:t="russia_wooden_planks_b"
  transform:m=[[0.999419, 0.000268314, -0.0341028] [-0.000118269, 0.99999, 0.00440172] [0.0341037, -0.00439513, 0.999409] [-294.211, 16.7566, -21.244]]
}

entity{
  _template:t="sawmill_wood_boards_a"
  transform:m=[[0.996757, 0.0, -0.080475] [0.0, 1.0, 0.0] [0.080475, -0.0, 0.996757] [-283.566, 9.17989, -23.0479]]
}

entity{
  _template:t="sawmill_wood_boards_a"
  transform:m=[[0.996757, 0.0, -0.080475] [0.0, 1.0, 0.0] [0.080475, -0.0, 0.996757] [-328.072, 9.17989, 13.3598]]
}

entity{
  _template:t="sawmill_wood_boards_a"
  transform:m=[[0.996757, 0.0, -0.080475] [0.0, 1.0, 0.0] [0.080475, -0.0, 0.996757] [-328.072, 9.17989, 13.3598]]
}

entity{
  _template:t="russia_wooden_planks_b"
  transform:m=[[1.0, 0.0, 0.0] [0.0, 1.0, 0.0] [0.0, 0.0, 1.0] [-279.723, 9.17988, 19.5914]]
}

entity{
  _template:t="russia_wooden_planks_b"
  transform:m=[[1.0, 0.0, 0.0] [0.0, 1.0, 0.0] [0.0, 0.0, 1.0] [-279.723, 10.6114, 19.5914]]
}

entity{
  _template:t="gun_game_respawn_base"
  transform:m=[[0.912973, 0.0, 0.40803] [0.0, 0.999998, -0.0] [-0.408029, 0.0, 0.91297] [-272.362, 7.82861, -3.31849]]
  team:i=3
  gun_game__respawnFriendlyRadius:r=15.0
}