entity{
  _template:t="battle_area_polygon_point"
  transform:m=[[1.0, 0.0, 0.0] [0.0, 1.0, 0.0] [0.0, 0.0, 1.0] [-594.245, 15.0331, 13.4008]]
  battle_area_polygon_point__id:t="point1"
  battle_area_polygon_point__nextId:t="point2"
  battle_area_polygon_point__forBattleAreaId:t="area2_a_2"
}

entity{
  _template:t="battle_area_polygon_point"
  transform:m=[[1.0, 0.0, 0.0] [0.0, 1.0, 0.0] [0.0, 0.0, 1.0] [-365.847, 15.0331, -100.533]]
  battle_area_polygon_point__id:t="point2"
  battle_area_polygon_point__nextId:t="point3"
  battle_area_polygon_point__forBattleAreaId:t="area2_a_2"
}

entity{
  _template:t="battle_area_polygon_point"
  transform:m=[[1.0, 0.0, 0.0] [0.0, 1.0, 0.0] [0.0, 0.0, 1.0] [-127.333, 15.0331, 384.65]]
  battle_area_polygon_point__id:t="point3"
  battle_area_polygon_point__nextId:t="point4"
  battle_area_polygon_point__forBattleAreaId:t="area2_a_2"
}

entity{
  _template:t="battle_area_polygon_point"
  transform:m=[[1.0, 0.0, 0.0] [0.0, 1.0, 0.0] [0.0, 0.0, 1.0] [-343.512, 15.0331, 495.375]]
  battle_area_polygon_point__id:t="point4"
  battle_area_polygon_point__nextId:t="point1"
  battle_area_polygon_point__forBattleAreaId:t="area2_a_2"
}

entity{
  _template:t="battle_area_polygon_point"
  transform:m=[[1.0, 0.0, 0.0] [0.0, 1.0, 0.0] [0.0, 0.0, 1.0] [-244.345, 15.0331, -160.207]]
  battle_area_polygon_point__id:t="point1"
  battle_area_polygon_point__nextId:t="point2"
  battle_area_polygon_point__forBattleAreaId:t="area2_a_1"
}

entity{
  _template:t="battle_area_polygon_point"
  transform:m=[[1.0, 0.0, 0.0] [0.0, 1.0, 0.0] [0.0, 0.0, 1.0] [-6.01124, 15.0331, 319.95]]
  battle_area_polygon_point__id:t="point2"
  battle_area_polygon_point__nextId:t="point3"
  battle_area_polygon_point__forBattleAreaId:t="area2_a_1"
}

entity{
  _template:t="battle_area_polygon_point"
  transform:m=[[1.0, 0.0, 0.0] [0.0, 1.0, 0.0] [0.0, 0.0, 1.0] [-181.652, 15.0331, 411.508]]
  battle_area_polygon_point__id:t="point3"
  battle_area_polygon_point__nextId:t="point4"
  battle_area_polygon_point__forBattleAreaId:t="area2_a_1"
}

entity{
  _template:t="battle_area_polygon_point"
  transform:m=[[1.0, 0.0, 0.0] [0.0, 1.0, 0.0] [0.0, 0.0, 1.0] [-227.298, 15.0331, 388.873]]
  battle_area_polygon_point__id:t="point4"
  battle_area_polygon_point__nextId:t="point5"
  battle_area_polygon_point__forBattleAreaId:t="area2_a_1"
}

entity{
  _template:t="battle_area_polygon_point"
  transform:m=[[1.0, 0.0, 0.0] [0.0, 1.0, 0.0] [0.0, 0.0, 1.0] [-256.392, 15.0331, 368.461]]
  battle_area_polygon_point__id:t="point5"
  battle_area_polygon_point__nextId:t="point6"
  battle_area_polygon_point__forBattleAreaId:t="area2_a_1"
}

entity{
  _template:t="battle_area_polygon_point"
  transform:m=[[1.0, 0.0, 0.0] [0.0, 1.0, 0.0] [0.0, 0.0, 1.0] [-285.816, 15.0331, 347.818]]
  battle_area_polygon_point__id:t="point6"
  battle_area_polygon_point__nextId:t="point7"
  battle_area_polygon_point__forBattleAreaId:t="area2_a_1"
}

entity{
  _template:t="battle_area_polygon_point"
  transform:m=[[1.0, 0.0, 0.0] [0.0, 1.0, 0.0] [0.0, 0.0, 1.0] [-312.531, 15.0331, 314.021]]
  battle_area_polygon_point__id:t="point7"
  battle_area_polygon_point__nextId:t="point8"
  battle_area_polygon_point__forBattleAreaId:t="area2_a_1"
}

entity{
  _template:t="battle_area_polygon_point"
  transform:m=[[1.0, 0.0, 0.0] [0.0, 1.0, 0.0] [0.0, 0.0, 1.0] [-339.772, 15.0331, 257.31]]
  battle_area_polygon_point__id:t="point8"
  battle_area_polygon_point__nextId:t="point9"
  battle_area_polygon_point__forBattleAreaId:t="area2_a_1"
}

entity{
  _template:t="battle_area_polygon_point"
  transform:m=[[1.0, 0.0, 0.0] [0.0, 1.0, 0.0] [0.0, 0.0, 1.0] [-357.855, 15.0331, 214.932]]
  battle_area_polygon_point__id:t="point9"
  battle_area_polygon_point__nextId:t="point10"
  battle_area_polygon_point__forBattleAreaId:t="area2_a_1"
}

entity{
  _template:t="battle_area_polygon_point"
  transform:m=[[1.0, 0.0, 0.0] [0.0, 1.0, 0.0] [0.0, 0.0, 1.0] [-376.224, 15.0331, 168.716]]
  battle_area_polygon_point__id:t="point10"
  battle_area_polygon_point__nextId:t="point11"
  battle_area_polygon_point__forBattleAreaId:t="area2_a_1"
}

entity{
  _template:t="battle_area_polygon_point"
  transform:m=[[1.0, 0.0, 0.0] [0.0, 1.0, 0.0] [0.0, 0.0, 1.0] [-382.905, 15.0331, 118.906]]
  battle_area_polygon_point__id:t="point11"
  battle_area_polygon_point__nextId:t="point12"
  battle_area_polygon_point__forBattleAreaId:t="area2_a_1"
}

entity{
  _template:t="battle_area_polygon_point"
  transform:m=[[1.0, 0.0, 0.0] [0.0, 1.0, 0.0] [0.0, 0.0, 1.0] [-389.518, 15.0331, 77.6623]]
  battle_area_polygon_point__id:t="point12"
  battle_area_polygon_point__nextId:t="point13"
  battle_area_polygon_point__forBattleAreaId:t="area2_a_1"
}

entity{
  _template:t="battle_area_polygon_point"
  transform:m=[[1.0, 0.0, 0.0] [0.0, 1.0, 0.0] [0.0, 0.0, 1.0] [-420.162, 15.0331, 8.56419]]
  battle_area_polygon_point__id:t="point13"
  battle_area_polygon_point__nextId:t="point14"
  battle_area_polygon_point__forBattleAreaId:t="area2_a_1"
}

entity{
  _template:t="battle_area_polygon_point"
  transform:m=[[1.0, 0.0, 0.0] [0.0, 1.0, 0.0] [0.0, 0.0, 1.0] [-443.186, 15.0331, -61.5915]]
  battle_area_polygon_point__id:t="point14"
  battle_area_polygon_point__nextId:t="point1"
  battle_area_polygon_point__forBattleAreaId:t="area2_a_1"
}

entity{
  _template:t="battle_area_polygon_point"
  transform:m=[[1.0, 0.0, 0.0] [0.0, 1.0, 0.0] [0.0, 0.0, 1.0] [-582.786, 15.0331, 8.07462]]
  battle_area_polygon_point__id:t="point1"
  battle_area_polygon_point__nextId:t="point2"
  battle_area_polygon_point__forBattleAreaId:t="area3_b_2"
}

entity{
  _template:t="battle_area_polygon_point"
  transform:m=[[1.0, 0.0, 0.0] [0.0, 1.0, 0.0] [0.0, 0.0, 1.0] [-283.031, 15.0331, -141.65]]
  battle_area_polygon_point__id:t="point2"
  battle_area_polygon_point__nextId:t="point3"
  battle_area_polygon_point__forBattleAreaId:t="area3_b_2"
}

entity{
  _template:t="battle_area_polygon_point"
  transform:m=[[1.0, 0.0, 0.0] [0.0, 1.0, 0.0] [0.0, 0.0, 1.0] [-234.531, 15.0331, -59.8724]]
  battle_area_polygon_point__id:t="point3"
  battle_area_polygon_point__nextId:t="point4"
  battle_area_polygon_point__forBattleAreaId:t="area3_b_2"
}

entity{
  _template:t="battle_area_polygon_point"
  transform:m=[[1.0, 0.0, 0.0] [0.0, 1.0, 0.0] [0.0, 0.0, 1.0] [-189.952, 15.0331, 29.5514]]
  battle_area_polygon_point__id:t="point4"
  battle_area_polygon_point__nextId:t="point5"
  battle_area_polygon_point__forBattleAreaId:t="area3_b_2"
}

entity{
  _template:t="battle_area_polygon_point"
  transform:m=[[1.0, 0.0, 0.0] [0.0, 1.0, 0.0] [0.0, 0.0, 1.0] [-142.507, 15.0331, 55.7913]]
  battle_area_polygon_point__id:t="point5"
  battle_area_polygon_point__nextId:t="point6"
  battle_area_polygon_point__forBattleAreaId:t="area3_b_2"
}

entity{
  _template:t="battle_area_polygon_point"
  transform:m=[[1.0, 0.0, 0.0] [0.0, 1.0, 0.0] [0.0, 0.0, 1.0] [-32.6762, 15.0331, 275.545]]
  battle_area_polygon_point__id:t="point6"
  battle_area_polygon_point__nextId:t="point7"
  battle_area_polygon_point__forBattleAreaId:t="area3_b_2"
}

entity{
  _template:t="battle_area_polygon_point"
  transform:m=[[1.0, 0.0, 0.0] [0.0, 1.0, 0.0] [0.0, 0.0, 1.0] [-37.3565, 15.0331, 338.49]]
  battle_area_polygon_point__id:t="point7"
  battle_area_polygon_point__nextId:t="point8"
  battle_area_polygon_point__forBattleAreaId:t="area3_b_2"
}

entity{
  _template:t="battle_area_polygon_point"
  transform:m=[[1.0, 0.0, 0.0] [0.0, 1.0, 0.0] [0.0, 0.0, 1.0] [-332.624, 15.0331, 489.482]]
  battle_area_polygon_point__id:t="point8"
  battle_area_polygon_point__nextId:t="point1"
  battle_area_polygon_point__forBattleAreaId:t="area3_b_2"
}

entity{
  _template:t="battle_area_polygon_point"
  transform:m=[[1.0, 0.0, 0.0] [0.0, 1.0, 0.0] [0.0, 0.0, 1.0] [-90.7272, 15.0331, -236.323]]
  battle_area_polygon_point__id:t="point1"
  battle_area_polygon_point__nextId:t="point2"
  battle_area_polygon_point__forBattleAreaId:t="area3_b_1"
}

entity{
  _template:t="battle_area_polygon_point"
  transform:m=[[1.0, 0.0, 0.0] [0.0, 1.0, 0.0] [0.0, 0.0, 1.0] [150.083, 15.0331, 238.158]]
  battle_area_polygon_point__id:t="point2"
  battle_area_polygon_point__nextId:t="point3"
  battle_area_polygon_point__forBattleAreaId:t="area3_b_1"
}

entity{
  _template:t="battle_area_polygon_point"
  transform:m=[[1.0, 0.0, 0.0] [0.0, 1.0, 0.0] [0.0, 0.0, 1.0] [-129.625, 15.0331, 384.31]]
  battle_area_polygon_point__id:t="point3"
  battle_area_polygon_point__nextId:t="point4"
  battle_area_polygon_point__forBattleAreaId:t="area3_b_1"
}

entity{
  _template:t="battle_area_polygon_point"
  transform:m=[[1.0, 0.0, 0.0] [0.0, 1.0, 0.0] [0.0, 0.0, 1.0] [-189.06, 15.0331, 321.909]]
  battle_area_polygon_point__id:t="point4"
  battle_area_polygon_point__nextId:t="point5"
  battle_area_polygon_point__forBattleAreaId:t="area3_b_1"
}

entity{
  _template:t="battle_area_polygon_point"
  transform:m=[[1.0, 0.0, 0.0] [0.0, 1.0, 0.0] [0.0, 0.0, 1.0] [-192.517, 15.0331, 316.652]]
  battle_area_polygon_point__id:t="point5"
  battle_area_polygon_point__nextId:t="point6"
  battle_area_polygon_point__forBattleAreaId:t="area3_b_1"
}

entity{
  _template:t="battle_area_polygon_point"
  transform:m=[[1.0, 0.0, 0.0] [0.0, 1.0, 0.0] [0.0, 0.0, 1.0] [-285.558, 15.0331, 129.197]]
  battle_area_polygon_point__id:t="point6"
  battle_area_polygon_point__nextId:t="point7"
  battle_area_polygon_point__forBattleAreaId:t="area3_b_1"
}

entity{
  _template:t="battle_area_polygon_point"
  transform:m=[[1.0, 0.0, 0.0] [0.0, 1.0, 0.0] [0.0, 0.0, 1.0] [-317.084, 15.0331, 73.9434]]
  battle_area_polygon_point__id:t="point7"
  battle_area_polygon_point__nextId:t="point8"
  battle_area_polygon_point__forBattleAreaId:t="area3_b_1"
}

entity{
  _template:t="battle_area_polygon_point"
  transform:m=[[1.0, 0.0, 0.0] [0.0, 1.0, 0.0] [0.0, 0.0, 1.0] [-332.497, 15.0331, 56.8465]]
  battle_area_polygon_point__id:t="point8"
  battle_area_polygon_point__nextId:t="point9"
  battle_area_polygon_point__forBattleAreaId:t="area3_b_1"
}

entity{
  _template:t="battle_area_polygon_point"
  transform:m=[[1.0, 0.0, 0.0] [0.0, 1.0, 0.0] [0.0, 0.0, 1.0] [-343.995, 15.0331, 37.4906]]
  battle_area_polygon_point__id:t="point9"
  battle_area_polygon_point__nextId:t="point10"
  battle_area_polygon_point__forBattleAreaId:t="area3_b_1"
}

entity{
  _template:t="battle_area_polygon_point"
  transform:m=[[1.0, 0.0, 0.0] [0.0, 1.0, 0.0] [0.0, 0.0, 1.0] [-369.7, 15.0331, 10.632]]
  battle_area_polygon_point__id:t="point10"
  battle_area_polygon_point__nextId:t="point11"
  battle_area_polygon_point__forBattleAreaId:t="area3_b_1"
}

entity{
  _template:t="battle_area_polygon_point"
  transform:m=[[1.0, 0.0, 0.0] [0.0, 1.0, 0.0] [0.0, 0.0, 1.0] [-394.576, 15.0331, -33.085]]
  battle_area_polygon_point__id:t="point11"
  battle_area_polygon_point__nextId:t="point12"
  battle_area_polygon_point__forBattleAreaId:t="area3_b_1"
}

entity{
  _template:t="battle_area_polygon_point"
  transform:m=[[1.0, 0.0, 0.0] [0.0, 1.0, 0.0] [0.0, 0.0, 1.0] [-414.585, 15.0331, -75.6153]]
  battle_area_polygon_point__id:t="point12"
  battle_area_polygon_point__nextId:t="point1"
  battle_area_polygon_point__forBattleAreaId:t="area3_b_1"
}

entity{
  _template:t="battle_area_polygon_point"
  transform:m=[[1.0, 0.0, 0.0] [0.0, 1.0, 0.0] [0.0, 0.0, 1.0] [-451.411, 15.0331, -57.4615]]
  battle_area_polygon_point__id:t="point1"
  battle_area_polygon_point__nextId:t="point2"
  battle_area_polygon_point__forBattleAreaId:t="area4_b_2"
}

entity{
  _template:t="battle_area_polygon_point"
  transform:m=[[1.0, 0.0, 0.0] [0.0, 1.0, 0.0] [0.0, 0.0, 1.0] [-193.683, 15.0331, -185.778]]
  battle_area_polygon_point__id:t="point2"
  battle_area_polygon_point__nextId:t="point3"
  battle_area_polygon_point__forBattleAreaId:t="area4_b_2"
}

entity{
  _template:t="battle_area_polygon_point"
  transform:m=[[1.0, 0.0, 0.0] [0.0, 1.0, 0.0] [0.0, 0.0, 1.0] [-175.172, 15.0331, -147.594]]
  battle_area_polygon_point__id:t="point3"
  battle_area_polygon_point__nextId:t="point4"
  battle_area_polygon_point__forBattleAreaId:t="area4_b_2"
}

entity{
  _template:t="battle_area_polygon_point"
  transform:m=[[1.0, 0.0, 0.0] [0.0, 1.0, 0.0] [0.0, 0.0, 1.0] [-153.84, 15.0331, -105.423]]
  battle_area_polygon_point__id:t="point4"
  battle_area_polygon_point__nextId:t="point5"
  battle_area_polygon_point__forBattleAreaId:t="area4_b_2"
}

entity{
  _template:t="battle_area_polygon_point"
  transform:m=[[1.0, 0.0, 0.0] [0.0, 1.0, 0.0] [0.0, 0.0, 1.0] [-139.934, 15.0331, -112.337]]
  battle_area_polygon_point__id:t="point5"
  battle_area_polygon_point__nextId:t="point6"
  battle_area_polygon_point__forBattleAreaId:t="area4_b_2"
}

entity{
  _template:t="battle_area_polygon_point"
  transform:m=[[1.0, 0.0, 0.0] [0.0, 1.0, 0.0] [0.0, 0.0, 1.0] [-129.542, 15.0331, -91.4901]]
  battle_area_polygon_point__id:t="point6"
  battle_area_polygon_point__nextId:t="point7"
  battle_area_polygon_point__forBattleAreaId:t="area4_b_2"
}

entity{
  _template:t="battle_area_polygon_point"
  transform:m=[[1.0, 0.0, 0.0] [0.0, 1.0, 0.0] [0.0, 0.0, 1.0] [-125.571, 15.0331, -93.6384]]
  battle_area_polygon_point__id:t="point7"
  battle_area_polygon_point__nextId:t="point8"
  battle_area_polygon_point__forBattleAreaId:t="area4_b_2"
}

entity{
  _template:t="battle_area_polygon_point"
  transform:m=[[1.0, 0.0, 0.0] [0.0, 1.0, 0.0] [0.0, 0.0, 1.0] [-110.079, 15.0331, -62.674]]
  battle_area_polygon_point__id:t="point8"
  battle_area_polygon_point__nextId:t="point9"
  battle_area_polygon_point__forBattleAreaId:t="area4_b_2"
}

entity{
  _template:t="battle_area_polygon_point"
  transform:m=[[1.0, 0.0, 0.0] [0.0, 1.0, 0.0] [0.0, 0.0, 1.0] [-93.6711, 15.0331, -29.5877]]
  battle_area_polygon_point__id:t="point9"
  battle_area_polygon_point__nextId:t="point10"
  battle_area_polygon_point__forBattleAreaId:t="area4_b_2"
}

entity{
  _template:t="battle_area_polygon_point"
  transform:m=[[1.0, 0.0, 0.0] [0.0, 1.0, 0.0] [0.0, 0.0, 1.0] [-90.2125, 15.0331, -22.9874]]
  battle_area_polygon_point__id:t="point10"
  battle_area_polygon_point__nextId:t="point11"
  battle_area_polygon_point__forBattleAreaId:t="area4_b_2"
}

entity{
  _template:t="battle_area_polygon_point"
  transform:m=[[1.0, 0.0, 0.0] [0.0, 1.0, 0.0] [0.0, 0.0, 1.0] [-79.6917, 15.0331, -16.4565]]
  battle_area_polygon_point__id:t="point11"
  battle_area_polygon_point__nextId:t="point12"
  battle_area_polygon_point__forBattleAreaId:t="area4_b_2"
}

entity{
  _template:t="battle_area_polygon_point"
  transform:m=[[1.0, 0.0, 0.0] [0.0, 1.0, 0.0] [0.0, 0.0, 1.0] [-66.6165, 15.0331, -5.14592]]
  battle_area_polygon_point__id:t="point12"
  battle_area_polygon_point__nextId:t="point13"
  battle_area_polygon_point__forBattleAreaId:t="area4_b_2"
}

entity{
  _template:t="battle_area_polygon_point"
  transform:m=[[1.0, 0.0, 0.0] [0.0, 1.0, 0.0] [0.0, 0.0, 1.0] [-54.1703, 15.0331, 4.42771]]
  battle_area_polygon_point__id:t="point13"
  battle_area_polygon_point__nextId:t="point14"
  battle_area_polygon_point__forBattleAreaId:t="area4_b_2"
}

entity{
  _template:t="battle_area_polygon_point"
  transform:m=[[1.0, 0.0, 0.0] [0.0, 1.0, 0.0] [0.0, 0.0, 1.0] [-43.4717, 15.0331, 14.3679]]
  battle_area_polygon_point__id:t="point14"
  battle_area_polygon_point__nextId:t="point15"
  battle_area_polygon_point__forBattleAreaId:t="area4_b_2"
}

entity{
  _template:t="battle_area_polygon_point"
  transform:m=[[1.0, 0.0, 0.0] [0.0, 1.0, 0.0] [0.0, 0.0, 1.0] [-36.5965, 15.0331, 23.403]]
  battle_area_polygon_point__id:t="point15"
  battle_area_polygon_point__nextId:t="point16"
  battle_area_polygon_point__forBattleAreaId:t="area4_b_2"
}

entity{
  _template:t="battle_area_polygon_point"
  transform:m=[[1.0, 0.0, 0.0] [0.0, 1.0, 0.0] [0.0, 0.0, 1.0] [-25.493, 15.0331, 46.2675]]
  battle_area_polygon_point__id:t="point16"
  battle_area_polygon_point__nextId:t="point17"
  battle_area_polygon_point__forBattleAreaId:t="area4_b_2"
}

entity{
  _template:t="battle_area_polygon_point"
  transform:m=[[1.0, 0.0, 0.0] [0.0, 1.0, 0.0] [0.0, 0.0, 1.0] [-19.487, 15.0331, 57.8516]]
  battle_area_polygon_point__id:t="point17"
  battle_area_polygon_point__nextId:t="point18"
  battle_area_polygon_point__forBattleAreaId:t="area4_b_2"
}

entity{
  _template:t="battle_area_polygon_point"
  transform:m=[[1.0, 0.0, 0.0] [0.0, 1.0, 0.0] [0.0, 0.0, 1.0] [-10.0663, 15.0331, 76.7512]]
  battle_area_polygon_point__id:t="point18"
  battle_area_polygon_point__nextId:t="point19"
  battle_area_polygon_point__forBattleAreaId:t="area4_b_2"
}

entity{
  _template:t="battle_area_polygon_point"
  transform:m=[[1.0, 0.0, 0.0] [0.0, 1.0, 0.0] [0.0, 0.0, 1.0] [-5.82484, 15.0331, 85.0612]]
  battle_area_polygon_point__id:t="point19"
  battle_area_polygon_point__nextId:t="point20"
  battle_area_polygon_point__forBattleAreaId:t="area4_b_2"
}

entity{
  _template:t="battle_area_polygon_point"
  transform:m=[[1.0, 0.0, 0.0] [0.0, 1.0, 0.0] [0.0, 0.0, 1.0] [1.54853, 15.0331, 99.8115]]
  battle_area_polygon_point__id:t="point20"
  battle_area_polygon_point__nextId:t="point21"
  battle_area_polygon_point__forBattleAreaId:t="area4_b_2"
}

entity{
  _template:t="battle_area_polygon_point"
  transform:m=[[1.0, 0.0, 0.0] [0.0, 1.0, 0.0] [0.0, 0.0, 1.0] [13.6669, 15.0331, 124.679]]
  battle_area_polygon_point__id:t="point21"
  battle_area_polygon_point__nextId:t="point22"
  battle_area_polygon_point__forBattleAreaId:t="area4_b_2"
}

entity{
  _template:t="battle_area_polygon_point"
  transform:m=[[1.0, 0.0, 0.0] [0.0, 1.0, 0.0] [0.0, 0.0, 1.0] [34.4414, 15.0331, 166.099]]
  battle_area_polygon_point__id:t="point22"
  battle_area_polygon_point__nextId:t="point23"
  battle_area_polygon_point__forBattleAreaId:t="area4_b_2"
}

entity{
  _template:t="battle_area_polygon_point"
  transform:m=[[1.0, 0.0, 0.0] [0.0, 1.0, 0.0] [0.0, 0.0, 1.0] [4.56625, 15.0331, 181.071]]
  battle_area_polygon_point__id:t="point23"
  battle_area_polygon_point__nextId:t="point24"
  battle_area_polygon_point__forBattleAreaId:t="area4_b_2"
}

entity{
  _template:t="battle_area_polygon_point"
  transform:m=[[1.0, 0.0, 0.0] [0.0, 1.0, 0.0] [0.0, 0.0, 1.0] [-6.9973, 15.0331, 217.788]]
  battle_area_polygon_point__id:t="point24"
  battle_area_polygon_point__nextId:t="point25"
  battle_area_polygon_point__forBattleAreaId:t="area4_b_2"
}

entity{
  _template:t="battle_area_polygon_point"
  transform:m=[[1.0, 0.0, 0.0] [0.0, 1.0, 0.0] [0.0, 0.0, 1.0] [-6.67536, 15.0331, 245.807]]
  battle_area_polygon_point__id:t="point25"
  battle_area_polygon_point__nextId:t="point26"
  battle_area_polygon_point__forBattleAreaId:t="area4_b_2"
}

entity{
  _template:t="battle_area_polygon_point"
  transform:m=[[1.0, 0.0, 0.0] [0.0, 1.0, 0.0] [0.0, 0.0, 1.0] [11.1616, 15.0331, 312.258]]
  battle_area_polygon_point__id:t="point26"
  battle_area_polygon_point__nextId:t="point27"
  battle_area_polygon_point__forBattleAreaId:t="area4_b_2"
}

entity{
  _template:t="battle_area_polygon_point"
  transform:m=[[1.0, 0.0, 0.0] [0.0, 1.0, 0.0] [0.0, 0.0, 1.0] [-209.807, 15.0331, 426.578]]
  battle_area_polygon_point__id:t="point27"
  battle_area_polygon_point__nextId:t="point1"
  battle_area_polygon_point__forBattleAreaId:t="area4_b_2"
}

entity{
  _template:t="battle_area_polygon_point"
  transform:m=[[1.0, 0.0, 0.0] [0.0, 1.0, 0.0] [0.0, 0.0, 1.0] [-87.6863, 15.0331, -237.814]]
  battle_area_polygon_point__id:t="point1"
  battle_area_polygon_point__nextId:t="point2"
  battle_area_polygon_point__forBattleAreaId:t="area4_b_1"
}

entity{
  _template:t="battle_area_polygon_point"
  transform:m=[[1.0, 0.0, 0.0] [0.0, 1.0, 0.0] [0.0, 0.0, 1.0] [157.928, 15.0331, 233.879]]
  battle_area_polygon_point__id:t="point2"
  battle_area_polygon_point__nextId:t="point3"
  battle_area_polygon_point__forBattleAreaId:t="area4_b_1"
}

entity{
  _template:t="battle_area_polygon_point"
  transform:m=[[1.0, 0.0, 0.0] [0.0, 1.0, 0.0] [0.0, 0.0, 1.0] [-70.7395, 15.0331, 353.126]]
  battle_area_polygon_point__id:t="point3"
  battle_area_polygon_point__nextId:t="point4"
  battle_area_polygon_point__forBattleAreaId:t="area4_b_1"
}

entity{
  _template:t="battle_area_polygon_point"
  transform:m=[[1.0, 0.0, 0.0] [0.0, 1.0, 0.0] [0.0, 0.0, 1.0] [-200.309, 15.0331, 92.2561]]
  battle_area_polygon_point__id:t="point4"
  battle_area_polygon_point__nextId:t="point5"
  battle_area_polygon_point__forBattleAreaId:t="area4_b_1"
}

entity{
  _template:t="battle_area_polygon_point"
  transform:m=[[1.0, 0.0, 0.0] [0.0, 1.0, 0.0] [0.0, 0.0, 1.0] [-218.505, 15.0331, 43.9702]]
  battle_area_polygon_point__id:t="point5"
  battle_area_polygon_point__nextId:t="point6"
  battle_area_polygon_point__forBattleAreaId:t="area4_b_1"
}

entity{
  _template:t="battle_area_polygon_point"
  transform:m=[[1.0, 0.0, 0.0] [0.0, 1.0, 0.0] [0.0, 0.0, 1.0] [-303.89, 15.0331, -129.528]]
  battle_area_polygon_point__id:t="point6"
  battle_area_polygon_point__nextId:t="point1"
  battle_area_polygon_point__forBattleAreaId:t="area4_b_1"
}

entity{
  _template:t="poly_battle_area"
  transform:m=[[1.0, 0.0, 0.0] [0.0, 1.0, 0.0] [0.0, 0.0, 1.0] [0.0, 0.0, 0.0]]
  groupName:t="sector_1_a"
  active:b=no
  battle_area__team:i=2
  battleAreaId:t="area2_a_2"
}

entity{
  _template:t="poly_battle_area"
  transform:m=[[1.0, 0.0, 0.0] [0.0, 1.0, 0.0] [0.0, 0.0, 1.0] [0.0, 0.0, 0.0]]
  groupName:t="sector_1_a"
  active:b=no
  battle_area__team:i=1
  battleAreaId:t="area2_a_1"
}

entity{
  _template:t="poly_battle_area"
  transform:m=[[1.0, 0.0, 0.0] [0.0, 1.0, 0.0] [0.0, 0.0, 1.0] [0.0, 0.0, 0.0]]
  groupName:t="sector_2_a"
  active:b=no
  battle_area__team:i=2
  battleAreaId:t="area3_b_2"
}

entity{
  _template:t="poly_battle_area"
  transform:m=[[1.0, 0.0, 0.0] [0.0, 1.0, 0.0] [0.0, 0.0, 1.0] [0.0, 0.0, 0.0]]
  groupName:t="sector_2_a"
  active:b=no
  battle_area__team:i=1
  battleAreaId:t="area3_b_1"
}

entity{
  _template:t="poly_battle_area"
  transform:m=[[1.0, 0.0, 0.0] [0.0, 1.0, 0.0] [0.0, 0.0, 1.0] [0.0, 0.0, 0.0]]
  groupName:t="sector_3_a"
  active:b=no
  battle_area__team:i=2
  battleAreaId:t="area4_b_2"
}

entity{
  _template:t="poly_battle_area"
  transform:m=[[1.0, 0.0, 0.0] [0.0, 1.0, 0.0] [0.0, 0.0, 1.0] [0.0, 0.0, 0.0]]
  groupName:t="sector_3_a"
  active:b=no
  battle_area__team:i=1
  battleAreaId:t="area4_b_1"
}

entity{
  _template:t="aircraft_box_battle_area"
  transform:m=[[11269.8, 0.0, -1003.34] [0.0, 8000.03, 0.0] [1002.81, 0.0, 11269.8] [-194.512, 240.916, 77.5836]]
  battle_area__timeToDamage:r=30.0
  battle_area__damage:r=1.0
  battle_area__team:i=-1
}

entity{
  _template:t="session_finalizer"
  session_finalizer__timer:r=10.0
}

entity{
  _template:t="static_cam"
  camera__active:b=yes
  transform:m=[[-0.912674, -0.000291186, -0.408682] [0.00595374, 0.999884, -0.0140084] [0.40864, -0.0152183, -0.912569] [-193.405, 16.6789, 194.259]]
}

entity{
  _template:t="enemy_attack_marker"
  transform:m=[[0.0582712, 0.0, 0.998301] [0.0, 1.0, 0.0] [-0.998301, 0.0, 0.0582712] [-39.6104, 7.74753, -249.638]]
}

entity{
  _template:t="respawn_camera"
  respawnCameraForTeam:i=1
  moveCameraToHeight:r=200.0
  respawnSelectorDistanceMult:r=3.1
  transform:m=[[1.0, 0.0, 0.0] [0.0, 1.0, 0.0] [0.0, 0.0, 1.0] [229.434, 169.098, 36.6645]]
}

entity{
  _template:t="respawn_camera"
  respawnCameraForTeam:i=2
  moveCameraToHeight:r=200.0
  respawnSelectorDistanceMult:r=3.0
  transform:m=[[1.0, 0.0, 0.0] [0.0, 1.0, 0.0] [0.0, 0.0, 1.0] [-416.685, 195.954, -265.449]]
}

entity{
  _template:t="briefing_destruction"
  mission_name:t="stalingrad_entrance_bomb"

  "loading_images:list<t>"{
    item:t="ui/stalingrad_tractor_plant_02.jpg"
    item:t="ui/stalingrad_tractor_plant_05.jpg"
    item:t="ui/stalingrad_tractor_plant_08.jpg"
  }
}

entity{
  _template:t="team_stalingrad_allies+team_narrator_destruction_defence+respawn_creators_team"
  team__countAdd:r=0.5
  team__memberCount:r=0.5
  team__scoreCap:r=3000.0
  team__capturePenalty:r=1001.0
  team__score:r=3000.0
  team__id:i=1
  team__briefing:t="destruction/defenders_goals"
  team__winSubtitle:t="debriefing/won_defence_destruction"
  team__loseSubtitle:t="debriefing/lost_defence_destruction"
  team__winTitle:t="debriefing/ussr_won_defence"
  team__spawnBotArmy:t="stalingrad_allies"
}

entity{
  _template:t="team_stalingrad_axis+team_narrator_destruction_attack+respawn_creators_team"
  team__memberCount:r=0.0
  team__scoreCap:r=2000.0
  team__score:r=2000.0
  team__squadSpawnCost:i=250
  team__firstSpawnCostMul:r=0.0
  team__zeroScoreFailTimer:r=60.0
  team__id:i=2
  team__briefing:t="destruction/attackers_goals"
  team__winSubtitle:t="debriefing/won_invasion_destruction"
  team__loseSubtitle:t="debriefing/lost_invasion_destruction"
  team__winTitle:t="debriefing/ger_won_invasion"
  team__spawnBotArmy:t="stalingrad_axis"
}

entity{
  _template:t="group_activator"

  "activator__activateChoice:object"{
    sector_1_a:r=1.0
  }
}

entity{
  _template:t="bomb_site_zone_chained_box+defend_zone_respawnbase"
  transform:m=[[20.6909, 0.0, -36.7649] [-0.0, 9.99111, 0.0] [33.0828, 0.0, 18.6186] [-297.674, 17.0166, 158.925]]
  capzone__capRewardPartCap:r=1.8
  capzone__mustBeCapturedByTeam:i=2
  groupName:t="sector_1_a"
  active:b=no
  ui_order:i=1
  capzone__capReward:r=500.0
  capzone__caption:t="capzone/tool_shop"
  capzone__checkAllZonesInGroup:b=yes
  capzone__deactivateAfterTimeout:r=0.0
  capzone__spawnAtZoneTimeout:r=25.0
  capzone__createRespawnBaseForTeam:i=1
  capzone__createdRespawnBaseGroup:i=3
  capzone__createRespawnBase:t="respawnBaseGroupActivator"
  capzone__plantingTeam:i=2
  capzone__timeToPlant:r=15.0
  capzone__timeToDefuse:r=15.0
  capzone__timeToExplosion:r=30.0
  capzone__bombTemplate:t="bomb_site+bomb_site_radar_hardware_animchar_01"
  capzone__bombTransformLocalPos:m=[[-0.327431, 0.0, -0.944875] [0.0, 1.0, 0.0] [0.944875, 0.0, -0.327431] [-0.0736389, -1.89859, 0.0621338]]

  "capzone__activateChoice:object"{
    sector_2_a:r=1.0
  }
}

entity{
  _template:t="bomb_site_zone_chained_box+defend_zone_respawnbase"
  transform:m=[[-40.2646, 0.0, -12.591] [0.0, 9.99111, 0.0] [12.0175, 0.0, -38.4308] [-250.63, 17.0115, 259.666]]
  capzone__capRewardPartCap:r=1.8
  capzone__mustBeCapturedByTeam:i=2
  groupName:t="sector_1_a"
  active:b=no
  ui_order:i=1
  capzone__capReward:r=500.0
  capzone__caption:t="capzone/tool_shop"
  capzone__checkAllZonesInGroup:b=yes
  capzone__deactivateAfterTimeout:r=0.0
  capzone__spawnAtZoneTimeout:r=25.0
  capzone__createRespawnBaseForTeam:i=1
  capzone__createdRespawnBaseGroup:i=3
  capzone__createRespawnBase:t="respawnBaseGroupActivator"
  capzone__plantingTeam:i=2
  capzone__timeToPlant:r=15.0
  capzone__timeToDefuse:r=15.0
  capzone__timeToExplosion:r=30.0
  capzone__bombTemplate:t="bomb_site+bomb_site_radar_hardware_animchar_02"
  capzone__bombTransformLocalPos:m=[[0.465871, 0.0, 0.884852] [0.0, 1.0, -0.0] [-0.884852, 0.0, 0.465871] [-0.281982, -1.95199, 0.118256]]

  "capzone__activateChoice:object"{
    sector_2_a:r=1.0
  }
}

entity{
  _template:t="bomb_site_zone_chained_box+defend_zone_respawnbase"
  transform:m=[[35.2544, 0.0, -17.4082] [0.0, 6.79064, 0.0] [21.8038, 0.0, 44.156] [-196.838, 16.8808, 114.248]]
  capzone__capRewardPartCap:r=1.8
  capzone__mustBeCapturedByTeam:i=2
  groupName:t="sector_2_a"
  active:b=no
  ui_order:i=1
  capzone__capReward:r=500.0
  capzone__caption:t="capzone/crash_site"
  capzone__checkAllZonesInGroup:b=yes
  capzone__deactivateAfterTimeout:r=0.0
  capzone__spawnAtZoneTimeout:r=25.0
  capzone__createRespawnBaseForTeam:i=1
  capzone__createdRespawnBaseGroup:i=4
  capzone__createRespawnBase:t="respawnBaseGroupActivator"
  capzone__plantingTeam:i=2
  capzone__timeToPlant:r=17.5
  capzone__timeToDefuse:r=15.0
  capzone__timeToExplosion:r=30.0
  capzone__bombTemplate:t="bomb_site+bomb_site_radar_hardware_animchar_03"
  capzone__bombTransformLocalPos:m=[[0.991136, 0.0, 0.132842] [0.0, 1.0, -0.0] [-0.132842, 0.0, 0.991137] [0.435822, -1.85003, 0.0307388]]

  "capzone__activateChoice:object"{
    sector_3_a:r=1.0
  }
}

entity{
  _template:t="bomb_site_zone_chained_box+defend_zone_respawnbase"
  transform:m=[[35.2544, 0.0, -17.4082] [0.0, 6.79064, 0.0] [21.8038, 0.0, 44.156] [-164.2, 16.973, 208.954]]
  capzone__capRewardPartCap:r=1.8
  capzone__mustBeCapturedByTeam:i=2
  groupName:t="sector_2_a"
  active:b=no
  ui_order:i=1
  capzone__capReward:r=500.0
  capzone__caption:t="capzone/conveyor_line"
  capzone__checkAllZonesInGroup:b=yes
  capzone__deactivateAfterTimeout:r=0.0
  capzone__spawnAtZoneTimeout:r=25.0
  capzone__createRespawnBaseForTeam:i=1
  capzone__createdRespawnBaseGroup:i=4
  capzone__createRespawnBase:t="respawnBaseGroupActivator"
  capzone__plantingTeam:i=2
  capzone__timeToPlant:r=17.5
  capzone__timeToDefuse:r=15.0
  capzone__timeToExplosion:r=30.0
  capzone__bombTemplate:t="bomb_site+bomb_site_radar_hardware_animchar_04"
  capzone__bombTransformLocalPos:m=[[-0.853104, 0.0, 0.521741] [0.0, 1.0, 0.0] [-0.521741, 0.0, -0.853104] [-0.455978, -1.88723, -0.0880585]]

  "capzone__activateChoice:object"{
    sector_3_a:r=1.0
  }
}

entity{
  _template:t="bomb_site_zone_chained_box+defend_zone_respawnbase"
  transform:m=[[27.386, 0.0, -13.6015] [0.0, 5.48869, 0.0] [29.0735, 0.0, 58.5384] [-113.402, 17.1838, 79.7396]]
  capzone__capRewardPartCap:r=1.8
  capzone__mustBeCapturedByTeam:i=2
  groupName:t="sector_3_a"
  active:b=no
  ui_order:i=1
  capzone__capReward:r=500.0
  capzone__caption:t="capzone/workshop"
  capzone__checkAllZonesInGroup:b=yes
  capzone__deactivateAfterTimeout:r=0.0
  capzone__spawnAtZoneTimeout:r=25.0
  capzone__createRespawnBaseForTeam:i=1
  capzone__createdRespawnBaseGroup:i=5
  capzone__createRespawnBase:t="respawnBaseGroupActivator"
  capzone__plantingTeam:i=2
  capzone__timeToPlant:r=17.5
  capzone__timeToDefuse:r=15.0
  capzone__timeToExplosion:r=30.0
  capzone__bombTemplate:t="bomb_site+bomb_site_radar_hardware_animchar_05"
  capzone__bombTransformLocalPos:m=[[-0.984114, 0.0, -0.177535] [0.0, 1.0, 0.0] [0.177535, 0.0, -0.984114] [0.204384, -2.005, 0.098999]]
}

entity{
  _template:t="bomb_site_zone_chained_box+defend_zone_respawnbase"
  transform:m=[[32.3634, 0.0, -16.0736] [0.0, 5.48869, 0.0] [21.6483, 0.0, 43.588] [-71.7631, 16.943, 170.884]]
  capzone__capRewardPartCap:r=1.8
  capzone__mustBeCapturedByTeam:i=2
  groupName:t="sector_3_a"
  active:b=no
  ui_order:i=1
  capzone__capReward:r=500.0
  capzone__caption:t="capzone/quenching"
  capzone__checkAllZonesInGroup:b=yes
  capzone__deactivateAfterTimeout:r=0.0
  capzone__spawnAtZoneTimeout:r=25.0
  capzone__createRespawnBaseForTeam:i=1
  capzone__createdRespawnBaseGroup:i=5
  capzone__createRespawnBase:t="respawnBaseGroupActivator"
  capzone__plantingTeam:i=2
  capzone__timeToPlant:r=17.5
  capzone__timeToDefuse:r=15.0
  capzone__timeToExplosion:r=30.0
  capzone__bombTemplate:t="bomb_site+bomb_site_radar_hardware_animchar_03"
  capzone__bombTransformLocalPos:m=[[-0.616939, 0.0, -0.787011] [0.0, 1.0, 0.0] [0.787011, 0.0, -0.616939] [-0.296249, -1.73985, -0.429596]]
}

entity{
  _template:t="respAircraftInAir"
  respawnbaseType:t="aircraft_fighter"
  transform:m=[[-0.975479, 0.0, 0.220091] [0.0, 1.0, 0.0] [-0.220091, 0.0, -0.975479] [1926.64, 1000.0, -201.798]]
  team:i=1
  maxVehicleOnSpawn:i=1
  respTime:i=120
}

entity{
  _template:t="respAircraftInAir"
  respawnbaseType:t="aircraft_assault"
  transform:m=[[-0.975479, 0.0, 0.220091] [0.0, 1.0, 0.0] [-0.220091, 0.0, -0.975479] [1926.64, 800.0, -201.798]]
  team:i=1
  maxVehicleOnSpawn:i=1
  respTime:i=120
}

entity{
  _template:t="respAircraftInAir"
  respawnbaseType:t="aircraft_fighter"
  transform:m=[[-0.975479, 0.0, 0.220091] [0.0, 1.0, 0.0] [-0.220091, 0.0, -0.975479] [1922.26, 1000.0, -352.323]]
  team:i=1
  maxVehicleOnSpawn:i=1
  respTime:i=120
}

entity{
  _template:t="respAircraftInAir"
  respawnbaseType:t="aircraft_assault"
  transform:m=[[-0.975479, 0.0, 0.220091] [0.0, 1.0, 0.0] [-0.220091, 0.0, -0.975479] [1884.13, 800.0, -375.609]]
  team:i=1
  maxVehicleOnSpawn:i=1
  respTime:i=120
}

entity{
  _template:t="resupply_in_air_zone"
  transform:m=[[-0.999999, 0.0, -0.000445871] [0.0, 1.0, 0.0] [0.000445871, 0.0, -0.999999] [1819.69, 1000.0, -2183.4]]
  resupply_zone__team:i=1
}

entity{
  _template:t="respAircraftInAir"
  respawnbaseType:t="aircraft_fighter"
  transform:m=[[0.906698, 0.0, -0.421782] [0.0, 1.0, 0.0] [0.421782, 0.0, 0.906698] [-2406.24, 1023.92, 29.3383]]
  team:i=2
  maxVehicleOnSpawn:i=1
  respTime:i=120
}

entity{
  _template:t="respAircraftInAir"
  respawnbaseType:t="aircraft_assault"
  transform:m=[[0.906698, 0.0, -0.421782] [0.0, 1.0, 0.0] [0.421782, 0.0, 0.906698] [-2370.97, 823.92, 203.015]]
  team:i=2
  maxVehicleOnSpawn:i=1
  respTime:i=120
}

entity{
  _template:t="respAircraftInAir"
  respawnbaseType:t="aircraft_fighter"
  transform:m=[[0.906698, 0.0, -0.421782] [0.0, 1.0, 0.0] [0.421782, 0.0, 0.906698] [-2367.72, 1023.92, 181.158]]
  team:i=2
  maxVehicleOnSpawn:i=1
  respTime:i=120
}

entity{
  _template:t="respAircraftInAir"
  respawnbaseType:t="aircraft_assault"
  transform:m=[[0.906698, 0.0, -0.421782] [0.0, 1.0, 0.0] [0.421782, 0.0, 0.906698] [-2406.24, 823.92, 29.3383]]
  team:i=2
  maxVehicleOnSpawn:i=1
  respTime:i=120
}

entity{
  _template:t="resupply_in_air_zone"
  transform:m=[[0.327869, 0.0, -0.944724] [0.0, 1.0, 0.0] [0.944724, 0.0, 0.327869] [-2778.11, 1023.92, -1496.4]]
  resupply_zone__team:i=2
}

entity{
  _template:t="respawnChooser+respTeam2"
  transform:m=[[0.932837, -0.00199092, -0.360294] [0.00185715, 0.999998, -0.000717466] [0.360294, 1.58422e-07, 0.932839] [-390.667, 15.995, 254.725]]
  groupName:t="sector_1_a"
  active:b=no
  respawnBaseGroup:i=2
}

entity{
  _template:t="respawnChooser+respTeam2"
  transform:m=[[0.687018, -0.00199092, -0.726638] [0.00136768, 0.999998, -0.00144679] [0.726639, 1.60803e-07, 0.687019] [-392.901, 15.995, 250.775]]
  groupName:t="sector_1_a"
  active:b=no
  respawnBaseGroup:i=2
}

entity{
  _template:t="respawnChooser+respTeam2"
  transform:m=[[0.877594, -0.00199092, -0.479402] [0.00174715, 0.999998, -0.000954593] [0.479403, 1.5834e-07, 0.877595] [-451.535, 16.3138, 145.247]]
  groupName:t="sector_1_a"
  active:b=no
  respawnBaseGroup:i=2
}

entity{
  _template:t="respawnChooser+respTeam2"
  transform:m=[[0.918881, -0.00199092, -0.394532] [0.00182936, 0.999998, -0.000785626] [0.394532, 1.57869e-07, 0.918882] [-444.7, 16.3138, 156.999]]
  groupName:t="sector_1_a"
  active:b=no
  respawnBaseGroup:i=2
}

entity{
  _template:t="respawnChooser+respMotorcycle"
  transform:m=[[0.625591, 0.0715244, 0.776866] [-0.081284, 0.996345, -0.0262754] [-0.775905, -0.0467091, 0.629118] [-485.291, 16.0644, 129.584]]
  team:i=2
  groupName:t="sector_1_a"
  active:b=no
}

entity{
  _template:t="respawnChooser+respVehicle+vehicle_resp_soft_ground_collision"
  transform:m=[[0.625591, 0.0715244, 0.776866] [-0.081284, 0.996345, -0.0262754] [-0.775905, -0.0467091, 0.629118] [-485.059, 16.0553, 129.57]]
  team:i=2
  respawnBaseGroup:i=1
  maxVehicleOnSpawn:i=2
  respTime:i=120
  groupName:t="sector_1_a"
  active:b=no
}

entity{
  _template:t="respawnChooser+respTeam1"
  transform:m=[[-0.923254, 0.0, 0.384189] [0.0, 1.0, 0.0] [-0.384189, 0.0, -0.923254] [-162.286, 16.0964, 103.794]]
  groupName:t="sector_1_a"
  active:b=no
  respawnBaseGroup:i=1
}

entity{
  _template:t="respawnChooser+respTeam1"
  transform:m=[[-0.93331, 0.0, 0.359071] [0.0, 1.0, 0.0] [-0.359071, 0.0, -0.93331] [-148.826, 16.0964, 130.275]]
  groupName:t="sector_1_a"
  active:b=no
  respawnBaseGroup:i=1
}

entity{
  _template:t="respawnChooser+respTeam1"
  transform:m=[[-0.525035, 0.0, 0.85108] [0.0, 1.0, 0.0] [-0.85108, 0.0, -0.525035] [-252.12, 16.2884, 42.5512]]
  groupName:t="sector_1_a"
  active:b=no
  respawnBaseGroup:i=1
}

entity{
  _template:t="respawnChooser+respMotorcycle"
  transform:m=[[0.31249, 0.0854253, 0.946071] [-0.0267925, 0.996345, -0.0811151] [-0.949544, 4.65207e-08, 0.313637] [-196.302, 15.6686, -19.8379]]
  team:i=1
  groupName:t="sector_1_a"
  active:b=no
}

entity{
  _template:t="respawnChooser+respVehicle+vehicle_resp_soft_ground_collision"
  transform:m=[[0.31249, 0.0854253, 0.946071] [-0.0267925, 0.996345, -0.0811151] [-0.949544, 4.65207e-08, 0.313637] [-196.475, 15.6686, -19.6864]]
  team:i=1
  respawnBaseGroup:i=1
  maxVehicleOnSpawn:i=2
  respTime:i=120
  groupName:t="sector_1_a"
  active:b=no
}

entity{
  _template:t="resupply_for_ground_vehicle_zone"
  transform:m=[[0.888493, -0.00489274, 0.458864] [0.00434726, 0.999988, 0.00224505] [-0.45887, 8.85446e-08, 0.888504] [-147.78, 15.2776, 74.9316]]
  resupply_zone__team:i=1
  groupName:t="sector_1_a"
  active:b=no
}

entity{
  _template:t="respawnChooser+respTeam2"
  transform:m=[[0.924554, -0.00351195, -0.381035] [0.00324696, 0.999994, -0.0013383] [0.381038, 1.21376e-07, 0.92456] [-281.094, 15.9693, 64.6707]]
  groupName:t="sector_3_a"
  active:b=no
  respawnBaseGroup:i=2
}

entity{
  _template:t="respawnChooser+respTeam2"
  transform:m=[[0.896406, -0.00350378, -0.44322] [0.00324696, 0.999994, -0.0013383] [0.443223, -0.000239459, 0.896412] [-279.731, 15.9693, 68.9993]]
  groupName:t="sector_3_a"
  active:b=no
  respawnBaseGroup:i=2
}

entity{
  _template:t="respawnChooser+respTeam2"
  transform:m=[[0.732168, -0.00351195, -0.681115] [0.00257127, 0.999994, -0.00239215] [0.68112, 1.21318e-07, 0.732173] [-229.892, 15.9696, 168.337]]
  groupName:t="sector_3_a"
  active:b=no
  respawnBaseGroup:i=1
}

entity{
  _template:t="respawnChooser+respTeam2"
  transform:m=[[0.998134, -0.00351195, 0.0609496] [0.00350543, 0.999994, 0.000213932] [-0.0609501, 1.21989e-07, 0.998141] [-227.162, 15.9696, 172.821]]
  groupName:t="sector_3_a"
  active:b=no
  respawnBaseGroup:i=1
}

entity{
  _template:t="respawnChooser+respTeam2"
  transform:m=[[0.931071, -0.00351195, -0.364821] [0.00326985, 0.999994, -0.00128136] [0.364824, 1.21654e-07, 0.931077] [-206.842, 15.9693, 219.933]]
  groupName:t="sector_3_a"
  active:b=no
  respawnBaseGroup:i=1
}

entity{
  _template:t="resupply_for_ground_vehicle_zone"
  transform:m=[[0.888009, -0.0333776, 0.458614] [0.0296562, 0.999443, 0.0153159] [-0.45887, 8.7335e-08, 0.888504] [-261.128, 14.0099, 151.521]]
  resupply_zone__team:i=2
  groupName:t="sector_3_a"
  active:b=no
}

entity{
  _template:t="respawnChooser+respTeam1"
  transform:m=[[0.01661, 0.0, 0.999862] [0.0, 1.0, -0.0] [-0.999862, 0.0, 0.01661] [-60.7495, 16.0964, -54.8561]]
  groupName:t="sector_3_a"
  active:b=no
  respawnBaseGroup:i=1
}

entity{
  _template:t="respawnChooser+respTeam1"
  transform:m=[[-0.591531, 0.0, 0.806282] [0.0, 1.0, 0.0] [-0.806283, 0.0, -0.591531] [-67.4302, 16.0964, -67.4708]]
  groupName:t="sector_3_a"
  active:b=no
  respawnBaseGroup:i=1
}

entity{
  _template:t="respawnChooser+respMotorcycle"
  transform:m=[[0.359782, 0.0823324, 0.929396] [-0.0230406, 0.99658, -0.0793647] [-0.932752, 0.00714017, 0.360449] [-47.9521, 15.7974, -76.699]]
  team:i=1
  groupName:t="sector_3_a"
  active:b=no
}

entity{
  _template:t="respawnChooser+respVehicle+vehicle_resp_soft_ground_collision"
  transform:m=[[0.359782, 0.0823324, 0.929396] [-0.0230406, 0.99658, -0.0793647] [-0.932752, 0.00714017, 0.360449] [-48.1169, 15.7986, -76.5386]]
  team:i=1
  respawnBaseGroup:i=1
  maxVehicleOnSpawn:i=2
  respTime:i=120
  groupName:t="sector_3_a"
  active:b=no
}

entity{
  _template:t="respawnChooser+respMotorcycle"
  transform:m=[[0.924439, 0.0715244, 0.374562] [-0.0838024, 0.996345, 0.0165721] [-0.372007, -0.0467091, 0.927054] [-323.317, 16.0644, 67.5552]]
  team:i=2
  groupName:t="sector_3_a"
  active:b=no
}

entity{
  _template:t="respawnChooser+respVehicle+vehicle_resp_soft_ground_collision"
  transform:m=[[0.924439, 0.0715244, 0.374562] [-0.0838024, 0.996345, 0.0165721] [-0.372007, -0.0467091, 0.927054] [-323.316, 16.0553, 68.1092]]
  team:i=2
  respawnBaseGroup:i=1
  maxVehicleOnSpawn:i=2
  respTime:i=120
  groupName:t="sector_3_a"
  active:b=no
}

entity{
  _template:t="respawnChooser+respTeam2"
