import{
  scene:t="content/enlisted/gamedata/scenes/_stalingrad_sounds.blk"
  scene:t="content/enlisted/gamedata/scenes/_stalingrad_city_biome_fx.blk"
}

entity{
  _template:t="battle_area_polygon_point"
  transform:m=[[1.0, 0.0, 0.0] [0.0, 1.0, 0.0] [0.0, 0.0, 1.0] [-256.254, 5.11915, 130.316]]
  battle_area_polygon_point__id:t="point1"
  battle_area_polygon_point__nextId:t="point2"
  battle_area_polygon_point__forBattleAreaId:t="area2"
}

entity{
  _template:t="battle_area_polygon_point"
  transform:m=[[1.0, 0.0, 0.0] [0.0, 1.0, 0.0] [0.0, 0.0, 1.0] [-100.967, 5.11915, 148.232]]
  battle_area_polygon_point__id:t="point2"
  battle_area_polygon_point__nextId:t="point3"
  battle_area_polygon_point__forBattleAreaId:t="area2"
}

entity{
  _template:t="battle_area_polygon_point"
  transform:m=[[1.0, 0.0, 0.0] [0.0, 1.0, 0.0] [0.0, 0.0, 1.0] [81.7063, 5.11915, 120.342]]
  battle_area_polygon_point__id:t="point3"
  battle_area_polygon_point__nextId:t="point4"
  battle_area_polygon_point__forBattleAreaId:t="area2"
}

entity{
  _template:t="battle_area_polygon_point"
  transform:m=[[1.0, 0.0, 0.0] [0.0, 1.0, 0.0] [0.0, 0.0, 1.0] [120.918, 5.11915, 112.47]]
  battle_area_polygon_point__id:t="point4"
  battle_area_polygon_point__nextId:t="point5"
  battle_area_polygon_point__forBattleAreaId:t="area2"
}

entity{
  _template:t="battle_area_polygon_point"
  transform:m=[[1.0, 0.0, 0.0] [0.0, 1.0, 0.0] [0.0, 0.0, 1.0] [139.04, 5.11915, 149.679]]
  battle_area_polygon_point__id:t="point5"
  battle_area_polygon_point__nextId:t="point6"
  battle_area_polygon_point__forBattleAreaId:t="area2"
}

entity{
  _template:t="battle_area_polygon_point"
  transform:m=[[1.0, 0.0, 0.0] [0.0, 1.0, 0.0] [0.0, 0.0, 1.0] [145.547, 5.11915, 173.915]]
  battle_area_polygon_point__id:t="point6"
  battle_area_polygon_point__nextId:t="point7"
  battle_area_polygon_point__forBattleAreaId:t="area2"
}

entity{
  _template:t="battle_area_polygon_point"
  transform:m=[[1.0, 0.0, 0.0] [0.0, 1.0, 0.0] [0.0, 0.0, 1.0] [149.679, 5.11915, 206.252]]
  battle_area_polygon_point__id:t="point7"
  battle_area_polygon_point__nextId:t="point8"
  battle_area_polygon_point__forBattleAreaId:t="area2"
}

entity{
  _template:t="battle_area_polygon_point"
  transform:m=[[1.0, 0.0, 0.0] [0.0, 1.0, 0.0] [0.0, 0.0, 1.0] [165.219, 5.11915, 242.566]]
  battle_area_polygon_point__id:t="point8"
  battle_area_polygon_point__nextId:t="point9"
  battle_area_polygon_point__forBattleAreaId:t="area2"
}

entity{
  _template:t="battle_area_polygon_point"
  transform:m=[[1.0, 0.0, 0.0] [0.0, 1.0, 0.0] [0.0, 0.0, 1.0] [168.371, 5.11915, 260.851]]
  battle_area_polygon_point__id:t="point9"
  battle_area_polygon_point__nextId:t="point10"
  battle_area_polygon_point__forBattleAreaId:t="area2"
}

entity{
  _template:t="battle_area_polygon_point"
  transform:m=[[1.0, 0.0, 0.0] [0.0, 1.0, 0.0] [0.0, 0.0, 1.0] [161.392, 5.11915, 291.234]]
  battle_area_polygon_point__id:t="point10"
  battle_area_polygon_point__nextId:t="point11"
  battle_area_polygon_point__forBattleAreaId:t="area2"
}

entity{
  _template:t="battle_area_polygon_point"
  transform:m=[[1.0, 0.0, 0.0] [0.0, 1.0, 0.0] [0.0, 0.0, 1.0] [155.825, 5.11915, 327.58]]
  battle_area_polygon_point__id:t="point11"
  battle_area_polygon_point__nextId:t="point12"
  battle_area_polygon_point__forBattleAreaId:t="area2"
}

entity{
  _template:t="battle_area_polygon_point"
  transform:m=[[1.0, 0.0, 0.0] [0.0, 1.0, 0.0] [0.0, 0.0, 1.0] [146.346, 5.11915, 387.154]]
  battle_area_polygon_point__id:t="point12"
  battle_area_polygon_point__nextId:t="point13"
  battle_area_polygon_point__forBattleAreaId:t="area2"
}

entity{
  _template:t="battle_area_polygon_point"
  transform:m=[[1.0, 0.0, 0.0] [0.0, 1.0, 0.0] [0.0, 0.0, 1.0] [-46.4945, 5.11915, 410.267]]
  battle_area_polygon_point__id:t="point13"
  battle_area_polygon_point__nextId:t="point14"
  battle_area_polygon_point__forBattleAreaId:t="area2"
}

entity{
  _template:t="battle_area_polygon_point"
  transform:m=[[1.0, 0.0, 0.0] [0.0, 1.0, 0.0] [0.0, 0.0, 1.0] [-156.878, 5.11915, 424.131]]
  battle_area_polygon_point__id:t="point14"
  battle_area_polygon_point__nextId:t="point15"
  battle_area_polygon_point__forBattleAreaId:t="area2"
}

entity{
  _template:t="battle_area_polygon_point"
  transform:m=[[1.0, 0.0, 0.0] [0.0, 1.0, 0.0] [0.0, 0.0, 1.0] [-214.212, 5.11915, 373.347]]
  battle_area_polygon_point__id:t="point15"
  battle_area_polygon_point__nextId:t="point16"
  battle_area_polygon_point__forBattleAreaId:t="area2"
}

entity{
  _template:t="battle_area_polygon_point"
  transform:m=[[1.0, 0.0, 0.0] [0.0, 1.0, 0.0] [0.0, 0.0, 1.0] [-264.564, 5.11915, 316.552]]
  battle_area_polygon_point__id:t="point16"
  battle_area_polygon_point__nextId:t="point1"
  battle_area_polygon_point__forBattleAreaId:t="area2"
}

entity{
  _template:t="battle_area_polygon_point"
  transform:m=[[1.0, 0.0, 0.0] [0.0, 1.0, 0.0] [0.0, 0.0, 1.0] [368.469, 5.11915, 287.905]]
  battle_area_polygon_point__id:t="point1"
  battle_area_polygon_point__nextId:t="point2"
  battle_area_polygon_point__forBattleAreaId:t="area1"
}

entity{
  _template:t="battle_area_polygon_point"
  transform:m=[[1.0, 0.0, 0.0] [0.0, 1.0, 0.0] [0.0, 0.0, 1.0] [256.6, 5.11915, 374.379]]
  battle_area_polygon_point__id:t="point2"
  battle_area_polygon_point__nextId:t="point3"
  battle_area_polygon_point__forBattleAreaId:t="area1"
}

entity{
  _template:t="battle_area_polygon_point"
  transform:m=[[1.0, 0.0, 0.0] [0.0, 1.0, 0.0] [0.0, 0.0, 1.0] [-46.4495, 5.11915, 410.83]]
  battle_area_polygon_point__id:t="point3"
  battle_area_polygon_point__nextId:t="point4"
  battle_area_polygon_point__forBattleAreaId:t="area1"
}

entity{
  _template:t="battle_area_polygon_point"
  transform:m=[[1.0, 0.0, 0.0] [0.0, 1.0, 0.0] [0.0, 0.0, 1.0] [-71.8675, 5.11915, 375.15]]
  battle_area_polygon_point__id:t="point4"
  battle_area_polygon_point__nextId:t="point5"
  battle_area_polygon_point__forBattleAreaId:t="area1"
}

entity{
  _template:t="battle_area_polygon_point"
  transform:m=[[1.0, 0.0, 0.0] [0.0, 1.0, 0.0] [0.0, 0.0, 1.0] [-92.7079, 5.11915, 318.778]]
  battle_area_polygon_point__id:t="point5"
  battle_area_polygon_point__nextId:t="point6"
  battle_area_polygon_point__forBattleAreaId:t="area1"
}

entity{
  _template:t="battle_area_polygon_point"
  transform:m=[[1.0, 0.0, 0.0] [0.0, 1.0, 0.0] [0.0, 0.0, 1.0] [-97.1381, 5.11915, 284.69]]
  battle_area_polygon_point__id:t="point6"
  battle_area_polygon_point__nextId:t="point7"
  battle_area_polygon_point__forBattleAreaId:t="area1"
}

entity{
  _template:t="battle_area_polygon_point"
  transform:m=[[1.0, 0.0, 0.0] [0.0, 1.0, 0.0] [0.0, 0.0, 1.0] [-92.382, 5.11915, 262.243]]
  battle_area_polygon_point__id:t="point7"
  battle_area_polygon_point__nextId:t="point8"
  battle_area_polygon_point__forBattleAreaId:t="area1"
}

entity{
  _template:t="battle_area_polygon_point"
  transform:m=[[1.0, 0.0, 0.0] [0.0, 1.0, 0.0] [0.0, 0.0, 1.0] [-93.3384, 5.11915, 247.958]]
  battle_area_polygon_point__id:t="point8"
  battle_area_polygon_point__nextId:t="point9"
  battle_area_polygon_point__forBattleAreaId:t="area1"
}

entity{
  _template:t="battle_area_polygon_point"
  transform:m=[[1.0, 0.0, 0.0] [0.0, 1.0, 0.0] [0.0, 0.0, 1.0] [-90.3695, 5.11915, 247.414]]
  battle_area_polygon_point__id:t="point9"
  battle_area_polygon_point__nextId:t="point10"
  battle_area_polygon_point__forBattleAreaId:t="area1"
}

entity{
  _template:t="battle_area_polygon_point"
  transform:m=[[1.0, 0.0, 0.0] [0.0, 1.0, 0.0] [0.0, 0.0, 1.0] [-93.8021, 5.11915, 221.229]]
  battle_area_polygon_point__id:t="point10"
  battle_area_polygon_point__nextId:t="point11"
  battle_area_polygon_point__forBattleAreaId:t="area1"
}

entity{
  _template:t="battle_area_polygon_point"
  transform:m=[[1.0, 0.0, 0.0] [0.0, 1.0, 0.0] [0.0, 0.0, 1.0] [-99.3374, 5.11915, 200.146]]
  battle_area_polygon_point__id:t="point11"
  battle_area_polygon_point__nextId:t="point12"
  battle_area_polygon_point__forBattleAreaId:t="area1"
}

entity{
  _template:t="battle_area_polygon_point"
  transform:m=[[1.0, 0.0, 0.0] [0.0, 1.0, 0.0] [0.0, 0.0, 1.0] [-103.574, 5.11915, 167.051]]
  battle_area_polygon_point__id:t="point12"
  battle_area_polygon_point__nextId:t="point13"
  battle_area_polygon_point__forBattleAreaId:t="area1"
}

entity{
  _template:t="battle_area_polygon_point"
  transform:m=[[1.0, 0.0, 0.0] [0.0, 1.0, 0.0] [0.0, 0.0, 1.0] [-100.849, 5.11915, 148.491]]
  battle_area_polygon_point__id:t="point13"
  battle_area_polygon_point__nextId:t="point14"
  battle_area_polygon_point__forBattleAreaId:t="area1"
}

entity{
  _template:t="battle_area_polygon_point"
  transform:m=[[1.0, 0.0, 0.0] [0.0, 1.0, 0.0] [0.0, 0.0, 1.0] [81.7779, 5.11915, 120.52]]
  battle_area_polygon_point__id:t="point14"
  battle_area_polygon_point__nextId:t="point15"
  battle_area_polygon_point__forBattleAreaId:t="area1"
}

entity{
  _template:t="battle_area_polygon_point"
  transform:m=[[1.0, 0.0, 0.0] [0.0, 1.0, 0.0] [0.0, 0.0, 1.0] [147.333, 5.11915, 107.519]]
  battle_area_polygon_point__id:t="point15"
  battle_area_polygon_point__nextId:t="point16"
  battle_area_polygon_point__forBattleAreaId:t="area1"
}

entity{
  _template:t="battle_area_polygon_point"
  transform:m=[[1.0, 0.0, 0.0] [0.0, 1.0, 0.0] [0.0, 0.0, 1.0] [337.696, 5.11915, 60.6025]]
  battle_area_polygon_point__id:t="point16"
  battle_area_polygon_point__nextId:t="point1"
  battle_area_polygon_point__forBattleAreaId:t="area1"
}

entity{
  _template:t="poly_battle_area"
  transform:m=[[1.0, 0.0, 0.0] [0.0, 1.0, 0.0] [0.0, 0.0, 1.0] [0.0, 0.0, 0.0]]
  battle_area__team:i=2
  battleAreaId:t="area2"
}

entity{
  _template:t="poly_battle_area"
  transform:m=[[1.0, 0.0, 0.0] [0.0, 1.0, 0.0] [0.0, 0.0, 1.0] [0.0, 0.0, 0.0]]
  battle_area__team:i=1
  battleAreaId:t="area1"
}

entity{
  _template:t="aircraft_box_battle_area"
  transform:m=[[11205.0, 0.0, -1569.82] [0.0, 21038.5, 0.0] [1570.21, 0.0, 11204.7] [17.2251, -72.5717, 208.654]]
  battle_area__team:i=-1
}

entity{
  _template:t="minimap_battle_of_stalingrad"
}

entity{
  _template:t="shaderVars"

  "shader_vars__vars:object"{
    puddle_hardness:r=15.0
    puddle_flat_noise_normal_effect:r=0.015
    puddle_flat_normal_hardness:r=25.0
    layered_fog_density:r=0.003
    land_selfillum_worldscale:r=0.9
    puddle_flat_hmap_reduce:r=-0.2
    leaves_ss_profile:p4=1.0, 1.0, 1.0, 0.0
    autodetect_land_selfillum_color:p4=0.53, 0.0, 0.0, 0.16
    paint_details_tex:t="stalingrad_city_wall_color_tex_palette*"
    puddle_increase:r=0.04
    land_selfillum_strength:r=32.0
    puddle_flat_noise_height_reduce:r=0.09
  }
}

entity{
  _template:t="ri_gpu_object"
  ri_gpu_object__name:t="decal_broken_glass_a"
  ri_gpu_object__biom_indexes:p4=18.0, 19.0, 21.0, 22.0
  ri_gpu_object__grid_size:i=16
  ri_gpu_object__grid_tiling:i=1
  ri_gpu_object__cell_size:r=16.0
  ri_gpu_object__incline_delta:r=0.0
  ri_gpu_object__scale_range:p2=1.0, 1.75
  ri_gpu_object__rotate_range:p2=0.0, 360.0
  ri_gpu_object__seed:i=7016
  ri_gpu_object__is_using_normal:b=yes
  ri_gpu_object__up_vector:p3=0.0, 1.0, 0.0
  ri_gpu_object__decal:b=yes
  ri_gpu_object__transparent:b=yes
}

entity{
  _template:t="ri_gpu_object"
  ri_gpu_object__name:t="debris_trash_concrete_column_c"
  ri_gpu_object__grid_size:i=8
  ri_gpu_object__grid_tiling:i=1
  ri_gpu_object__cell_size:r=16.0
  ri_gpu_object__scale_range:p2=0.55, 0.8
  ri_gpu_object__rotate_range:p2=0.0, 360.0
  ri_gpu_object__seed:i=7066
  ri_gpu_object__is_using_normal:b=yes

  "ri_gpu_object__biome_params:array"{
    ri_gpu_object__biome_params:p4=11.0, 1.0, 0.0, 0.0
    ri_gpu_object__biome_params:p4=20.0, 1.0, 0.0, 0.0
    ri_gpu_object__biome_params:p4=22.0, 0.8, 0.0, 0.0
    ri_gpu_object__biome_params:p4=28.0, 0.5, 0.0, 0.0
  }

  "ri_gpu_object__multiple_objects:array"{

    "ri_gpu_object__multiple_objects:object"{
      name:t="debris_trash_concrete_column_c"
      weight:r=2.0
    }

    "ri_gpu_object__multiple_objects:object"{
      name:t="debris_trash_concrete_small_part_a2"
      weight:r=2.0
    }

    "ri_gpu_object__multiple_objects:object"{
      name:t="debris_trash_concrete_column_b"
      weight:r=2.0
    }

    "ri_gpu_object__multiple_objects:object"{
      name:t="debris_trash_concrete_small_part_a1"
      weight:r=2.0
    }

    "ri_gpu_object__multiple_objects:object"{
      name:t="bag_grain_flat_a"
      weight:r=1.0
    }
  }
}

entity{
  _template:t="ri_gpu_object"
  ri_gpu_object__name:t="debris_trash_concrete_small_part_c2"
  ri_gpu_object__grid_size:i=8
  ri_gpu_object__grid_tiling:i=4
  ri_gpu_object__cell_size:r=4.0
  ri_gpu_object__incline_delta:r=10.0
  ri_gpu_object__scale_range:p2=0.1, 0.3
  ri_gpu_object__rotate_range:p2=0.0, 360.0
  ri_gpu_object__seed:i=5128
  ri_gpu_object__is_using_normal:b=yes

  "ri_gpu_object__biome_params:array"{
    ri_gpu_object__biome_params:p4=8.0, 0.8, 0.0, 0.0
    ri_gpu_object__biome_params:p4=11.0, 1.0, 0.0, 0.0
    ri_gpu_object__biome_params:p4=18.0, 0.7, 0.0, 0.0
    ri_gpu_object__biome_params:p4=20.0, 1.0, 0.0, 0.0
    ri_gpu_object__biome_params:p4=27.0, 1.5, 0.0, 0.0
  }

  "ri_gpu_object__multiple_objects:array"{

    "ri_gpu_object__multiple_objects:object"{
      name:t="debris_trash_concrete_small_part_c3"
      weight:r=1.0
    }

    "ri_gpu_object__multiple_objects:object"{
      name:t="debris_trash_concrete_small_part_c2"
      weight:r=1.0
    }

    "ri_gpu_object__multiple_objects:object"{
      name:t="debris_trash_concrete_small_part_b3"
      weight:r=0.5
    }

    "ri_gpu_object__multiple_objects:object"{
      name:t="debris_trash_concrete_small_part_b1"
      weight:r=0.5
    }
  }
}

entity{
  _template:t="ri_gpu_object"
  ri_gpu_object__name:t="debris_bricks_a"
  ri_gpu_object__biom_indexes:p4=22.0, -1.0, -1.0, -1.0
  ri_gpu_object__grid_size:i=8
  ri_gpu_object__grid_tiling:i=12
  ri_gpu_object__cell_size:r=16.0
  ri_gpu_object__scale_range:p2=0.95, 1.0
  ri_gpu_object__rotate_range:p2=0.0, 360.0
  ri_gpu_object__seed:i=2814
  ri_gpu_object__is_using_normal:b=yes

  "ri_gpu_object__multiple_objects:array"{

    "ri_gpu_object__multiple_objects:object"{
      name:t="debris_bricks_a"
      weight:r=15.0
    }

    "ri_gpu_object__multiple_objects:object"{
      name:t="debris_bricks_b"
      weight:r=15.0
    }

    "ri_gpu_object__multiple_objects:object"{
      name:t="debris_bricks_g"
      weight:r=5.0
    }

    "ri_gpu_object__multiple_objects:object"{
      name:t="debris_trash_wood_plank_a"
      weight:r=2.0
    }

    "ri_gpu_object__multiple_objects:object"{
      name:t="debris_trash_wood_plank_b"
      weight:r=2.0
    }

    "ri_gpu_object__multiple_objects:object"{
      name:t="shell_kwk40_a"
      weight:r=3.0
    }

    "ri_gpu_object__multiple_objects:object"{
      name:t="shell_kwk43_b"
      weight:r=3.0
    }

    "ri_gpu_object__multiple_objects:object"{
      name:t="is_soviet_can_b_dmg_a"
      weight:r=2.0
    }

    "ri_gpu_object__multiple_objects:object"{
      name:t="is_soviet_can_c"
      weight:r=2.0
    }

    "ri_gpu_object__multiple_objects:object"{
      name:t="is_soviet_shoe_a"
      weight:r=1.0
    }

    "ri_gpu_object__multiple_objects:object"{
      name:t="is_soviet_shoe_b"
      weight:r=1.0
    }

    "ri_gpu_object__multiple_objects:object"{
      name:t="is_soviet_shoe_c"
      weight:r=1.0
    }

    "ri_gpu_object__multiple_objects:object"{
      name:t="is_soviet_toy_car_truck_a"
      weight:r=0.5
    }

    "ri_gpu_object__multiple_objects:object"{
      name:t="is_soviet_toy_car_sedan_a"
      weight:r=0.5
    }

    "ri_gpu_object__multiple_objects:object"{
      name:t="is_soviet_toy_car_truck_b"
      weight:r=0.5
    }

    "ri_gpu_object__multiple_objects:object"{
      name:t="is_soviet_toy_doll_plastic_a"
      weight:r=0.5
    }

    "ri_gpu_object__multiple_objects:object"{
      name:t="sandbag_single_a"
      weight:r=2.0
    }

    "ri_gpu_object__multiple_objects:object"{
      name:t="sandbag_single_f"
      weight:r=2.0
    }

    "ri_gpu_object__multiple_objects:object"{
      name:t="is_plates_b2_dmg"
      weight:r=2.0
    }

    "ri_gpu_object__multiple_objects:object"{
      name:t="is_soviet_book_d_open"
      weight:r=1.0
    }

    "ri_gpu_object__multiple_objects:object"{
      name:t="is_soviet_book_n_open"
      weight:r=1.0
    }

    "ri_gpu_object__multiple_objects:object"{
      name:t="soviet_sewer_hatch_a"
      weight:r=0.5
    }

    "ri_gpu_object__multiple_objects:object"{
      name:t="soviet_sewer_hatch_b"
      weight:r=0.5
    }

    "ri_gpu_object__multiple_objects:object"{
      name:t="soviet_sewer_hatch_c"
      weight:r=0.5
    }
  }
}

entity{
  _template:t="ri_gpu_object"
  ri_gpu_object__name:t="tree_dry_branches_a"
  ri_gpu_object__grid_size:i=8
  ri_gpu_object__grid_tiling:i=4
  ri_gpu_object__cell_size:r=12.0
  ri_gpu_object__incline_delta:r=0.0
  ri_gpu_object__scale_range:p2=0.85, 1.1
  ri_gpu_object__rotate_range:p2=135.0, 960.0
  ri_gpu_object__seed:i=55112
  ri_gpu_object__is_using_normal:b=yes

  "ri_gpu_object__biome_params:array"{
    ri_gpu_object__biome_params:p4=1.0, 0.8, 0.0, 0.0
    ri_gpu_object__biome_params:p4=6.0, 0.3, 0.0, 0.0
    ri_gpu_object__biome_params:p4=7.0, 0.5, 0.0, 0.0
    ri_gpu_object__biome_params:p4=13.0, 1.0, 0.0, 0.0
  }

  "ri_gpu_object__multiple_objects:array"{

    "ri_gpu_object__multiple_objects:object"{
      name:t="tree_dry_branches_a"
      weight:r=1.0
    }

    "ri_gpu_object__multiple_objects:object"{
      name:t="tree_dry_branches_b"
      weight:r=1.0
    }

    "ri_gpu_object__multiple_objects:object"{
      name:t="tree_dry_branches_c"
      weight:r=1.0
    }

    "ri_gpu_object__multiple_objects:object"{
      name:t="tree_branches_small_a"
      weight:r=0.5
    }

    "ri_gpu_object__multiple_objects:object"{
      name:t="tree_branches_small_b"
      weight:r=0.5
    }

    "ri_gpu_object__multiple_objects:object"{
      name:t="tree_branches_small_c"
      weight:r=0.5
    }

    "ri_gpu_object__multiple_objects:object"{
      name:t="tree_branches_small_d"
      weight:r=0.5
    }

    "ri_gpu_object__multiple_objects:object"{
      name:t="shell_kwk40_a"
      weight:r=1.0
    }

    "ri_gpu_object__multiple_objects:object"{
      name:t="shell_kwk43_b"
      weight:r=1.0
    }
  }
}

entity{
  _template:t="ri_gpu_object"
  ri_gpu_object__name:t="autumn_leaf_pile_a"
  ri_gpu_object__grid_size:i=8
  ri_gpu_object__grid_tiling:i=4
  ri_gpu_object__cell_size:r=4.0
  ri_gpu_object__incline_delta:r=0.0
  ri_gpu_object__scale_range:p2=0.7, 1.15
  ri_gpu_object__rotate_range:p2=0.0, 360.0
  ri_gpu_object__seed:i=1486
  ri_gpu_object__is_using_normal:b=yes

  "ri_gpu_object__biome_params:array"{
    ri_gpu_object__biome_params:p4=1.0, 1.0, 0.0, 0.0
    ri_gpu_object__biome_params:p4=6.0, 0.3, 0.0, 0.0
    ri_gpu_object__biome_params:p4=8.0, 0.3, 0.0, 0.0
  }

  "ri_gpu_object__multiple_objects:array"{

    "ri_gpu_object__multiple_objects:object"{
      name:t="autumn_leaf_pile_a"
      weight:r=1.0
    }

    "ri_gpu_object__multiple_objects:object"{
      name:t="autumn_leaf_pile_b"
      weight:r=1.0
    }

    "ri_gpu_object__multiple_objects:object"{
      name:t="autumn_leaf_pile_c"
      weight:r=1.0
    }

    "ri_gpu_object__multiple_objects:object"{
      name:t="autumn_leaf_pile_d"
      weight:r=1.0
    }

    "ri_gpu_object__multiple_objects:object"{
      name:t="autumn_leaf_pile_e"
      weight:r=1.0
    }
  }
}

entity{
  _template:t="postfx_color_grading_tonemap_death_alive_enlisted"
}

entity{
  _template:t="wind"
}

entity{
  _template:t="session_finalizer"
  session_finalizer__timer:r=10.0
}

entity{
  _template:t="postfx_roundctrl"

  "post_fx:object"{
  }
}

entity{
  _template:t="door_mult_ent_generator"
  ri_extra_gen__blk:t="content/e_stalingrad/gamedata/stalingrad_doors.blk"
}

entity{
  _template:t="sound_effect_generator"
  ri_extra_gen__blk:t="content/e_stalingrad/gamedata/sound/stalingrad_sound_effects.blk"
}

entity{
  _template:t="briefing_domination"
  mission_name:t="stalingrad_station_dom"

  "loading_images:list<t>"{
    item:t="ui/stalingrad_inv_02.jpg"
    item:t="ui/stalingrad_inv_05.jpg"
  }
}

entity{
  _template:t="spawn_switcher"
  swapProbability:r=0.5
  team1:i=2
  team2:i=1
}

entity{
  _template:t="enemy_attack_marker"
  transform:m=[[0.547025, 0.0, -0.837116] [0.0, 1.0, 0.0] [0.837116, 0.0, 0.547025] [-57.6449, 8.27187, -24.7872]]
}

entity{
  _template:t="static_cam"
  camera__active:b=yes
  transform:m=[[0.952227, 0.0, 0.305389] [-0.0212305, 0.997581, 0.0661986] [-0.30465, -0.0695197, 0.949924] [55.2811, 15.4731, 179.638]]
}

entity{
  _template:t="respawn_camera"
  respawnCameraForTeam:i=2
  transform:m=[[1.0, 0.0, 0.0] [0.0, 1.0, 0.0] [0.0, 0.0, 1.0] [-91.2959, 304.864, 179.005]]
}

entity{
  _template:t="respawn_camera"
  respawnCameraForTeam:i=1
  transform:m=[[1.0, 0.0, 0.0] [0.0, 1.0, 0.0] [0.0, 0.0, 1.0] [208.496, 304.578, -490.037]]
}

entity{
  _template:t="team_stalingrad_allies+team_narrator_domination+respawn_creators_team"
  team__id:i=1
  team__score:r=2250.0
  team__scoreCap:r=2250.0
  score_bleed__domBleed:r=5.0
  score_bleed__domBleedOn:b=no
  score_bleed__totalDomZoneCount:i=3
  score_bleed__totalDomBleedMul:r=2.0
  score_bleed__totalDomBleedOn:b=no
  team__briefing:t="domination/common_goals"
  team__numZonesCaptured:i=0
  team__deathPenalty:r=2.0
  team__spawnBotArmy:t="stalingrad_allies"
}

entity{
  _template:t="team_stalingrad_axis+team_narrator_domination+respawn_creators_team"
  team__id:i=2
  team__score:r=3000.0
  team__scoreCap:r=3000.0
  score_bleed__domBleed:r=5.0
  score_bleed__domBleedOn:b=no
  score_bleed__totalDomZoneCount:i=3
  score_bleed__totalDomBleedMul:r=2.0
  score_bleed__totalDomBleedOn:b=no
  team__briefing:t="domination/common_goals"
  team__numZonesCaptured:i=0
  team__deathPenalty:r=2.0
  team__spawnBotArmy:t="stalingrad_axis"
}

entity{
  _template:t="spawn_switcher"
  swapProbability:r=0.5
  team1:i=2
  team2:i=1
}

entity{
  _template:t="domination_box_capzone"
  transform:m=[[-2.97113, 0.0, -23.4587] [0.0, 4.97835, 0.0] [30.632, 0.0, -3.87967] [-25.9245, 9.14695, 277.396]]
  capzone__title:t="A"
  capzone__caption:t="capzone/offices"
  decal__height:r=0.4
}

entity{
  _template:t="domination_box_capzone"
  transform:m=[[40.5117, 0.0, -5.15025] [0.0, 14.0365, 0.0] [3.43999, 0.0, 27.0586] [40.306, 11.9558, 290.122]]
  capzone__title:t="B"
  capzone__caption:t="capzone/railway_station_central"
  decal__height:r=0.4
}

entity{
  _template:t="domination_box_capzone"
  transform:m=[[-3.01837, 0.0, -22.8724] [0.0, 6.8964, 0.0] [23.7343, 0.0, -3.13211] [98.9171, 10.0461, 261.506]]
  capzone__title:t="C"
  capzone__caption:t="capzone/canteen"
  decal__height:r=0.4
}

entity{
  _template:t="projectors_manager"
  projectors_manager__atmosphereDensity:r=1.0
  projectors_manager__atmosphereMoveDir:p3=1.0, 0.0, 0.0
  projectors_manager__atmosphereMoveSpeed:r=0.0
  projectors_manager__noiseScale:r=30.0
  projectors_manager__noiseStrength:r=1.0
}

entity{
  _template:t="projector"
  projector__color:p3=0.12, 0.12, 0.12
  projector__angle:r=2.5
  projector__sourceWidth:r=1.0
  projector__xAngleAmplitude:r=17.0
  projector__period:r=16.0
  transform:m=[[0.993579, -0.112724, 0.00965982] [0.113137, 0.98995, -0.0848528] [2.18848e-06, 0.0854008, 0.996347] [678.175, 10.0, -674.301]]
}

entity{
  _template:t="projector"
  projector__color:p3=0.12, 0.12, 0.12
  projector__angle:r=2.0
  projector__sourceWidth:r=1.0
  projector__zAngleAmplitude:r=27.0
  projector__period:r=24.0
  transform:m=[[0.947085, -0.319961, 0.0255969] [-0.320983, -0.944069, 0.0755255] [2.5088e-08, -0.0797452, -0.996815] [449.2, 10.0, 489.2]]
}

entity{
  _template:t="projector"
  projector__color:p3=0.12, 0.12, 0.12
  projector__angle:r=3.0
  projector__sourceWidth:r=1.0
  projector__zAngleAmplitude:r=24.0
  projector__period:r=14.0
  transform:m=[[0.986453, 0.163682, -0.0109121] [-0.164045, 0.984268, -0.0656179] [-3.76747e-08, 0.066519, 0.997785] [915.7, 10.0, -93.4]]
}

entity{
  _template:t="projector"
  projector__color:p3=0.12, 0.12, 0.12
  projector__angle:r=5.0
  projector__sourceWidth:r=1.0
  projector__zAngleAmplitude:r=18.0
  projector__period:r=20.0
  transform:m=[[-0.999924, -0.00141054, -0.0122481] [-0.00143672, 0.999997, 0.00212879] [0.0122451, 0.00214622, -0.999923] [435.062, 6.27525, -684.451]]
}

entity{
  _template:t="projector"
  projector__color:p3=0.12, 0.12, 0.12
  projector__angle:r=6.0
  projector__sourceWidth:r=1.0
  projector__zAngleAmplitude:r=27.0
  projector__period:r=22.0
  transform:m=[[0.987471, 0.157601, 0.007881] [-0.157798, 0.986239, 0.049312] [-9.19876e-07, -0.0499378, 0.998752] [917.557, 10.0, -613.596]]
}

entity{
  _template:t="projector"
  projector__color:p3=0.12, 0.12, 0.12
  projector__angle:r=7.0
  projector__sourceWidth:r=1.0
  projector__zAngleAmplitude:r=22.0
  projector__period:r=24.0
  transform:m=[[0.979645, -0.19962, -0.0211718] [-0.20074, -0.974181, -0.103322] [-2.91538e-08, 0.105469, -0.994423] [1536.9, 10.0, -900.9]]
}

entity{
  _template:t="projector"
  projector__color:p3=0.12, 0.12, 0.12
  projector__angle:r=6.0
  projector__sourceWidth:r=1.0
  projector__zAngleAmplitude:r=17.0
  projector__period:r=18.0
  transform:m=[[0.989228, -0.145985, -0.0108311] [0.146386, 0.986516, 0.0731931] [-4.23149e-08, -0.0739902, 0.997259] [1266.4, 10.0, -405.7]]
}

entity{
  _template:t="projector"
  projector__color:p3=0.12, 0.12, 0.12
  projector__angle:r=3.0
  projector__sourceWidth:r=1.0
  projector__zAngleAmplitude:r=26.0
  projector__period:r=14.0
  transform:m=[[0.989783, -0.141161, -0.0201034] [-0.142585, -0.979895, -0.139552] [7.71265e-08, 0.140993, -0.990011] [466.7, 10.0, -1565.0]]
}

entity{
  _template:t="projector"
  projector__color:p3=0.12, 0.12, 0.12
  projector__angle:r=5.0
  projector__sourceWidth:r=1.0
  projector__zAngleAmplitude:r=27.0
  projector__period:r=28.0
  transform:m=[[0.990793, -0.135226, 0.00660622] [0.135387, 0.989612, -0.0483524] [8.97279e-07, 0.0488016, 0.998809] [-528.115, 10.0, -694.414]]
}

entity{
  _template:t="projector"
  projector__color:p3=0.12, 0.12, 0.12
  projector__angle:r=4.0
  projector__sourceWidth:r=1.0
  projector__zAngleAmplitude:r=16.0
  projector__period:r=24.0
  transform:m=[[0.983735, -0.178902, 0.0161012] [-0.179625, -0.979775, 0.0881798] [1.14989e-08, -0.0896377, -0.995974] [1035.2, 10.0, -349.8]]
}

entity{
  _template:t="projector"
  projector__color:p3=0.12, 0.12, 0.12
  projector__angle:r=2.0
  projector__sourceWidth:r=1.0
  projector__zAngleAmplitude:r=27.0
  projector__period:r=18.0
  transform:m=[[0.983821, 0.177945, -0.0207603] [-0.179152, 0.977194, -0.114006] [4.28705e-08, 0.115881, 0.993263] [724.3, 10.0, 1047.0]]
}

entity{
  _template:t="projector"
  projector__color:p3=0.12, 0.12, 0.12
  projector__angle:r=5.0
  projector__sourceWidth:r=1.0
  projector__zAngleAmplitude:r=18.0
  projector__period:r=14.0
  transform:m=[[0.990771, -0.134661, 0.0154529] [0.135545, 0.984311, -0.112954] [3.96059e-08, 0.114006, 0.99348] [30.4821, 10.0, 609.055]]
}

entity{
  _template:t="projector"
  projector__color:p3=0.12, 0.12, 0.12
  projector__angle:r=4.0
  projector__sourceWidth:r=1.0
  projector__zAngleAmplitude:r=25.0
  projector__period:r=24.0
  transform:m=[[-0.999373, -0.0281364, 0.0214858] [-0.0288033, 0.999092, -0.0313875] [-0.0205832, -0.0319867, -0.999276] [458.887, 4.80889, 842.378]]
}

entity{
  _template:t="projector"
  projector__color:p3=0.12, 0.12, 0.12
  projector__angle:r=6.0
  projector__sourceWidth:r=1.0
  projector__zAngleAmplitude:r=27.0
  projector__period:r=20.0
  transform:m=[[0.991501, 0.129907, -0.00707986] [-0.1301, 0.990032, -0.0539441] [1.56213e-06, 0.0544067, 0.998519] [477.206, 10.0, 553.799]]
}

entity{
  _template:t="projector"
  projector__color:p3=0.12, 0.12, 0.12
  projector__angle:r=7.0
  projector__sourceWidth:r=1.0
  projector__zAngleAmplitude:r=22.0
  projector__period:r=16.0
  transform:m=[[0.978409, 0.205454, 0.0224715] [0.206679, -0.972608, -0.106379] [-3.17192e-08, 0.108727, -0.994072] [717.9, 10.0, 163.3]]
}

entity{
  _template:t="tracer_launcher"
  transform:m=[[1.0, 0.0, 0.0] [0.0, 1.0, 0.0] [0.0, 0.0, 1.0] [664.949, 2.97412, -658.473]]
  tracer_launcher__shoot_direction:p2=120.0, 50.0
  tracer_launcher__bullet_speed:r=500.0
  tracer_launcher__time_to_fire:r=1.1282
  tracer_launcher__long_cooldown_min_max:p2=0.5, 2.0
  tracer_launcher__long_cooldown_probability:r=0.2
  tracer_launcher__short_cooldown:r=0.1
}

entity{
  _template:t="tracer_launcher"
  transform:m=[[1.0, 0.0, 0.0] [0.0, 1.0, 0.0] [0.0, 0.0, 1.0] [60.5271, 2.97412, 606.323]]
  tracer_launcher__bullet_speed:r=500.0
  tracer_launcher__time_to_fire:r=1.1282
  tracer_launcher__long_cooldown_min_max:p2=0.5, 2.0
  tracer_launcher__long_cooldown_probability:r=0.2
  tracer_launcher__short_cooldown:r=0.1
}

entity{
  _template:t="tracer_launcher"
  transform:m=[[1.0, 0.0, 0.0] [0.0, 1.0, 0.0] [0.0, 0.0, 1.0] [336.427, 2.97412, 571.323]]
  tracer_launcher__bullet_speed:r=500.0
  tracer_launcher__time_to_fire:r=1.1282
  tracer_launcher__long_cooldown_min_max:p2=0.5, 2.0
  tracer_launcher__long_cooldown_probability:r=0.2
  tracer_launcher__short_cooldown:r=0.1
}

entity{
  _template:t="tracer_launcher"
  transform:m=[[1.0, 0.0, 0.0] [0.0, 1.0, 0.0] [0.0, 0.0, 1.0] [438.948, 2.97412, 841.778]]
  tracer_launcher__shoot_direction:p2=45.0, 0.0
  tracer_launcher__rotate_range:p2=30.0, 60.0
  tracer_launcher__bullet_speed:r=500.0
  tracer_launcher__time_to_fire:r=1.1282
  tracer_launcher__long_cooldown_min_max:p2=0.5, 2.0
  tracer_launcher__long_cooldown_probability:r=0.2
  tracer_launcher__short_cooldown:r=0.1
}

entity{
  _template:t="tracer_launcher"
  transform:m=[[1.0, 0.0, 0.0] [0.0, 1.0, 0.0] [0.0, 0.0, 1.0] [114.786, 4.34151, 1020.47]]
  tracer_launcher__shoot_direction:p2=180.0, 5.0
  tracer_launcher__rotate_range:p2=50.0, 120.0
  tracer_launcher__bullet_speed:r=500.0
  tracer_launcher__time_to_fire:r=1.1282
  tracer_launcher__long_cooldown_min_max:p2=0.5, 2.0
  tracer_launcher__long_cooldown_probability:r=0.2
  tracer_launcher__short_cooldown:r=0.1
}

entity{
  _template:t="tracer_launcher"
  transform:m=[[1.0, 0.0, 0.0] [0.0, 1.0, 0.0] [0.0, 0.0, 1.0] [1583.91, 2.97412, -118.358]]
  tracer_launcher__bullet_speed:r=500.0
  tracer_launcher__time_to_fire:r=1.1282
  tracer_launcher__long_cooldown_min_max:p2=0.5, 2.0
  tracer_launcher__long_cooldown_probability:r=0.2
  tracer_launcher__short_cooldown:r=0.1
}

entity{
  _template:t="tracer_launcher"
  transform:m=[[1.0, 0.0, 0.0] [0.0, 1.0, 0.0] [0.0, 0.0, 1.0] [1697.8, 2.97412, -317.409]]
  tracer_launcher__bullet_speed:r=500.0
  tracer_launcher__time_to_fire:r=1.1282
  tracer_launcher__long_cooldown_min_max:p2=0.5, 2.0
  tracer_launcher__long_cooldown_probability:r=0.2
  tracer_launcher__short_cooldown:r=0.1
}

entity{
  _template:t="tracer_launcher"
  transform:m=[[1.0, 0.0, 0.0] [0.0, 1.0, 0.0] [0.0, 0.0, 1.0] [899.633, 2.97412, -617.33]]
  tracer_launcher__bullet_speed:r=500.0
  tracer_launcher__time_to_fire:r=1.1282
  tracer_launcher__long_cooldown_min_max:p2=0.5, 2.0
  tracer_launcher__long_cooldown_probability:r=0.2
  tracer_launcher__short_cooldown:r=0.1
  tracer_launcher__rotate_range:p2=10.0, 50.0
}

entity{
  _template:t="envir_background_flash_8s_effect"
  transform:m=[[1.0, 0.0, 0.0] [0.0, 1.0, 0.0] [0.0, 0.0, 1.0] [930.091, 4.67061, -612.149]]
}

entity{
  _template:t="envir_background_flash_11s_effect"
  transform:m=[[1.0, 0.0, 0.0] [0.0, 1.0, 0.0] [0.0, 0.0, 1.0] [657.798, 4.67061, -618.601]]
}

entity{
  _template:t="envir_background_flash_11s_effect"
  transform:m=[[1.0, 0.0, 0.0] [0.0, 1.0, 0.0] [0.0, 0.0, 1.0] [357.995, 4.67061, -639.469]]
}

entity{
  _template:t="envir_background_flash_8s_effect"
  transform:m=[[1.0, 0.0, 0.0] [0.0, 1.0, 0.0] [0.0, 0.0, 1.0] [-579.167, 4.67061, -678.537]]
}

entity{
  _template:t="envir_background_flash_11s_effect"
  transform:m=[[1.0, 0.0, 0.0] [0.0, 1.0, 0.0] [0.0, 0.0, 1.0] [930.453, 4.67061, -62.9545]]
}

entity{
  _template:t="envir_background_flash_8s_effect"
  transform:m=[[1.0, 0.0, 0.0] [0.0, 1.0, 0.0] [0.0, 0.0, 1.0] [405.755, 4.67061, 565.445]]
}

entity{
  _template:t="envir_background_flash_11s_effect"
  transform:m=[[1.0, 0.0, 0.0] [0.0, 1.0, 0.0] [0.0, 0.0, 1.0] [1131.55, 4.67061, -62.1659]]
}

entity{
  _template:t="envir_background_flash_8s_effect"
  transform:m=[[1.0, 0.0, 0.0] [0.0, 1.0, 0.0] [0.0, 0.0, 1.0] [189.61, 4.67061, 583.935]]
}

entity{
  _template:t="envir_background_flash_8s_effect"
  transform:m=[[1.0, 0.0, 0.0] [0.0, 1.0, 0.0] [0.0, 0.0, 1.0] [-329.441, 8.37057, 721.088]]
}

entity{
  _template:t="envir_background_flash_11s_effect"
  transform:m=[[1.0, 0.0, 0.0] [0.0, 1.0, 0.0] [0.0, 0.0, 1.0] [-329.441, 8.37057, 721.088]]
}

entity{
  _template:t="respAircraftInAir"
  respawnbaseType:t="aircraft_fighter"
  transform:m=[[-0.999872, 0.0, -0.0159788] [0.0, 1.0, 0.0] [0.0159788, 0.0, -0.999872] [2097.58, 1000.0, 13.9067]]
  team:i=1
  maxVehicleOnSpawn:i=1
  respTime:i=120
}

entity{
  _template:t="respAircraftInAir"
  respawnbaseType:t="aircraft_assault"
  transform:m=[[-0.999872, 0.0, -0.0159788] [0.0, 1.0, 0.0] [0.0159788, 0.0, -0.999872] [2095.89, 800.0, 180.823]]
  team:i=1
  maxVehicleOnSpawn:i=1
  respTime:i=120
}

entity{
  _template:t="respAircraftInAir"
  respawnbaseType:t="aircraft_fighter"
  transform:m=[[-0.999872, 0.0, -0.0159788] [0.0, 1.0, 0.0] [0.0159788, 0.0, -0.999872] [2095.89, 1000.0, 180.823]]
  team:i=1
  maxVehicleOnSpawn:i=1
  respTime:i=120
}

entity{
  _template:t="respAircraftInAir"
  respawnbaseType:t="aircraft_assault"
  transform:m=[[-0.999872, 0.0, -0.0159788] [0.0, 1.0, 0.0] [0.0159788, 0.0, -0.999872] [2099.34, 800.0, -13.2764]]
  team:i=1
  maxVehicleOnSpawn:i=1
  respTime:i=120
}

entity{
  _template:t="resupply_in_air_zone"
  transform:m=[[-0.968964, 0.0, -0.247206] [0.0, 1.0, 0.0] [0.247206, 0.0, -0.968964] [2099.07, 1000.0, -1391.12]]
  resupply_zone__team:i=1
}

entity{
  _template:t="respAircraftInAir"
  respawnbaseType:t="aircraft_fighter"
  transform:m=[[0.998644, 0.0, -0.0520515] [0.0, 1.0, 0.0] [0.0520515, 0.0, 0.998644] [-2005.21, 1000.0, 205.726]]
  team:i=2
  maxVehicleOnSpawn:i=1
  respTime:i=120
}

entity{
  _template:t="respAircraftInAir"
  respawnbaseType:t="aircraft_assault"
  transform:m=[[0.998644, 0.0, -0.0520515] [0.0, 1.0, 0.0] [0.0520515, 0.0, 0.998644] [-2005.21, 800.0, 205.726]]
  team:i=2
  maxVehicleOnSpawn:i=1
  respTime:i=120
}

entity{
  _template:t="respAircraftInAir"
  respawnbaseType:t="aircraft_fighter"
  transform:m=[[0.998644, 0.0, -0.0520515] [0.0, 1.0, 0.0] [0.0520515, 0.0, 0.998644] [-1989.35, 1000.0, 333.952]]
  team:i=2
  maxVehicleOnSpawn:i=1
  respTime:i=120
}

entity{
  _template:t="respAircraftInAir"
  respawnbaseType:t="aircraft_assault"
  transform:m=[[0.998644, 0.0, -0.0520515] [0.0, 1.0, 0.0] [0.0520515, 0.0, 0.998644] [-1988.25, 800.0, 364.497]]
  team:i=2
  maxVehicleOnSpawn:i=1
  respTime:i=120
}

entity{
  _template:t="resupply_in_air_zone"
  transform:m=[[0.967396, 0.0, -0.253265] [0.0, 1.0, 0.0] [0.253265, 0.0, 0.967396] [-1486.56, 1000.0, -1853.47]]
  resupply_zone__team:i=2
}

entity{
  _template:t="stalingrad_level"
  level__blk:t="content/enlisted/levels/battle_of_stalingrad.blk"
}

entity{
  _template:t="clouds_hole_target"
  transform:m=[[1.0, 0.0, 0.0] [0.0, 1.0, 0.0] [0.0, 0.0, 1.0] [0.0, 0.0, 0.0]]
}

entity{
  _template:t="water"
  water__strength:r=1.3
  water__level:r=0.0
}

entity{
  _template:t="respawnChooser+respTeam1"
  transform:m=[[-0.9901, 0.0, 0.140371] [0.0, 1.0, 0.0] [-0.140371, 0.0, -0.9901] [208.816, 6.54524, 183.234]]
  respawnBaseGroup:i=1
}

entity{
  _template:t="respawnChooser+respTeam1"
  transform:m=[[-0.997883, 0.0, -0.0650443] [0.0, 1.0, 0.0] [0.0650443, 0.0, -0.997883] [213.336, 6.66265, 195.228]]
  respawnBaseGroup:i=1
}

entity{
  _template:t="respawnChooser+respTeam1"
  transform:m=[[-0.70692, 0.0, -0.707293] [0.0, 1.0, 0.0] [0.707293, 0.0, -0.70692] [226.423, 6.03869, 274.219]]
  respawnBaseGroup:i=2
}

entity{
  _template:t="respawnChooser+respTeam1"
  transform:m=[[-0.999213, 0.0, -0.0396711] [0.0, 1.0, 0.0] [0.0396711, 0.0, -0.999213] [227.556, 5.92009, 236.223]]
  respawnBaseGroup:i=2
}

entity{
  _template:t="respawnChooser+respTeam2"
  transform:m=[[0.995465, 0.0, -0.0951335] [-0.0, 1.0, 0.0] [0.0951335, 0.0, 0.995465] [-152.375, 8.00072, 249.626]]
  respawnBaseGroup:i=2
}

entity{
  _template:t="respawnChooser+respTeam2"
  transform:m=[[0.996719, 0.0, -0.0809508] [0.0, 1.0, 0.0] [0.0809508, 0.0, 0.996719] [-148.662, 6.87841, 303.48]]
  respawnBaseGroup:i=1
}

entity{
  _template:t="respawnChooser+respTeam2"
  transform:m=[[0.993716, 0.0, -0.111932] [0.0, 1.0, 0.0] [0.111932, 0.0, 0.993716] [-139.125, 7.38418, 275.404]]
  respawnBaseGroup:i=1
}

entity{
  _template:t="respawnChooser+respTeam2"
  transform:m=[[0.994274, 0.0, -0.106868] [-0.0, 1.0, 0.0] [0.106868, 0.0, 0.994274] [-149.905, 7.80773, 239.197]]
  respawnBaseGroup:i=2
}

entity{
  _template:t="respawnChooser+respVehicle"
  transform:m=[[0.410171, 0.0, 0.912009] [0.0, 1.0, 0.0] [-0.912009, 0.0, 0.410171] [-224.6, 5.83496, 178.662]]
  team:i=2
  respawnBaseGroup:i=1
  maxVehicleOnSpawn:i=2
  respTime:i=120
}

entity{
  _template:t="respawnChooser+respVehicle"
  transform:m=[[-0.329255, 0.0, 0.944241] [0.0, 1.0, 0.0] [-0.944241, 0.0, -0.329255] [289.327, 6.6611, 103.197]]
  team:i=1
  respawnBaseGroup:i=1
  maxVehicleOnSpawn:i=2
  respTime:i=120
}

entity{
  _template:t="resupply_for_ground_vehicle_zone"
  transform:m=[[0.410171, 0.0, 0.912009] [0.0, 1.0, 0.0] [-0.912009, 0.0, 0.410171] [-224.6, 5.83496, 178.662]]
  resupply_zone__team:i=2
}

entity{
  _template:t="resupply_for_ground_vehicle_zone"
  transform:m=[[-0.329255, 0.0, 0.944241] [0.0, 1.0, 0.0] [-0.944241, 0.0, -0.329255] [289.327, 6.6611, 103.197]]
  resupply_zone__team:i=1
}

entity{
  _template:t="respawnChooser+respMotorcycle"
  transform:m=[[0.410171, 0.0, 0.912009] [0.0, 1.0, 0.0] [-0.912009, 0.0, 0.410171] [-224.6, 5.83496, 178.662]]
  team:i=2
}

entity{
  _template:t="respawnChooser+respMotorcycle"
  transform:m=[[-0.329255, 0.0, 0.944241] [0.0, 1.0, 0.0] [-0.944241, 0.0, -0.329255] [289.327, 6.6611, 103.197]]
  team:i=1
}

entity{
  _template:t="stationary_maxim"
  transform:m=[[0.157387, 0.0, 0.987536] [0.0, 1.0, 0.0] [-0.987536, 0.0, 0.157387] [116.074, 7.49413, 273.809]]
}

entity{
  _template:t="stationary_maxim"
  transform:m=[[-0.150901, 0.0, -0.988548] [0.0, 1.0, 0.0] [0.988548, 0.0, -0.150901] [84.7053, 7.49413, 244.971]]
}

entity{
  _template:t="stationary_maxim"
  transform:m=[[-0.609791, 0.0, 0.792561] [0.0, 1.0, 0.0] [-0.792561, 0.0, -0.609791] [-16.2984, 10.8437, 171.328]]
}

entity{
  _template:t="respawnChooser+respTeam2"
  transform:m=[[0.994049, 0.0, -0.108941] [0.0, 1.0, 0.0] [0.108941, 0.0, 0.994049] [-152.183, 8.00072, 244.083]]
  respawnBaseGroup:i=2
}

entity{
  _template:t="respawnChooser+respTeam2"
  transform:m=[[0.997928, 0.0, -0.0643561] [0.0, 1.0, 0.0] [0.0643561, 0.0, 0.997928] [-147.736, 6.87841, 299.954]]
  respawnBaseGroup:i=1
}

entity{
  _template:t="respawnChooser+respTeam1"
  transform:m=[[-0.993157, 0.0, -0.116793] [0.0, 1.0, 0.0] [0.116793, 0.0, -0.993157] [211.329, 6.54524, 176.554]]
  respawnBaseGroup:i=1
}

entity{
  _template:t="gaz_m1+requires_trans_render+still_obstacle"
  transform:m=[[-0.948395, 0.0017321, 0.317088] [0.00149407, 0.999998, -0.00099382] [-0.317089, -0.000468781, -0.948396] [40.7495, 5.04191, 174.372]]
}

entity{
  _template:t="opel_blitz_kfz_305+still_obstacle"
  transform:m=[[-0.970711, -0.0309829, 0.238245] [-0.0516532, 0.995374, -0.0810122] [-0.234633, -0.0909455, -0.96782] [209.409, 6.5958, 255.36]]
}

entity{
  _template:t="gaz_m1+requires_trans_render+still_obstacle"
  transform:m=[[0.80031, 0.00247934, -0.599581] [-0.00128422, 0.999996, 0.00242095] [0.599585, -0.00116752, 0.80031] [-148.35, 5.51719, 205.136]]
}