import{
  scene:t="content/enlisted/gamedata/scenes/_stalingrad_sounds.blk"
  scene:t="content/enlisted/gamedata/scenes/_stalingrad_city_biome_fx.blk"
}

entity{
  _template:t="minimap_battle_of_stalingrad"
}

entity{
  _template:t="static_cam"
  camera__active:b=yes
  transform:m=[[-0.985025, 0.0, 0.172407] [-0.0190716, 0.993863, -0.108963] [-0.171348, -0.11062, -0.97898] [118.375, 21.7464, 325.479]]
}

entity{
  _template:t="shaderVars"

  "shader_vars__vars:object"{
    puddle_hardness:r=15.0
    puddle_flat_noise_normal_effect:r=0.015
    puddle_flat_normal_hardness:r=25.0
    layered_fog_density:r=0.003
    puddle_flat_hmap_reduce:r=-0.2
    leaves_ss_profile:p4=1.0, 1.0, 1.0, 0.0
    paint_details_tex:t="stalingrad_city_wall_color_tex_palette*"
    puddle_increase:r=0.04
    puddle_flat_noise_height_reduce:r=0.09
    land_selfillum_worldscale:r=0.9
    autodetect_land_selfillum_color:p4=0.53, 0.0, 0.0, 0.16
    land_selfillum_strength:r=32.0
  }
}

entity{
  _template:t="ri_gpu_object"
  ri_gpu_object__name:t="decal_broken_glass_a"
  ri_gpu_object__biom_indexes:p4=18.0, 19.0, 21.0, 22.0
  ri_gpu_object__grid_size:i=16
  ri_gpu_object__grid_tiling:i=1
  ri_gpu_object__cell_size:r=16.0
  ri_gpu_object__incline_delta:r=0.0
  ri_gpu_object__scale_range:p2=1.0, 1.75
  ri_gpu_object__rotate_range:p2=0.0, 360.0
  ri_gpu_object__seed:i=7016
  ri_gpu_object__is_using_normal:b=yes
  ri_gpu_object__up_vector:p3=0.0, 1.0, 0.0
  ri_gpu_object__decal:b=yes
  ri_gpu_object__transparent:b=yes
}

entity{
  _template:t="ri_gpu_object"
  ri_gpu_object__name:t="debris_trash_concrete_column_c"
  ri_gpu_object__grid_size:i=8
  ri_gpu_object__grid_tiling:i=1
  ri_gpu_object__cell_size:r=16.0
  ri_gpu_object__scale_range:p2=0.55, 0.8
  ri_gpu_object__rotate_range:p2=0.0, 360.0
  ri_gpu_object__seed:i=7066
  ri_gpu_object__is_using_normal:b=yes

  "ri_gpu_object__biome_params:array"{
    biome_params:p4=11.0, 1.0, 0.0, 0.0
    biome_params:p4=20.0, 1.0, 0.0, 0.0
    biome_params:p4=22.0, 0.8, 0.0, 0.0
    biome_params:p4=28.0, 0.5, 0.0, 0.0
  }

  "ri_gpu_object__multiple_objects:array"{

    "ri_gpu_object__multiple_objects:object"{
      name:t="debris_trash_concrete_column_c"
      weight:r=2.0
    }

    "ri_gpu_object__multiple_objects:object"{
      name:t="debris_trash_concrete_small_part_a2"
      weight:r=2.0
    }

    "ri_gpu_object__multiple_objects:object"{
      name:t="debris_trash_concrete_column_b"
      weight:r=2.0
    }

    "ri_gpu_object__multiple_objects:object"{
      name:t="debris_trash_concrete_small_part_a1"
      weight:r=2.0
    }

    "ri_gpu_object__multiple_objects:object"{
      name:t="bag_grain_flat_a"
      weight:r=1.0
    }
  }
}

entity{
  _template:t="ri_gpu_object"
  ri_gpu_object__name:t="debris_trash_concrete_small_part_c2"
  ri_gpu_object__grid_size:i=8
  ri_gpu_object__grid_tiling:i=4
  ri_gpu_object__cell_size:r=4.0
  ri_gpu_object__incline_delta:r=10.0
  ri_gpu_object__scale_range:p2=0.1, 0.3
  ri_gpu_object__rotate_range:p2=0.0, 360.0
  ri_gpu_object__seed:i=5128
  ri_gpu_object__is_using_normal:b=yes

  "ri_gpu_object__biome_params:array"{
    biome_params:p4=8.0, 0.8, 0.0, 0.0
    biome_params:p4=11.0, 1.0, 0.0, 0.0
    biome_params:p4=18.0, 0.7, 0.0, 0.0
    biome_params:p4=20.0, 1.0, 0.0, 0.0
    biome_params:p4=27.0, 1.5, 0.0, 0.0
  }

  "ri_gpu_object__multiple_objects:array"{

    "ri_gpu_object__multiple_objects:object"{
      name:t="debris_trash_concrete_small_part_c3"
      weight:r=1.0
    }

    "ri_gpu_object__multiple_objects:object"{
      name:t="debris_trash_concrete_small_part_c2"
      weight:r=1.0
    }

    "ri_gpu_object__multiple_objects:object"{
      name:t="debris_trash_concrete_small_part_b3"
      weight:r=0.5
    }

    "ri_gpu_object__multiple_objects:object"{
      name:t="debris_trash_concrete_small_part_b1"
      weight:r=0.5
    }
  }
}

entity{
  _template:t="ri_gpu_object"
  ri_gpu_object__name:t="debris_bricks_a"
  ri_gpu_object__biom_indexes:p4=22.0, -1.0, -1.0, -1.0
  ri_gpu_object__grid_size:i=8
  ri_gpu_object__grid_tiling:i=12
  ri_gpu_object__cell_size:r=16.0
  ri_gpu_object__scale_range:p2=0.95, 1.0
  ri_gpu_object__rotate_range:p2=0.0, 360.0
  ri_gpu_object__seed:i=2814
  ri_gpu_object__is_using_normal:b=yes

  "ri_gpu_object__multiple_objects:array"{

    "ri_gpu_object__multiple_objects:object"{
      name:t="debris_bricks_a"
      weight:r=15.0
    }

    "ri_gpu_object__multiple_objects:object"{
      name:t="debris_bricks_b"
      weight:r=15.0
    }

    "ri_gpu_object__multiple_objects:object"{
      name:t="debris_bricks_g"
      weight:r=5.0
    }

    "ri_gpu_object__multiple_objects:object"{
      name:t="debris_trash_wood_plank_a"
      weight:r=2.0
    }

    "ri_gpu_object__multiple_objects:object"{
      name:t="debris_trash_wood_plank_b"
      weight:r=2.0
    }

    "ri_gpu_object__multiple_objects:object"{
      name:t="shell_kwk40_a"
      weight:r=3.0
    }

    "ri_gpu_object__multiple_objects:object"{
      name:t="shell_kwk43_b"
      weight:r=3.0
    }

    "ri_gpu_object__multiple_objects:object"{
      name:t="is_soviet_can_b_dmg_a"
      weight:r=2.0
    }

    "ri_gpu_object__multiple_objects:object"{
      name:t="is_soviet_can_c"
      weight:r=2.0
    }

    "ri_gpu_object__multiple_objects:object"{
      name:t="is_soviet_shoe_a"
      weight:r=1.0
    }

    "ri_gpu_object__multiple_objects:object"{
      name:t="is_soviet_shoe_b"
      weight:r=1.0
    }

    "ri_gpu_object__multiple_objects:object"{
      name:t="is_soviet_shoe_c"
      weight:r=1.0
    }

    "ri_gpu_object__multiple_objects:object"{
      name:t="is_soviet_toy_car_truck_a"
      weight:r=0.5
    }

    "ri_gpu_object__multiple_objects:object"{
      name:t="is_soviet_toy_car_sedan_a"
      weight:r=0.5
    }

    "ri_gpu_object__multiple_objects:object"{
      name:t="is_soviet_toy_car_truck_b"
      weight:r=0.5
    }

    "ri_gpu_object__multiple_objects:object"{
      name:t="is_soviet_toy_doll_plastic_a"
      weight:r=0.5
    }

    "ri_gpu_object__multiple_objects:object"{
      name:t="sandbag_single_a"
      weight:r=2.0
    }

    "ri_gpu_object__multiple_objects:object"{
      name:t="sandbag_single_f"
      weight:r=2.0
    }

    "ri_gpu_object__multiple_objects:object"{
      name:t="is_plates_b2_dmg"
      weight:r=2.0
    }

    "ri_gpu_object__multiple_objects:object"{
      name:t="is_soviet_book_d_open"
      weight:r=1.0
    }

    "ri_gpu_object__multiple_objects:object"{
      name:t="is_soviet_book_n_open"
      weight:r=1.0
    }

    "ri_gpu_object__multiple_objects:object"{
      name:t="soviet_sewer_hatch_a"
      weight:r=0.5
    }

    "ri_gpu_object__multiple_objects:object"{
      name:t="soviet_sewer_hatch_b"
      weight:r=0.5
    }

    "ri_gpu_object__multiple_objects:object"{
      name:t="soviet_sewer_hatch_c"
      weight:r=0.5
    }
  }
}

entity{
  _template:t="ri_gpu_object"
  ri_gpu_object__name:t="tree_dry_branches_a"
  ri_gpu_object__grid_size:i=8
  ri_gpu_object__grid_tiling:i=4
  ri_gpu_object__cell_size:r=12.0
  ri_gpu_object__incline_delta:r=0.0
  ri_gpu_object__scale_range:p2=0.85, 1.1
  ri_gpu_object__rotate_range:p2=135.0, 960.0
  ri_gpu_object__seed:i=55112
  ri_gpu_object__is_using_normal:b=yes

  "ri_gpu_object__biome_params:array"{
    biome_params:p4=1.0, 0.8, 0.0, 0.0
    biome_params:p4=6.0, 0.3, 0.0, 0.0
    biome_params:p4=7.0, 0.5, 0.0, 0.0
    biome_params:p4=13.0, 1.0, 0.0, 0.0
  }

  "ri_gpu_object__multiple_objects:array"{

    "ri_gpu_object__multiple_objects:object"{
      name:t="tree_dry_branches_a"
      weight:r=1.0
    }

    "ri_gpu_object__multiple_objects:object"{
      name:t="tree_dry_branches_b"
      weight:r=1.0
    }

    "ri_gpu_object__multiple_objects:object"{
      name:t="tree_dry_branches_c"
      weight:r=1.0
    }

    "ri_gpu_object__multiple_objects:object"{
      name:t="tree_branches_small_a"
      weight:r=0.5
    }

    "ri_gpu_object__multiple_objects:object"{
      name:t="tree_branches_small_b"
      weight:r=0.5
    }

    "ri_gpu_object__multiple_objects:object"{
      name:t="tree_branches_small_c"
      weight:r=0.5
    }

    "ri_gpu_object__multiple_objects:object"{
      name:t="tree_branches_small_d"
      weight:r=0.5
    }

    "ri_gpu_object__multiple_objects:object"{
      name:t="shell_kwk40_a"
      weight:r=1.0
    }

    "ri_gpu_object__multiple_objects:object"{
      name:t="shell_kwk43_b"
      weight:r=1.0
    }
  }
}

entity{
  _template:t="ri_gpu_object"
  ri_gpu_object__name:t="autumn_leaf_pile_a"
  ri_gpu_object__grid_size:i=8
  ri_gpu_object__grid_tiling:i=4
  ri_gpu_object__cell_size:r=4.0
  ri_gpu_object__incline_delta:r=0.0
  ri_gpu_object__scale_range:p2=0.7, 1.15
  ri_gpu_object__rotate_range:p2=0.0, 360.0
  ri_gpu_object__seed:i=1486
  ri_gpu_object__is_using_normal:b=yes

  "ri_gpu_object__biome_params:array"{
    biome_params:p4=1.0, 1.0, 0.0, 0.0
    biome_params:p4=6.0, 0.3, 0.0, 0.0
    biome_params:p4=8.0, 0.3, 0.0, 0.0
  }

  "ri_gpu_object__multiple_objects:array"{

    "gpu_object:object"{
      name:t="autumn_leaf_pile_a"
      weight:r=1.0
    }

    "gpu_object:object"{
      name:t="autumn_leaf_pile_b"
      weight:r=1.0
    }

    "gpu_object:object"{
      name:t="autumn_leaf_pile_c"
      weight:r=1.0
    }

    "gpu_object:object"{
      name:t="autumn_leaf_pile_d"
      weight:r=1.0
    }

    "gpu_object:object"{
      name:t="autumn_leaf_pile_e"
      weight:r=1.0
    }
  }
}

entity{
  _template:t="postfx_color_grading_tonemap_death_alive_enlisted"
}

entity{
  _template:t="wind"
}

entity{
  _template:t="session_finalizer"
  session_finalizer__timer:r=10.0
}

entity{
  _template:t="postfx_roundctrl"

  "post_fx:object"{
  }
}

entity{
  _template:t="door_mult_ent_generator"
  ri_extra_gen__blk:t="content/e_stalingrad/gamedata/stalingrad_doors.blk"
}

entity{
  _template:t="sound_effect_generator"
  ri_extra_gen__blk:t="content/e_stalingrad/gamedata/sound/stalingrad_sound_effects.blk"
}

entity{
  _template:t="briefing_invasion"
  mission_name:t="stalingrad_station_inv"

  "loading_images:list<t>"{
    item:t="ui/volokolamsk_grove_01.jpg"
    item:t="ui/volokolamsk_grove_02.jpg"
    item:t="ui/volokolamsk_grove_03.jpg"
  }
}

entity{
  _template:t="enemy_attack_marker"
  transform:m=[[0.473003, 0.0, 0.881061] [0.0, 1.0, 0.0] [-0.881061, 0.0, 0.473003] [94.9868, 7.32117, 163.284]]
}

entity{
  _template:t="respawn_camera"
  respawnCameraForTeam:i=1
  transform:m=[[1.0, 0.0, 0.0] [0.0, 1.0, 0.0] [0.0, 0.0, 1.0] [-7.72957, 311.071, 79.3092]]
}

entity{
  _template:t="respawn_camera"
  respawnCameraForTeam:i=2
  transform:m=[[1.0, 0.0, 0.0] [0.0, 1.0, 0.0] [0.0, 0.0, 1.0] [230.771, 312.565, 582.712]]
}

entity{
  _template:t="team_stalingrad_allies+team_narrator_invasion_defence+respawn_creators_team"
  team__countAdd:r=0.5
  team__memberCount:r=0.5
  team__scoreCap:r=5000.0
  team__capturePenalty:r=1001.0
  team__score:r=5000.0
  team__id:i=1
  team__briefing:t="invasion/defenders_goals"
  team__winSubtitle:t="debriefing/won_defence_subtitle"
  team__loseSubtitle:t="debriefing/lost_defence_subtitle"
  team__winTitle:t="debriefing/ussr_won_defence"
  team__spawnBotArmy:t="stalingrad_allies"
}

entity{
  _template:t="team_stalingrad_axis+team_narrator_invasion_attack+respawn_creators_team"
  team__memberCount:r=0.0
  team__scoreCap:r=2000.0
  team__score:r=2000.0
  team__squadSpawnCost:i=250
  team__firstSpawnCostMul:r=0.0
  team__zeroScoreFailTimer:r=60.0
  team__id:i=2
  team__briefing:t="invasion/attackers_goals"
  team__winSubtitle:t="debriefing/won_invasion_subtitle"
  team__loseSubtitle:t="debriefing/lost_invasion_subtitle"
  team__winTitle:t="debriefing/ger_won_invasion"
  team__spawnBotArmy:t="stalingrad_axis"
}

entity{
  _template:t="group_activator"

  "activator__activateChoice:object"{
    sector_1_a:r=1.0
  }
}

entity{
  _template:t="defend_zone_chained_sphere+defend_zone_respawnbase"
  capzone__capRewardPartCap:r=1.125
  capzone__onlyTeamCanCapture:i=2
  capzone__curTeamCapturingZone:i=-1
  groupName:t="sector_1_a"
  capzone__capTime:r=50.0
  capzone__capTeam:i=-1
  transform:m=[[1.0, 0.0, 0.0] [0.0, 1.0, 0.0] [0.0, 0.0, 1.0] [202.952, 5.04776, 309.385]]
  active:b=no
  capzone__decapTime:r=6000.0
  ui_order:i=2
  capzone__capReward:r=250.0
  capzone__icon:t="AAA"
  capzone__caption:t="capzone/museum_of_defense_tsaritsyn"
  capzone__iconOffsetY:r=3.0
  sphere_zone__radius:r=15.0
  capzone__deactivateAfterTimeout:r=25.0
  capzone__spawnAtZoneTimeout:r=25.0
  capzone__createRespawnBaseForTeam:i=1
  capzone__createRespawnBase:t="respawnBaseGroupActivator"
  capzone__createdRespawnBaseGroup:i=3
  decal__height:r=0.9
  decal__thickness:r=0.4

  "capzone__activateChoice:object"{
    sector_2_a:r=1.0
  }
}

entity{
  _template:t="defend_zone_chained_box+defend_zone_respawnbase"
  capzone__capRewardPartCap:r=1.25
  capzone__onlyTeamCanCapture:i=2
  capzone__curTeamCapturingZone:i=-1
  groupName:t="sector_2_a"
  capzone__capTime:r=50.0
  capzone__capTeam:i=-1
  transform:m=[[-4.7972, 0.0, -36.4777] [0.0, 6.8964, 0.0] [26.9804, 0.0, -3.54818] [99.7938, 9.47995, 254.625]]
  active:b=no
  capzone__decapTime:r=6000.0
  ui_order:i=1
  capzone__capReward:r=250.0
  capzone__icon:t="AAA"
  capzone__caption:t="capzone/railway_station_north"
  capzone__deactivateAfterTimeout:r=25.0
  capzone__spawnAtZoneTimeout:r=25.0
  capzone__createRespawnBaseForTeam:i=1
  decal__thickness:r=0.4
  decal__height:r=2.4
  capzone__createRespawnBase:t="respawnBaseGroupActivator"
  capzone__createdRespawnBaseGroup:i=4

  "capzone__activateChoice:object"{
    sector_3_a:r=1.0
  }
}

entity{
  _template:t="defend_zone_chained_box+defend_zone_respawnbase"
  capzone__capRewardPartCap:r=1.25
  capzone__onlyTeamCanCapture:i=2
  capzone__curTeamCapturingZone:i=-1
  groupName:t="sector_2_b"
  capzone__capTime:r=50.0
  capzone__capTeam:i=-1
  transform:m=[[-2.46655, 0.0, -18.6909] [0.0, 6.8964, 0.0] [32.2703, 0.0, -4.25858] [101.006, 10.1635, 282.525]]
  active:b=no
  capzone__decapTime:r=6000.0
  ui_order:i=1
  capzone__capReward:r=250.0
  capzone__icon:t="AAA"
  capzone__caption:t="capzone/railway_station_north"
  capzone__deactivateAfterTimeout:r=25.0
  capzone__spawnAtZoneTimeout:r=25.0
  capzone__createRespawnBaseForTeam:i=1
  decal__thickness:r=0.4
  decal__height:r=0.2
  capzone__createRespawnBase:t="respawnBaseGroupActivator"
  capzone__createdRespawnBaseGroup:i=5

  "capzone__activateChoice:object"{
    sector_3_a:r=1.0
  }
}

entity{
  _template:t="defend_zone_chained_box+defend_zone_respawnbase"
  capzone__capRewardPartCap:r=1.375
  capzone__onlyTeamCanCapture:i=2
  capzone__curTeamCapturingZone:i=-1
  groupName:t="sector_3_a"
  capzone__capTime:r=50.0
  capzone__capTeam:i=-1
  transform:m=[[-3.01219, 0.0, -23.7829] [0.0, 4.97835, 0.0] [20.8826, 0.0, -2.64487] [-30.6527, 9.02631, 277.995]]
  active:b=no
  capzone__decapTime:r=6000.0
  ui_order:i=1
  capzone__capReward:r=250.0
  capzone__icon:t="AAA"
  capzone__caption:t="capzone/railway_station_souht"
  capzone__deactivateAfterTimeout:r=25.0
  capzone__spawnAtZoneTimeout:r=25.0
  capzone__createRespawnBaseForTeam:i=1
  decal__thickness:r=0.4
  decal__height:r=0.4
  capzone__createRespawnBase:t="respawnBaseGroupActivator"
  capzone__createdRespawnBaseGroup:i=6

  "capzone__activateChoice:object"{
    sector_4_c:r=1.0
  }
}

entity{
  _template:t="defend_zone_chained_box+defend_zone_respawnbase"
  capzone__capRewardPartCap:r=1.375
  capzone__onlyTeamCanCapture:i=2
  capzone__curTeamCapturingZone:i=-1
  groupName:t="sector_3_b"
  capzone__capTime:r=50.0
  capzone__capTeam:i=-1
  transform:m=[[-1.90217, 0.0, -15.0187] [0.0, 6.8964, 0.0] [33.2965, 0.0, -4.21714] [-23.5887, 9.56632, 296.233]]
  active:b=no
  capzone__decapTime:r=6000.0
  ui_order:i=1
  capzone__capReward:r=250.0
  capzone__icon:t="AAA"
  capzone__caption:t="capzone/railway_station_souht"
  capzone__deactivateAfterTimeout:r=25.0
  capzone__spawnAtZoneTimeout:r=25.0
  capzone__createRespawnBaseForTeam:i=1
  decal__thickness:r=0.4
  decal__height:r=1.4
  capzone__createRespawnBase:t="respawnBaseGroupActivator"
  capzone__createdRespawnBaseGroup:i=7

  "capzone__activateChoice:object"{
    sector_4_a:r=1.0
  }
}

entity{
  _template:t="defend_zone_chained_box+defend_zone_respawnbase"
  capzone__capRewardPartCap:r=1.375
  capzone__onlyTeamCanCapture:i=2
  capzone__curTeamCapturingZone:i=-1
  groupName:t="sector_3_c"
  capzone__capTime:r=50.0
  capzone__capTeam:i=-1
  transform:m=[[-1.79459, 0.0, -14.1693] [0.0, 6.8964, 0.0] [32.6307, 0.0, -4.13281] [-28.7546, 9.49177, 258.481]]
  active:b=no
  capzone__decapTime:r=6000.0
  ui_order:i=1
  capzone__capReward:r=250.0
  capzone__icon:t="AAA"
  capzone__caption:t="capzone/railway_station_souht"
  capzone__deactivateAfterTimeout:r=25.0
  capzone__spawnAtZoneTimeout:r=25.0
  capzone__createRespawnBaseForTeam:i=1
  decal__thickness:r=0.4
  decal__height:r=0.4
  capzone__createRespawnBase:t="respawnBaseGroupActivator"
  capzone__createdRespawnBaseGroup:i=8

  "capzone__activateChoice:object"{
    sector_4_a:r=1.0
  }
}

entity{
  _template:t="defend_zone_chained_sphere+defend_zone_respawnbase"
  capzone__capRewardPartCap:r=1.375
  capzone__onlyTeamCanCapture:i=2
  capzone__curTeamCapturingZone:i=-1
  groupName:t="sector_4_a"
  capzone__capTime:r=50.0
  capzone__capTeam:i=-1
  transform:m=[[0.520813, 0.0, 0.85367] [0.0, 0.831974, 0.0] [-0.705492, 0.0, 0.430411] [-26.7657, 5.18825, 161.888]]
  active:b=no
  capzone__decapTime:r=6000.0
  ui_order:i=2
  capzone__capReward:r=250.0
  capzone__icon:t="AAA"
  capzone__caption:t="capzone/communal_house"
  capzone__iconOffsetY:r=3.0
  sphere_zone__radius:r=12.0
  capzone__deactivateAfterTimeout:r=25.0
  capzone__spawnAtZoneTimeout:r=25.0
  capzone__createRespawnBaseForTeam:i=1
  capzone__createRespawnBase:t="respawnBaseGroupActivator"
  capzone__createdRespawnBaseGroup:i=9
  decal__height:r=0.3
  decal__thickness:r=0.4

  "capzone__activateChoice:object"{
    sector_5_b:r=1.0
  }
}

entity{
  _template:t="defend_zone_chained_box+defend_zone_respawnbase"
  capzone__capRewardPartCap:r=1.5
  capzone__onlyTeamCanCapture:i=2
  capzone__curTeamCapturingZone:i=-1
  groupName:t="sector_4_b"
  capzone__capTime:r=50.0
  capzone__capTeam:i=-1
  transform:m=[[42.0558, 0.0, -5.34845] [0.0, 4.70133, 0.0] [2.6067, 0.0, 20.4968] [-56.2491, 7.20293, 168.664]]
  active:b=no
  capzone__decapTime:r=6000.0
  ui_order:i=1
  capzone__capReward:r=250.0
  capzone__icon:t="AAA"
  capzone__caption:t="capzone/communal_house"
  capzone__deactivateAfterTimeout:r=25.0
  capzone__spawnAtZoneTimeout:r=25.0
  capzone__createRespawnBaseForTeam:i=1
  decal__thickness:r=0.4
  decal__height:r=1.5
  capzone__createRespawnBase:t="respawnBaseGroupActivator"
  capzone__createdRespawnBaseGroup:i=10

  "capzone__activateChoice:object"{
    sector_5_b:r=1.0
  }
}

entity{
  _template:t="defend_zone_chained_box+defend_zone_respawnbase"
  capzone__capRewardPartCap:r=1.5
  capzone__onlyTeamCanCapture:i=2
  capzone__curTeamCapturingZone:i=-1
  groupName:t="sector_4_c"
  capzone__capTime:r=50.0
  capzone__capTeam:i=-1
  transform:m=[[-32.2988, 0.0, 4.11572] [0.0, 9.08888, 0.0] [-3.33342, 0.0, -26.1597] [-108.199, 8.7228, 236.531]]
  active:b=no
  capzone__decapTime:r=6000.0
  ui_order:i=1
  capzone__capReward:r=250.0
  capzone__icon:t="AAA"
  capzone__caption:t="capzone/apartments"
  capzone__deactivateAfterTimeout:r=25.0
  capzone__spawnAtZoneTimeout:r=25.0
  capzone__createRespawnBaseForTeam:i=1
  decal__thickness:r=0.4
  decal__height:r=1.0
  capzone__createRespawnBase:t="respawnBaseGroupActivator"
  capzone__createdRespawnBaseGroup:i=11

  "capzone__activateChoice:object"{
    sector_5_b:r=1.0
  }
}

entity{
  _template:t="defend_zone_chained_box+defend_zone_respawnbase"
  capzone__capRewardPartCap:r=1.375
  capzone__onlyTeamCanCapture:i=2
  capzone__curTeamCapturingZone:i=-1
  groupName:t="sector_3_d"
  capzone__capTime:r=50.0
  capzone__capTeam:i=-1
  transform:m=[[-32.2988, 0.0, 4.11572] [0.0, 11.3661, 0.0] [-3.33342, 0.0, -26.1597] [-140.308, 7.82801, 240.622]]
  active:b=no
  capzone__decapTime:r=6000.0
  ui_order:i=1
  capzone__capReward:r=250.0
  capzone__icon:t="AAA"
  capzone__caption:t="capzone/apartments"
  capzone__deactivateAfterTimeout:r=25.0
  capzone__spawnAtZoneTimeout:r=25.0
  capzone__createRespawnBaseForTeam:i=1
  decal__thickness:r=0.4
  decal__height:r=1.0
  capzone__createRespawnBase:t="respawnBaseGroupActivator"
  capzone__createdRespawnBaseGroup:i=12

  "capzone__activateChoice:object"{
    sector_5_b:r=1.0
  }
}

entity{
  _template:t="defend_zone_chained_box+defend_zone_respawnbase"
  capzone__capRewardPartCap:r=1.0
  capzone__onlyTeamCanCapture:i=2
  capzone__curTeamCapturingZone:i=-1
  groupName:t="sector_5_a"
  capzone__capTime:r=50.0
  capzone__capTeam:i=-1
  transform:m=[[-2.60111, 0.0, -65.4699] [0.0, 6.65669, 0.0] [26.039, 0.0, -1.03455] [-201.151, 9.31195, 90.3614]]
  active:b=no
  capzone__decapTime:r=6000.0
  ui_order:i=1
  capzone__capReward:r=250.0
  capzone__icon:t="AAA"
  capzone__caption:t="capzone/apartments"
  capzone__deactivateAfterTimeout:r=25.0
  capzone__spawnAtZoneTimeout:r=25.0
  capzone__createRespawnBaseForTeam:i=1
  decal__thickness:r=0.4
  decal__height:r=0.1
  capzone__createRespawnBase:t="respawnBaseGroupActivator"
  capzone__createdRespawnBaseGroup:i=13
}

entity{
  _template:t="defend_zone_chained_box+defend_zone_respawnbase"
  capzone__capRewardPartCap:r=1.0
  capzone__onlyTeamCanCapture:i=2
  capzone__curTeamCapturingZone:i=-1
  groupName:t="sector_5_b"
  capzone__capTime:r=50.0
  capzone__capTeam:i=-1
  transform:m=[[-2.21245, 0.0, -25.2205] [0.0, 5.70147, 0.0] [26.0962, 0.0, -2.28922] [-197.903, 9.77044, 182.961]]
  active:b=no
  capzone__decapTime:r=6000.0
  ui_order:i=1
  capzone__capReward:r=250.0
  capzone__icon:t="AAA"
  capzone__caption:t="capzone/apartments"
  capzone__deactivateAfterTimeout:r=25.0
  capzone__spawnAtZoneTimeout:r=25.0
  capzone__createRespawnBaseForTeam:i=1
  decal__thickness:r=0.4
  decal__height:r=0.3
  capzone__createRespawnBase:t="respawnBaseGroupActivator"
  capzone__createdRespawnBaseGroup:i=14
}

entity{
  _template:t="projectors_manager"
  projectors_manager__atmosphereDensity:r=1.0
  projectors_manager__atmosphereMoveDir:p3=1.0, 0.0, 0.0
  projectors_manager__atmosphereMoveSpeed:r=0.0
  projectors_manager__noiseScale:r=30.0
  projectors_manager__noiseStrength:r=1.0
}

entity{
  _template:t="projector"
  projector__color:p3=0.12, 0.12, 0.12
  projector__angle:r=2.5
  projector__sourceWidth:r=1.0
  projector__xAngleAmplitude:r=17.0
  projector__period:r=16.0
  transform:m=[[0.993579, -0.112724, 0.00965994] [0.113137, 0.98995, -0.0848528] [2.06954e-06, 0.0854008, 0.996347] [678.175, 10.0, -674.301]]
}

entity{
  _template:t="projector"
  projector__color:p3=0.12, 0.12, 0.12
  projector__angle:r=2.0
  projector__sourceWidth:r=1.0
  projector__zAngleAmplitude:r=27.0
  projector__period:r=24.0
  transform:m=[[0.947085, -0.319961, 0.0255969] [-0.320983, -0.944069, 0.0755255] [2.5088e-08, -0.0797452, -0.996815] [449.2, 10.0, 489.2]]
}

entity{
  _template:t="projector"
  projector__color:p3=0.12, 0.12, 0.12
  projector__angle:r=3.0
  projector__sourceWidth:r=1.0
  projector__zAngleAmplitude:r=24.0
  projector__period:r=14.0
  transform:m=[[0.986453, 0.163682, -0.0109121] [-0.164045, 0.984268, -0.0656179] [-3.76747e-08, 0.066519, 0.997785] [915.7, 10.0, -93.4]]
}

entity{
  _template:t="projector"
  projector__color:p3=0.12, 0.12, 0.12
  projector__angle:r=5.0
  projector__sourceWidth:r=1.0
  projector__zAngleAmplitude:r=18.0
  projector__period:r=20.0
  transform:m=[[-0.999924, -0.00141054, -0.0122481] [-0.00143672, 0.999997, 0.00212879] [0.0122451, 0.00214622, -0.999923] [435.062, 6.27525, -684.451]]
}

entity{
  _template:t="projector"
  projector__color:p3=0.12, 0.12, 0.12
  projector__angle:r=6.0
  projector__sourceWidth:r=1.0
  projector__zAngleAmplitude:r=27.0
  projector__period:r=22.0
  transform:m=[[0.987471, 0.157601, 0.00788094] [-0.157798, 0.986239, 0.049312] [-8.60173e-07, -0.0499378, 0.998752] [917.557, 10.0, -613.596]]
}

entity{
  _template:t="projector"
  projector__color:p3=0.12, 0.12, 0.12
  projector__angle:r=7.0
  projector__sourceWidth:r=1.0
  projector__zAngleAmplitude:r=22.0
  projector__period:r=24.0
  transform:m=[[0.979645, -0.19962, -0.0211718] [-0.20074, -0.974181, -0.103322] [-2.91538e-08, 0.105469, -0.994423] [1536.9, 10.0, -900.9]]
}

entity{
  _template:t="projector"
  projector__color:p3=0.12, 0.12, 0.12
  projector__angle:r=6.0
  projector__sourceWidth:r=1.0
  projector__zAngleAmplitude:r=17.0
  projector__period:r=18.0
  transform:m=[[0.989228, -0.145985, -0.0108311] [0.146386, 0.986516, 0.0731931] [-4.23149e-08, -0.0739902, 0.997259] [1266.4, 10.0, -405.7]]
}

entity{
  _template:t="projector"
  projector__color:p3=0.12, 0.12, 0.12
  projector__angle:r=3.0
  projector__sourceWidth:r=1.0
  projector__zAngleAmplitude:r=26.0
  projector__period:r=14.0
  transform:m=[[0.989783, -0.141161, -0.0201034] [-0.142585, -0.979895, -0.139552] [7.71265e-08, 0.140993, -0.990011] [466.7, 10.0, -1565.0]]
}

entity{
  _template:t="projector"
  projector__color:p3=0.12, 0.12, 0.12
  projector__angle:r=5.0
  projector__sourceWidth:r=1.0
  projector__zAngleAmplitude:r=27.0
  projector__period:r=28.0
  transform:m=[[0.990793, -0.135226, 0.00660628] [0.135387, 0.989612, -0.0483524] [8.37833e-07, 0.0488016, 0.998809] [-528.115, 10.0, -694.414]]
}

entity{
  _template:t="projector"
  projector__color:p3=0.12, 0.12, 0.12
  projector__angle:r=4.0
  projector__sourceWidth:r=1.0
  projector__zAngleAmplitude:r=16.0
  projector__period:r=24.0
  transform:m=[[0.983735, -0.178902, 0.0161012] [-0.179625, -0.979775, 0.0881798] [1.14989e-08, -0.0896377, -0.995974] [1035.2, 10.0, -349.8]]
}

entity{
  _template:t="projector"
  projector__color:p3=0.12, 0.12, 0.12
  projector__angle:r=2.0
  projector__sourceWidth:r=1.0
  projector__zAngleAmplitude:r=27.0
  projector__period:r=18.0
  transform:m=[[0.983821, 0.177945, -0.0207603] [-0.179152, 0.977194, -0.114006] [4.28705e-08, 0.115881, 0.993263] [724.3, 10.0, 1047.0]]
}

entity{
  _template:t="projector"
  projector__color:p3=0.12, 0.12, 0.12
  projector__angle:r=5.0
  projector__sourceWidth:r=1.0
  projector__zAngleAmplitude:r=18.0
  projector__period:r=14.0
  transform:m=[[0.990771, -0.134661, 0.0154529] [0.135545, 0.984311, -0.112954] [3.96059e-08, 0.114006, 0.99348] [30.4821, 10.0, 609.055]]
}

entity{
  _template:t="projector"
  projector__color:p3=0.12, 0.12, 0.12
  projector__angle:r=4.0
  projector__sourceWidth:r=1.0
  projector__zAngleAmplitude:r=25.0
  projector__period:r=24.0
  transform:m=[[-0.999373, -0.0281364, 0.0214858] [-0.0288033, 0.999092, -0.0313875] [-0.0205832, -0.0319867, -0.999276] [458.887, 4.80889, 842.378]]
}

entity{
  _template:t="projector"
  projector__color:p3=0.12, 0.12, 0.12
  projector__angle:r=6.0
  projector__sourceWidth:r=1.0
  projector__zAngleAmplitude:r=27.0
  projector__period:r=20.0
  transform:m=[[0.991501, 0.129907, -0.0070798] [-0.1301, 0.990032, -0.0539441] [1.50266e-06, 0.0544067, 0.998519] [477.206, 10.0, 553.799]]
}

entity{
  _template:t="projector"
  projector__color:p3=0.12, 0.12, 0.12
  projector__angle:r=7.0
  projector__sourceWidth:r=1.0
  projector__zAngleAmplitude:r=22.0
  projector__period:r=16.0
  transform:m=[[0.978409, 0.205454, 0.0224715] [0.206679, -0.972608, -0.106379] [-3.17192e-08, 0.108727, -0.994072] [717.9, 10.0, 163.3]]
}

entity{
  _template:t="tracer_launcher"
  transform:m=[[1.0, 0.0, 0.0] [0.0, 1.0, 0.0] [0.0, 0.0, 1.0] [664.949, 2.97412, -658.473]]
  tracer_launcher__shoot_direction:p2=120.0, 50.0
  tracer_launcher__bullet_speed:r=500.0
  tracer_launcher__time_to_fire:r=1.1282
  tracer_launcher__long_cooldown_min_max:p2=0.5, 2.0
  tracer_launcher__long_cooldown_probability:r=0.2
  tracer_launcher__short_cooldown:r=0.1
}

entity{
  _template:t="tracer_launcher"
  transform:m=[[1.0, 0.0, 0.0] [0.0, 1.0, 0.0] [0.0, 0.0, 1.0] [60.5271, 2.97412, 606.323]]
  tracer_launcher__bullet_speed:r=500.0
  tracer_launcher__time_to_fire:r=1.1282
  tracer_launcher__long_cooldown_min_max:p2=0.5, 2.0
  tracer_launcher__long_cooldown_probability:r=0.2
  tracer_launcher__short_cooldown:r=0.1
}

entity{
  _template:t="tracer_launcher"
  transform:m=[[1.0, 0.0, 0.0] [0.0, 1.0, 0.0] [0.0, 0.0, 1.0] [336.427, 2.97412, 571.323]]
  tracer_launcher__bullet_speed:r=500.0
  tracer_launcher__time_to_fire:r=1.1282
  tracer_launcher__long_cooldown_min_max:p2=0.5, 2.0
  tracer_launcher__long_cooldown_probability:r=0.2
  tracer_launcher__short_cooldown:r=0.1
}

entity{
  _template:t="tracer_launcher"
  transform:m=[[1.0, 0.0, 0.0] [0.0, 1.0, 0.0] [0.0, 0.0, 1.0] [438.948, 2.97412, 841.778]]
  tracer_launcher__shoot_direction:p2=45.0, 0.0
  tracer_launcher__rotate_range:p2=30.0, 60.0
  tracer_launcher__bullet_speed:r=500.0
  tracer_launcher__time_to_fire:r=1.1282
  tracer_launcher__long_cooldown_min_max:p2=0.5, 2.0
  tracer_launcher__long_cooldown_probability:r=0.2
  tracer_launcher__short_cooldown:r=0.1
}

entity{
  _template:t="tracer_launcher"
  transform:m=[[1.0, 0.0, 0.0] [0.0, 1.0, 0.0] [0.0, 0.0, 1.0] [114.786, 4.34151, 1020.47]]
  tracer_launcher__shoot_direction:p2=180.0, 5.0
  tracer_launcher__rotate_range:p2=50.0, 120.0
  tracer_launcher__bullet_speed:r=500.0
  tracer_launcher__time_to_fire:r=1.1282
  tracer_launcher__long_cooldown_min_max:p2=0.5, 2.0
  tracer_launcher__long_cooldown_probability:r=0.2
  tracer_launcher__short_cooldown:r=0.1
}

entity{
  _template:t="tracer_launcher"
  transform:m=[[1.0, 0.0, 0.0] [0.0, 1.0, 0.0] [0.0, 0.0, 1.0] [1583.91, 2.97412, -118.358]]
  tracer_launcher__bullet_speed:r=500.0
  tracer_launcher__time_to_fire:r=1.1282
  tracer_launcher__long_cooldown_min_max:p2=0.5, 2.0
  tracer_launcher__long_cooldown_probability:r=0.2
  tracer_launcher__short_cooldown:r=0.1
}

entity{
  _template:t="tracer_launcher"
  transform:m=[[1.0, 0.0, 0.0] [0.0, 1.0, 0.0] [0.0, 0.0, 1.0] [1697.8, 2.97412, -317.409]]
  tracer_launcher__bullet_speed:r=500.0
  tracer_launcher__time_to_fire:r=1.1282
  tracer_launcher__long_cooldown_min_max:p2=0.5, 2.0
  tracer_launcher__long_cooldown_probability:r=0.2
  tracer_launcher__short_cooldown:r=0.1
}

entity{
  _template:t="tracer_launcher"
  transform:m=[[1.0, 0.0, 0.0] [0.0, 1.0, 0.0] [0.0, 0.0, 1.0] [899.633, 2.97412, -617.33]]
  tracer_launcher__bullet_speed:r=500.0
  tracer_launcher__time_to_fire:r=1.1282
  tracer_launcher__long_cooldown_min_max:p2=0.5, 2.0
  tracer_launcher__long_cooldown_probability:r=0.2
  tracer_launcher__short_cooldown:r=0.1
  tracer_launcher__rotate_range:p2=10.0, 50.0
}

entity{
  _template:t="envir_background_flash_8s_effect"
  transform:m=[[1.0, 0.0, 0.0] [0.0, 1.0, 0.0] [0.0, 0.0, 1.0] [930.091, 4.67061, -612.149]]
}

entity{
  _template:t="envir_background_flash_11s_effect"
  transform:m=[[1.0, 0.0, 0.0] [0.0, 1.0, 0.0] [0.0, 0.0, 1.0] [657.798, 4.67061, -618.601]]
}

entity{
  _template:t="envir_background_flash_11s_effect"
  transform:m=[[1.0, 0.0, 0.0] [0.0, 1.0, 0.0] [0.0, 0.0, 1.0] [357.995, 4.67061, -639.469]]
}

entity{
  _template:t="envir_background_flash_8s_effect"
  transform:m=[[1.0, 0.0, 0.0] [0.0, 1.0, 0.0] [0.0, 0.0, 1.0] [-579.167, 4.67061, -678.537]]
}

entity{
  _template:t="envir_background_flash_11s_effect"
  transform:m=[[1.0, 0.0, 0.0] [0.0, 1.0, 0.0] [0.0, 0.0, 1.0] [930.453, 4.67061, -62.9545]]
}

entity{
  _template:t="envir_background_flash_8s_effect"
  transform:m=[[1.0, 0.0, 0.0] [0.0, 1.0, 0.0] [0.0, 0.0, 1.0] [405.755, 4.67061, 565.445]]
}

entity{
  _template:t="envir_background_flash_11s_effect"
  transform:m=[[1.0, 0.0, 0.0] [0.0, 1.0, 0.0] [0.0, 0.0, 1.0] [1131.55, 4.67061, -62.1659]]
}

entity{
  _template:t="envir_background_flash_8s_effect"
  transform:m=[[1.0, 0.0, 0.0] [0.0, 1.0, 0.0] [0.0, 0.0, 1.0] [189.61, 4.67061, 583.935]]
}

entity{
  _template:t="envir_background_flash_8s_effect"
  transform:m=[[1.0, 0.0, 0.0] [0.0, 1.0, 0.0] [0.0, 0.0, 1.0] [-329.441, 8.37057, 721.088]]
}

entity{
  _template:t="envir_background_flash_11s_effect"
  transform:m=[[1.0, 0.0, 0.0] [0.0, 1.0, 0.0] [0.0, 0.0, 1.0] [-329.441, 8.37057, 721.088]]
}

entity{
  _template:t="aircraft_box_battle_area"
  transform:m=[[11305.8, 0.0, 440.806] [0.0, 21038.5, 0.0] [-440.382, 0.0, 11305.6] [-23.5901, -70.4969, -114.533]]
  battle_area__team:i=-1
}

entity{
  _template:t="respAircraftInAir"
  respawnbaseType:t="aircraft_fighter"
  transform:m=[[0.0953776, 0.0, -0.995441] [0.0, 1.0, 0.0] [0.995441, 0.0, 0.0953776] [43.2018, 1000.0, 2263.75]]
  team:i=2
  maxVehicleOnSpawn:i=1
  respTime:i=120
}

entity{
  _template:t="respAircraftInAir"
  respawnbaseType:t="aircraft_assault"
  transform:m=[[0.0953776, 0.0, -0.995441] [0.0, 1.0, 0.0] [0.995441, 0.0, 0.0953776] [-123.052, 800.0, 2248.8]]
  team:i=2
  maxVehicleOnSpawn:i=1
  respTime:i=120
}

entity{
  _template:t="respAircraftInAir"
  respawnbaseType:t="aircraft_fighter"
  transform:m=[[0.0953776, 0.0, -0.995441] [0.0, 1.0, 0.0] [0.995441, 0.0, 0.0953776] [-123.052, 1000.0, 2248.8]]
  team:i=2
  maxVehicleOnSpawn:i=1
  respTime:i=120
}

entity{
  _template:t="respAircraftInAir"
  respawnbaseType:t="aircraft_assault"
  transform:m=[[0.0953776, 0.0, -0.995441] [0.0, 1.0, 0.0] [0.995441, 0.0, 0.0953776] [70.1587, 800.0, 2267.67]]
  team:i=2
  maxVehicleOnSpawn:i=1
  respTime:i=120
}

entity{
  _template:t="resupply_in_air_zone"
  transform:m=[[-0.157002, 0.0, -0.987599] [0.0, 1.0, 0.0] [0.987599, 0.0, -0.157002] [-729.204, 1000.0, 2827.88]]
  resupply_zone__team:i=2
}

entity{
  _template:t="respAircraftInAir"
  respawnbaseType:t="aircraft_fighter"
  transform:m=[[-0.121728, 0.0, 0.992563] [0.0, 1.0, 0.0] [-0.992563, 0.0, -0.121728] [248.591, 1000.0, -1839.72]]
  team:i=1
  maxVehicleOnSpawn:i=1
  respTime:i=120
}

entity{
  _template:t="respAircraftInAir"
  respawnbaseType:t="aircraft_assault"
  transform:m=[[-0.121728, 0.0, 0.992563] [0.0, 1.0, 0.0] [-0.992563, 0.0, -0.121728] [248.591, 800.0, -1839.72]]
  team:i=1
  maxVehicleOnSpawn:i=1
  respTime:i=120
}

entity{
  _template:t="respAircraftInAir"
  respawnbaseType:t="aircraft_fighter"
  transform:m=[[-0.121728, 0.0, 0.992563] [0.0, 1.0, 0.0] [-0.992563, 0.0, -0.121728] [119.554, 1000.0, -1846.3]]
  team:i=1
  maxVehicleOnSpawn:i=1
  respTime:i=120
}

entity{
  _template:t="respAircraftInAir"
  respawnbaseType:t="aircraft_assault"
  transform:m=[[-0.121728, 0.0, 0.992563] [0.0, 1.0, 0.0] [-0.992563, 0.0, -0.121728] [89.2798, 800.0, -1850.51]]
  team:i=1
  maxVehicleOnSpawn:i=1
  respTime:i=120
}

entity{
  _template:t="resupply_in_air_zone"
  transform:m=[[0.119539, 0.0, 0.992829] [0.0, 1.0, 0.0] [-0.992829, 0.0, 0.119539] [655.079, 1000.0, -2414.66]]
  resupply_zone__team:i=1
}

entity{
  _template:t="respawnChooser+respTeam2"
  transform:m=[[0.339229, 0.0, -0.940705] [0.0, 1.0, 0.0] [0.940705, 0.0, 0.339229] [265.475, 7.33847, 409.296]]
  groupName:t="sector_1_a"
  active:b=no
  respawnBaseGroup:i=1
}

entity{
  _template:t="respawnChooser+respTeam2"
  transform:m=[[-0.763052, 0.0, -0.646339] [0.0, 1.0, 0.0] [0.646339, 0.0, -0.763052] [282.702, 7.33847, 405.206]]
  groupName:t="sector_1_a"
  active:b=no
  respawnBaseGroup:i=1
}

entity{
  _template:t="respawnChooser+respTeam2"
  transform:m=[[-0.61016, 0.0, -0.79228] [0.0, 1.0, 0.0] [0.79228, 0.0, -0.61016] [259.687, 7.33847, 409.277]]
  groupName:t="sector_1_a"
  active:b=no
  respawnBaseGroup:i=1
}

entity{
  _template:t="respawnChooser+respTeam2"
  transform:m=[[0.493216, 0.0, -0.869908] [0.0, 1.0, 0.0] [0.869908, 0.0, 0.493216] [242.811, 7.33847, 410.978]]
  groupName:t="sector_1_a"
  active:b=no
  respawnBaseGroup:i=1
}

entity{
  _template:t="respawnChooser+respTeam2"
  transform:m=[[-0.400239, 0.0, -0.916412] [0.0, 1.0, 0.0] [0.916412, 0.0, -0.400239] [251.711, 9.57127, 414.246]]
  groupName:t="sector_1_a"
  active:b=no
  respawnBaseGroup:i=1
}

entity{
  _template:t="respawnChooser+respTeam2"
  transform:m=[[-0.400239, 0.0, -0.916412] [0.0, 1.0, 0.0] [0.916412, 0.0, -0.400239] [274.267, 9.57127, 410.185]]
  groupName:t="sector_1_a"
  active:b=no
  respawnBaseGroup:i=1
}

entity{
  _template:t="respawnChooser+respVehicle"
  transform:m=[[0.772353, 0.0, -0.635194] [0.0, 1.0, 0.0] [0.635194, 0.0, 0.772353] [68.9507, 5.83493, 457.808]]
  team:i=2
  respawnBaseGroup:i=1
  maxVehicleOnSpawn:i=2
  respTime:i=120
  groupName:t="sector_1_a"
  active:b=no
}

entity{
  _template:t="respawnChooser+respTeam2"
  transform:m=[[-0.0756514, 0.0, -0.997135] [0.0, 1.0, 0.0] [0.997135, 0.0, -0.0756514] [183.323, 8.36572, 438.486]]
  groupName:t="sector_1_a"
  active:b=no
  respawnBaseGroup:i=2
}

entity{
  _template:t="respawnChooser+respTeam2"
  transform:m=[[0.0723811, 0.0, -0.997378] [0.0, 1.0, 0.0] [0.997378, 0.0, 0.0723811] [188.229, 8.88317, 437.116]]
  groupName:t="sector_1_a"
  active:b=no
  respawnBaseGroup:i=2
}

entity{
  _template:t="respawnChooser+respTeam2"
  transform:m=[[0.0563671, 0.0, -0.998411] [0.0, 1.0, 0.0] [0.998411, 0.0, 0.0563671] [130.498, 7.15471, 414.38]]
  groupName:t="sector_1_a"
  active:b=no
  respawnBaseGroup:i=2
}

entity{
  _template:t="respawnChooser+respTeam1"
  transform:m=[[0.941714, 0.0, 0.336411] [0.0, 1.0, 0.0] [-0.33641, 0.0, 0.941714] [96.8692, 7.83315, 240.811]]
  groupName:t="sector_1_a"
  active:b=no
  respawnBaseGroup:i=1
}

entity{
  _template:t="respawnChooser+respTeam1"
  transform:m=[[0.966865, 0.0, 0.255283] [0.0, 1.0, 0.0] [-0.255282, 0.0, 0.966865] [89.2655, 7.83315, 257.84]]
  groupName:t="sector_1_a"
  active:b=no
  respawnBaseGroup:i=1
}

entity{
  _template:t="respawnChooser+respTeam1"
  transform:m=[[0.997706, 0.0, -0.0676813] [0.0, 1.0, 0.0] [0.067682, 0.0, 0.997705] [90.8348, 7.83315, 278.588]]
  groupName:t="sector_1_a"
  active:b=no
  respawnBaseGroup:i=1
}

entity{
  _template:t="respawnChooser+respTeam1"
  transform:m=[[0.967883, 0.0, 0.251395] [0.0, 1.0, 0.0] [-0.251395, 0.0, 0.967883] [158.709, 8.89987, 196.241]]
  groupName:t="sector_1_a"
  active:b=no
  respawnBaseGroup:i=2
}

entity{
  _template:t="respawnChooser+respTeam1"
  transform:m=[[0.819701, 0.0, 0.572789] [0.0, 1.0, 0.0] [-0.572788, 0.0, 0.819701] [161.284, 6.94012, 187.303]]
  groupName:t="sector_1_a"
  active:b=no
  respawnBaseGroup:i=2
}

entity{
  _template:t="respawnChooser+respVehicle"
  transform:m=[[1.0, 0.0, -0.000440267] [0.0, 1.0, 0.0] [0.000440267, 0.0, 1.0] [58.5088, 6.12495, 210.107]]
  team:i=1
  respawnBaseGroup:i=2
  maxVehicleOnSpawn:i=2
  respTime:i=120
  groupName:t="sector_1_a"
  active:b=no
}

entity{
  _template:t="respawnChooser+respVehicle"
  transform:m=[[0.600811, 0.0, 0.799391] [0.0, 1.0, 0.0] [-0.799391, 0.0, 0.600811] [140.005, 6.12495, 124.397]]
  team:i=1
  respawnBaseGroup:i=1
  maxVehicleOnSpawn:i=2
  respTime:i=120
  groupName:t="sector_1_a"
  active:b=no
}

entity{
  _template:t="respawnChooser+respTeam1"
  transform:m=[[0.796008, 0.0, 0.605284] [0.0, 1.0, 0.0] [-0.605283, 0.0, 0.796008] [-24.8645, 7.83315, 279.343]]
  groupName:t="sector_2_a"
  active:b=no
  respawnBaseGroup:i=1
}

entity{
  _template:t="respawnChooser+respTeam1"
  transform:m=[[0.997683, 0.0, -0.0680256] [0.0, 1.0, 0.0] [0.0680255, 0.0, 0.997683] [-32.5427, 7.65629, 298.113]]
  groupName:t="sector_2_a"
  active:b=no
  respawnBaseGroup:i=1
}

entity{
  _template:t="respawnChooser+respTeam1"
  transform:m=[[0.0777018, 0.0, 0.996976] [0.0, 1.0, 0.0] [-0.996976, 0.0, 0.0777017] [36.2456, 8.53913, 148.754]]
  groupName:t="sector_2_a"
  active:b=no
  respawnBaseGroup:i=2
}

entity{
  _template:t="respawnChooser+respTeam1"
  transform:m=[[-0.214248, 0.0, 0.976778] [0.0, 1.0, 0.0] [-0.976778, 0.0, -0.214248] [46.2845, 8.53913, 146.714]]
  groupName:t="sector_2_a"
  active:b=no
  respawnBaseGroup:i=2
}

entity{
  _template:t="respawnChooser+respVehicle"
  transform:m=[[0.475085, 0.0, 0.87994] [0.0, 1.0, 0.0] [-0.87994, 0.0, 0.475085] [-67.187, 6.12495, 122.824]]
  team:i=1
  respawnBaseGroup:i=1
  maxVehicleOnSpawn:i=2
  respTime:i=120
