import{
  scene:t="content/enlisted/gamedata/scenes/_tunisia_sounds.blk"
}

import{
  scene:t="content/enlisted/gamedata/scenes/_tunisia_level.blk"
}

entity{
  _template:t="custom_profile"
  customProfile:t="enlisted/game/data/modern_squads_profile.json"
}

entity{
  _template:t="custom_bot_profile"
  customBotProfile:t="enlisted/game/data/modern_squads_bots_profile.json"
}

entity{
  _template:t="briefing_invasion"
  mission_name:t="tunisia_city_inv"

  "loading_images:list<t>"{
    item:t="ui/tunisia_city_inv_01.jpg"
    item:t="ui/tunisia_city_inv_02.jpg"
    item:t="ui/tunisia_city_inv_03.jpg"
  }
}

entity{
  _template:t="enemy_attack_marker"
}

entity{
  _template:t="static_cam"
  camera__active:b=yes
  transform:m=[[0.0103551, 0.0, -0.999947] [0.0, 1.0, 0.0] [0.999947, 0.0, 0.0103551] [-92.8125, 37.3161, -64.291]]
}

entity{
  _template:t="minimap_tunisia_tataouine"
}

entity{
  _template:t="postfx_color_grading_tonemap_death_alive_enlisted"
}

entity{
  _template:t="postfx_roundctrl"
}

entity{
  _template:t="session_finalizer"
  session_finalizer__timer:r=10.0
}

entity{
  _template:t="team_usa+team_narrator_invasion_attack+respawn_creators_team"
  team__memberCount:r=0.0
  team__scoreCap:r=2500.0
  team__score:r=2500.0
  team__squadSpawnCost:i=250
  team__firstSpawnCostMul:r=0.0
  team__zeroScoreFailTimer:r=60.0
  team__id:i=2
  team__briefing:t="invasion/attackers_goals"
  team__winSubtitle:t="debriefing/won_invasion_subtitle"
  team__loseSubtitle:t="debriefing/lost_invasion_subtitle"
  team__winTitle:t="debriefing/modern_army_won_invasion"
  team__spawnBotArmy:t="normandy_allies"
}

entity{
  _template:t="team_ussr_berlin+team_narrator_invasion_defence+respawn_creators_team"
  team__countAdd:r=0.5
  team__memberCount:r=0.5
  team__scoreCap:r=5000.0
  team__capturePenalty:r=1001.0
  team__score:r=5000.0
  team__id:i=1
  team__briefing:t="invasion/defenders_goals"
  team__winSubtitle:t="debriefing/won_defence_subtitle"
  team__loseSubtitle:t="debriefing/lost_defence_subtitle"
  team__winTitle:t="debriefing/modern_army_won_defence"
  team__spawnBotArmy:t="berlin_allies"
}

entity{
  _template:t="door_mult_ent_generator"
  ri_extra_gen__blk:t="content/e_tunisia/gamedata/tunisia_doors.blk"
}

entity{
  _template:t="group_activator"

  "activator__activateChoice:object"{
    sector_1_b:r=1.0
    sector_1_a:r=1.0
  }
}

entity{
  _template:t="defend_zone_chained_box+defend_zone_respawnbase"
  transform:m=[[19.7203, 0.0, 2.90671] [0.0, 7.44277, 0.0] [-2.06856, 0.0, 17.2727] [-247.071, 24.5187, -134.82]]
  capzone__capRewardPartCap:r=1.125
  capzone__curTeamCapturingZone:i=-1
  capzone__onlyTeamCanCapture:i=2
  groupName:t="sector_1_a"
  capzone__capTime:r=50.0
  capzone__capTeam:i=-1
  active:b=no
  capzone__decapTime:r=6000.0
  ui_order:i=0
  capzone__capReward:r=500.0
  capzone__icon:t="AAA"
  capzone__caption:t="capzone/guest_house"
  capzone__deactivateAfterTimeout:r=25.0
  capzone__spawnAtZoneTimeout:r=25.0
  capzone__createRespawnBaseForTeam:i=1
  capzone__createRespawnBase:t="respawnBaseGroupActivator"
  capzone__createdRespawnBaseGroup:i=3
  decal__thickness:r=0.4
  decal__height:r=1.0

  "capzone__activateChoice:object"{
    sector_2_a:r=1.0
    sector_2_b:r=1.0
  }
}

entity{
  _template:t="defend_zone_chained_box+defend_zone_respawnbase"
  transform:m=[[78.6435, 0.0, 11.5301] [0.0, 5.69568, 0.0] [-6.16671, 0.0, 41.6166] [-251.244, 22.5217, -55.2388]]
  capzone__capRewardPartCap:r=1.125
  capzone__curTeamCapturingZone:i=-1
  capzone__onlyTeamCanCapture:i=2
  groupName:t="sector_1_b"
  capzone__capTime:r=50.0
  capzone__capTeam:i=-1
  active:b=no
  capzone__decapTime:r=6000.0
  ui_order:i=1
  capzone__capReward:r=500.0
  capzone__icon:t="AAA"
  capzone__caption:t="capzone/palace"
  capzone__deactivateAfterTimeout:r=25.0
  capzone__spawnAtZoneTimeout:r=25.0
  capzone__createRespawnBaseForTeam:i=1
  capzone__createRespawnBase:t="respawnBaseGroupActivator"
  capzone__createdRespawnBaseGroup:i=4
  decal__thickness:r=0.4
  decal__height:r=0.7
  capzone__activateAfterCap:t="_another_zone_group_name_"

  "capzone__activateChoice:object"{
    sector_2_a:r=1.0
    sector_2_b:r=1.0
  }
}

entity{
  _template:t="defend_zone_chained_box+defend_zone_respawnbase"
  transform:m=[[19.029, 0.0, 5.5852] [0.0, 5.6447, 0.0] [-5.56534, 0.0, 20.9635] [-43.3215, 24.0641, -39.9869]]
  capzone__capRewardPartCap:r=1.25
  capzone__curTeamCapturingZone:i=-1
  capzone__onlyTeamCanCapture:i=2
  groupName:t="sector_2_a"
  capzone__capTime:r=45.0
  capzone__capTeam:i=-1
  active:b=no
  capzone__decapTime:r=6000.0
  ui_order:i=2
  capzone__capReward:r=500.0
  capzone__icon:t="AAA"
  capzone__caption:t="capzone/guest_house"
  capzone__deactivateAfterTimeout:r=25.0
  capzone__spawnAtZoneTimeout:r=25.0
  capzone__createRespawnBaseForTeam:i=1
  capzone__createRespawnBase:t="respawnBaseGroupActivator"
  capzone__createdRespawnBaseGroup:i=5
  decal__thickness:r=0.4
  decal__height:r=2.5

  "capzone__activateChoice:object"{
    sector_3_a:r=1.0
    sector_3_b:r=1.0
  }
}

entity{
  _template:t="defend_zone_chained_sphere+defend_zone_respawnbase"
  transform:m=[[1.06816, 0.0, 0.300465] [0.0, 0.657268, 0.0] [-0.224331, 0.0, 0.885191] [-52.6246, 21.4615, -91.0997]]
  groupName:t="sector_2_b"
  capzone__capRewardPartCap:r=1.25
  capzone__onlyTeamCanCapture:i=2
  capzone__capReward:r=500.0
  capzone__icon:t="AAA"
  capzone__caption:t="capzone/guest_house"
  capzone__capTime:r=45.0
  capzone__decapTime:r=6000.0
  capzone__capTeam:i=-1
  active:b=no
  capzone__deactivateAfterTimeout:r=25.0
  capzone__spawnAtZoneTimeout:r=25.0
  capzone__createRespawnBaseForTeam:i=1
  capzone__iconOffsetY:r=3.0
  decal__thickness:r=0.5
  decal__height:r=4.0
  sphere_zone__radius:r=11.5
  capzone__createRespawnBase:t="respawnBaseGroupActivator"
  capzone__createdRespawnBaseGroup:i=6

  "capzone__activateChoice:object"{
    sector_3_a:r=1.0
    sector_3_b:r=1.0
  }
}

entity{
  _template:t="defend_zone_chained_box+defend_zone_respawnbase"
  transform:m=[[64.818, 0.0, 43.0022] [0.0, 3.9787, 0.0] [-11.8446, 0.0, 18.7304] [107.564, 25.6859, 55.7622]]
  capzone__capRewardPartCap:r=1.375
  capzone__curTeamCapturingZone:i=-1
  capzone__onlyTeamCanCapture:i=2
  groupName:t="sector_3_a"
  capzone__capTime:r=50.0
  capzone__capTeam:i=-1
  active:b=no
  capzone__decapTime:r=6000.0
  ui_order:i=3
  capzone__capReward:r=500.0
  capzone__icon:t="AAA"
  capzone__caption:t="capzone/market"
  capzone__deactivateAfterTimeout:r=25.0
  capzone__spawnAtZoneTimeout:r=25.0
  capzone__createRespawnBaseForTeam:i=1
  capzone__createRespawnBase:t="respawnBaseGroupActivator"
  capzone__createdRespawnBaseGroup:i=7
  decal__thickness:r=0.4
  decal__height:r=0.5

  "capzone__activateChoice:object"{
    sector_4_b:r=1.0
    sector_4_a:r=1.0
  }
}

entity{
  _template:t="defend_zone_chained_box+defend_zone_respawnbase"
  transform:m=[[21.3241, 0.0, 15.1954] [0.0, 9.28446, 0.0] [-14.7597, 0.0, 21.6979] [148.441, 26.3702, -31.6447]]
  capzone__capRewardPartCap:r=1.375
  capzone__curTeamCapturingZone:i=-1
  capzone__onlyTeamCanCapture:i=2
  groupName:t="sector_3_b"
  capzone__capTime:r=50.0
  capzone__capTeam:i=-1
  active:b=no
  capzone__decapTime:r=6000.0
  ui_order:i=3
  capzone__capReward:r=500.0
  capzone__icon:t="AAA"
  capzone__caption:t="capzone/administration_building"
  capzone__deactivateAfterTimeout:r=25.0
  capzone__spawnAtZoneTimeout:r=25.0
  capzone__createRespawnBaseForTeam:i=1
  capzone__createRespawnBase:t="respawnBaseGroupActivator"
  capzone__createdRespawnBaseGroup:i=8
  decal__thickness:r=0.4
  decal__height:r=6.0

  "capzone__activateChoice:object"{
    sector_4_b:r=1.0
    sector_4_a:r=1.0
  }
}

entity{
  _template:t="defend_zone_chained_sphere+defend_zone_respawnbase"
  transform:m=[[0.746224, 0.0, 0.474584] [0.0, 0.96444, 0.0] [-0.536446, 0.0, 0.845743] [215.215, 22.5078, 119.276]]
  groupName:t="sector_4_a"
  capzone__capRewardPartCap:r=1.5
  capzone__onlyTeamCanCapture:i=2
  capzone__capReward:r=500.0
  capzone__icon:t="AAA"
  capzone__caption:t="capzone/guest_house"
  capzone__capTime:r=45.0
  capzone__decapTime:r=6000.0
  capzone__capTeam:i=-1
  active:b=no
  capzone__deactivateAfterTimeout:r=25.0
  capzone__spawnAtZoneTimeout:r=25.0
  capzone__createRespawnBaseForTeam:i=1
  capzone__iconOffsetY:r=3.0
  decal__thickness:r=0.3
  decal__height:r=1.5
  sphere_zone__radius:r=12.0
  capzone__createRespawnBase:t="respawnBaseGroupActivator"
  capzone__createdRespawnBaseGroup:i=9

  "capzone__activateChoice:object"{
    sector_5:r=1.0
  }
}

entity{
  _template:t="defend_zone_chained_box+defend_zone_respawnbase"
  transform:m=[[14.8123, 0.0, 10.155] [0.0, 6.18857, 0.0] [-12.9571, 0.0, 18.8996] [215.692, 25.3312, 18.4037]]
  capzone__capRewardPartCap:r=1.5
  capzone__curTeamCapturingZone:i=-1
  capzone__onlyTeamCanCapture:i=2
  groupName:t="sector_4_b"
  capzone__capTime:r=45.0
  capzone__capTeam:i=-1
  active:b=no
  capzone__decapTime:r=6000.0
  ui_order:i=4
  capzone__capReward:r=500.0
  capzone__icon:t="AAA"
  capzone__caption:t="capzone/apartments"
  capzone__deactivateAfterTimeout:r=25.0
  capzone__spawnAtZoneTimeout:r=25.0
  capzone__createRespawnBaseForTeam:i=1
  capzone__createRespawnBase:t="respawnBaseGroupActivator"
  capzone__createdRespawnBaseGroup:i=10
  decal__thickness:r=0.4

  "capzone__activateChoice:object"{
    sector_5:r=1.0
  }
}

entity{
  _template:t="defend_zone_chained_box+defend_zone_respawnbase"
  transform:m=[[37.6586, 0.0, 14.9269] [0.0, 8.85788, 0.0] [-16.9685, 0.0, 42.8092] [336.82, 18.0724, 177.538]]
  groupName:t="sector_5"
  capzone__onlyTeamCanCapture:i=2
  capzone__capReward:r=500.0
  capzone__icon:t="AAA"
  capzone__caption:t="capzone/square"
  capzone__capTime:r=40.0
  capzone__capTeam:i=-1
  active:b=no
  capzone__deactivateAfterTimeout:r=25.0
  capzone__spawnAtZoneTimeout:r=25.0
  capzone__createRespawnBaseForTeam:i=1
  decal__thickness:r=0.3
  decal__height:r=0.9
  capzone__createRespawnBase:t="respawnBaseGroupActivator"
  capzone__createdRespawnBaseGroup:i=11
}

entity{
  _template:t="resupply_in_air_zone"
  transform:m=[[-0.130834, 0.0, -0.991403] [0.0, 1.0, 0.0] [0.991403, 0.0, -0.130834] [-1874.93, 784.228, 1745.73]]
  resupply_zone__team:i=2
}

entity{
  _template:t="respAircraftInAir"
  respawnbaseType:t="aircraft_fighter"
  transform:m=[[-0.840092, 0.0, -0.542445] [0.0, 1.0, 0.0] [0.542445, 0.0, -0.840092] [2074.65, 751.203, 1408.12]]
  team:i=1
  maxVehicleOnSpawn:i=1
  respTime:i=120
}

entity{
  _template:t="respAircraftInAir"
  respawnbaseType:t="aircraft_assault"
  transform:m=[[-0.914112, 0.0, -0.405463] [0.0, 1.0, 0.0] [0.405463, 0.0, -0.914112] [2040.45, 598.667, 1274.3]]
  team:i=1
  maxVehicleOnSpawn:i=1
  respTime:i=120
}

entity{
  _template:t="respAircraftInAir"
  respawnbaseType:t="aircraft_fighter"
  transform:m=[[-0.781258, 0.0, -0.624209] [0.0, 1.0, 0.0] [0.624209, 0.0, -0.781258] [2103.11, 751.203, 1254.1]]
  team:i=1
  maxVehicleOnSpawn:i=1
  respTime:i=120
}

entity{
  _template:t="respAircraftInAir"
  respawnbaseType:t="aircraft_assault"
  transform:m=[[-0.812723, 0.0, -0.582651] [0.0, 1.0, 0.0] [0.582651, 0.0, -0.812723] [1999.91, 598.667, 1446.82]]
  team:i=1
  maxVehicleOnSpawn:i=1
  respTime:i=120
}

entity{
  _template:t="resupply_in_air_zone"
  transform:m=[[0.883982, 0.0, 0.467523] [0.0, 1.0, 0.0] [-0.467523, 0.0, 0.883982] [1970.33, 729.075, -537.041]]
  resupply_zone__team:i=1
}

entity{
  _template:t="respAircraftInAir"
  respawnbaseType:t="aircraft_fighter"
  transform:m=[[0.977489, 0.0, -0.210985] [0.0, 1.0, 0.0] [0.210985, 0.0, 0.977489] [-2242.27, 739.75, -193.485]]
  team:i=2
  maxVehicleOnSpawn:i=1
  respTime:i=120
}

entity{
  _template:t="respAircraftInAir"
  respawnbaseType:t="aircraft_assault"
  transform:m=[[0.999932, 0.0, 0.0116743] [0.0, 1.0, 0.0] [-0.0116743, 0.0, 0.999932] [-2208.45, 612.849, -202.611]]
  team:i=2
  maxVehicleOnSpawn:i=1
  respTime:i=120
}

entity{
  _template:t="respAircraftInAir"
  respawnbaseType:t="aircraft_fighter"
  transform:m=[[0.997322, 0.0, -0.073138] [0.0, 1.0, 0.0] [0.073138, 0.0, 0.997322] [-2239.29, 739.75, -42.9269]]
  team:i=2
  maxVehicleOnSpawn:i=1
  respTime:i=120
}

entity{
  _template:t="respAircraftInAir"
  respawnbaseType:t="aircraft_assault"
  transform:m=[[0.992178, 0.0, -0.124827] [0.0, 1.0, 0.0] [0.124827, 0.0, 0.992178] [-2167.56, 612.849, -28.4107]]
  team:i=2
  maxVehicleOnSpawn:i=1
  respTime:i=120
}

entity{
  _template:t="respawnChooser+respTeam2"
  transform:m=[[0.648841, 0.0, 0.760924] [0.0, 1.0, 0.0] [-0.760924, 0.0, 0.648841] [-370.789, 16.117, -202.538]]
  groupName:t="sector_1_a"
  active:b=no
}

entity{
  _template:t="respawnChooser+respTeam2"
  transform:m=[[0.450433, 0.0, 0.89281] [0.0, 1.0, 0.0] [-0.89281, 0.0, 0.450433] [-374.496, 16.2436, -198.981]]
  groupName:t="sector_1_a"
  active:b=no
}

entity{
  _template:t="respawnChooser+respTeam2"
  transform:m=[[0.742685, 0.0, -0.669643] [0.0, 1.0, 0.0] [0.669642, 0.0, 0.742685] [-381.57, 18.1653, -91.5721]]
  respawnBaseGroup:i=2
  groupName:t="sector_1_a"
  active:b=no
}

entity{
  _template:t="respawnChooser+respTeam2"
  transform:m=[[0.979417, 0.0, -0.201852] [0.0, 1.0, 0.0] [0.201852, 0.0, 0.979417] [-353.582, 20.8519, -50.6681]]
  groupName:t="sector_1_a"
  respawnBaseGroup:i=2
  active:b=no
}

entity{
  _template:t="respawnChooser+respVehicle"
  transform:m=[[0.998613, 0.0, 0.0526469] [0.0, 1.0, 0.0] [-0.0526469, 0.0, 0.998613] [-509.67, 5.48572, -174.375]]
  groupName:t="sector_1_a"
  team:i=2
  respTime:i=150
  maxVehicleOnSpawn:i=2
  respawnBaseGroup:i=1
  active:b=no
}

entity{
  _template:t="respawnChooser+respTeam1"
  transform:m=[[-0.969179, 0.0, -0.246359] [0.0, 1.0, 0.0] [0.246359, 0.0, -0.969179] [-151.102, 21.7472, -61.5911]]
  groupName:t="sector_1_a"
  active:b=no
}

entity{
  _template:t="respawnChooser+respTeam1"
  transform:m=[[-0.934606, 0.0, -0.355686] [0.0, 1.0, 0.0] [0.355686, 0.0, -0.934606] [-147.696, 21.7407, -70.8795]]
  groupName:t="sector_1_a"
  active:b=no
}

entity{
  _template:t="respawnChooser+respTeam1"
  transform:m=[[-0.98362, 0.0, -0.180256] [0.0, 1.0, 0.0] [0.180256, 0.0, -0.98362] [-117.938, 21.4428, -108.092]]
  groupName:t="sector_1_a"
  respawnBaseGroup:i=2
  active:b=no
}

entity{
  _template:t="respawnChooser+respTeam1"
  transform:m=[[-0.487594, 0.0, 0.873071] [0.0, 1.0, 0.0] [-0.873071, 0.0, -0.487594] [-109.114, 21.9549, -135.056]]
  groupName:t="sector_1_a"
  respawnBaseGroup:i=2
  active:b=no
}

entity{
  _template:t="respawnChooser+respVehicle"
  transform:m=[[-0.391092, 0.0, -0.920351] [0.0, 1.0, 0.0] [0.920351, 0.0, -0.391092] [-15.0035, 21.9675, -34.65]]
  groupName:t="sector_1_a"
  respawnBaseGroup:i=1
  team:i=1
  respTime:i=150
  maxVehicleOnSpawn:i=2
  active:b=no
}

entity{
  _template:t="respawnChooser+respTeam2"
  transform:m=[[0.694512, 0.0, 0.71948] [0.0, 1.0, 0.0] [-0.71948, 0.0, 0.694512] [-346.458, 19.1332, -164.661]]
  groupName:t="sector_1_b"
  active:b=no
}

entity{
  _template:t="respawnChooser+respTeam2"
  transform:m=[[0.279781, 0.0, 0.960063] [0.0, 1.0, 0.0] [-0.960063, 0.0, 0.279781] [-356.97, 18.3646, -151.393]]
  groupName:t="sector_1_b"
  active:b=no
}

entity{
  _template:t="respawnChooser+respTeam2"
  transform:m=[[0.999946, 0.0, 0.010468] [0.0, 1.0, 0.0] [-0.010468, 0.0, 0.999946] [-417.839, 7.79281, -73.1058]]
  groupName:t="sector_1_b"
  respawnBaseGroup:i=2
  active:b=no
}

entity{
  _template:t="respawnChooser+respTeam2"
  transform:m=[[0.851199, 0.0, -0.524841] [0.0, 1.0, 0.0] [0.524841, 0.0, 0.851199] [-408.825, 6.36027, -43.8304]]
  groupName:t="sector_1_b"
  respawnBaseGroup:i=2
  active:b=no
}

entity{
  _template:t="respawnChooser+respVehicle"
  transform:m=[[0.66447, 0.0, 0.747315] [0.0, 1.0, 0.0] [-0.747315, 0.0, 0.66447] [-546.012, 4.37054, -245.133]]
  team:i=2
  groupName:t="sector_1_b"
  respTime:i=150
  maxVehicleOnSpawn:i=2
  active:b=no
}

entity{
  _template:t="respawnChooser+respTeam1"
  transform:m=[[-0.786383, 0.0, -0.617739] [0.0, 1.0, 0.0] [0.617739, 0.0, -0.786383] [-112.5, 15.7946, 19.2723]]
  groupName:t="sector_1_b"
  active:b=no
}

entity{
  _template:t="respawnChooser+respTeam1"
  transform:m=[[-0.750146, 0.0, -0.661273] [0.0, 1.0, 0.0] [0.661273, 0.0, -0.750146] [-120.288, 15.8004, 23.2152]]
  groupName:t="sector_1_b"
  active:b=no
}

entity{
  _template:t="respawnChooser+respTeam1"
  transform:m=[[-0.996418, 0.0, 0.0845646] [0.0, 1.0, 0.0] [-0.0845646, 0.0, -0.996418] [-107.88, 22.1424, -66.5422]]
  groupName:t="sector_1_b"
  respawnBaseGroup:i=2
  active:b=no
}

entity{
  _template:t="respawnChooser+respTeam1"
  transform:m=[[-0.934429, 0.0, 0.35615] [0.0, 1.0, 0.0] [-0.35615, 0.0, -0.934429] [-118.882, 22.2762, -105.778]]
  groupName:t="sector_1_b"
  respawnBaseGroup:i=2
  active:b=no
}

entity{
  _template:t="respawnChooser+respVehicle"
  transform:m=[[-0.386006, 0.0, -0.922496] [0.0, 1.0, 0.0] [0.922496, 0.0, -0.386006] [-14.5516, 21.8286, -36.5609]]
  active:b=no
  groupName:t="sector_1_b"
  respTime:i=150
  maxVehicleOnSpawn:i=2
  team:i=1
}

entity{
  _template:t="respawnChooser+respTeam2"
  transform:m=[[0.956104, 0.0, -0.293029] [0.0, 1.0, 0.0] [0.293029, 0.0, 0.956104] [-219.177, 20.8623, -35.9444]]
  groupName:t="sector_2_a"
  active:b=no
}

entity{
  _template:t="respawnChooser+respTeam2"
  transform:m=[[0.796408, 0.0, 0.604761] [0.0, 1.0, 0.0] [-0.604761, 0.0, 0.796408] [-211.327, 20.5565, -62.2869]]
  groupName:t="sector_2_a"
  active:b=no
}

entity{
  _template:t="respawnChooser+respTeam2"
  transform:m=[[0.959734, 0.0, -0.280911] [0.0, 1.0, 0.0] [0.280911, 0.0, 0.959734] [-217.324, 20.6854, -83.8744]]
  groupName:t="sector_2_a"
  respawnBaseGroup:i=1
  active:b=no
}

entity{
  _template:t="respawnChooser+respTeam2"
  transform:m=[[0.934864, 0.0, 0.355007] [0.0, 1.0, 0.0] [-0.355007, 0.0, 0.934864] [-216.812, 21.4061, -128.024]]
  groupName:t="sector_2_a"
  respawnBaseGroup:i=2
  active:b=no
}

entity{
  _template:t="respawnChooser+respTeam2"
  transform:m=[[0.97221, 0.0, 0.234112] [0.0, 1.0, 0.0] [-0.234112, 0.0, 0.97221] [-213.754, 21.4543, -136.163]]
  groupName:t="sector_2_a"
  respawnBaseGroup:i=2
  active:b=no
}

entity{
  _template:t="respawnChooser+respVehicle"
  transform:m=[[0.408462, 0.0, 0.912775] [0.0, 1.0, 0.0] [-0.912775, 0.0, 0.408462] [-315.52, 20.196, -152.253]]
  groupName:t="sector_2_a"
  team:i=2
  respTime:i=150
  maxVehicleOnSpawn:i=2
  active:b=no
}

entity{
  _template:t="respawnChooser+respTeam1"
  transform:m=[[-0.325127, 0.0, -0.945671] [0.0, 1.0, 0.0] [0.945671, 0.0, -0.325127] [66.0506, 22.7681, 13.5616]]
  groupName:t="sector_2_a"
  respawnBaseGroup:i=1
  active:b=no
}

entity{
  _template:t="respawnChooser+respTeam1"
  transform:m=[[-0.855602, 0.0, -0.517635] [0.0, 1.0, 0.0] [0.517635, 0.0, -0.855602] [72.3322, 22.8253, -2.74086]]
  groupName:t="sector_2_a"
  active:b=no
}

entity{
  _template:t="respawnChooser+respTeam1"
  transform:m=[[-0.873482, 0.0, -0.486857] [0.0, 1.0, 0.0] [0.486857, 0.0, -0.873482] [72.1259, 23.1141, 3.26188]]
  groupName:t="sector_2_a"
  active:b=no
}

entity{
  _template:t="respawnChooser+respTeam1"
  transform:m=[[-0.982549, 0.0, 0.186005] [0.0, 1.0, 0.0] [-0.186005, 0.0, -0.982549] [73.7696, 23.039, -103.189]]
  groupName:t="sector_2_a"
  respawnBaseGroup:i=2
  active:b=no
}

entity{
  _template:t="respawnChooser+respTeam1"
  transform:m=[[-0.950051, 0.0, 0.312095] [0.0, 1.0, 0.0] [-0.312095, 0.0, -0.950051] [79.1733, 22.7731, -78.3854]]
  groupName:t="sector_2_a"
  respawnBaseGroup:i=2
  active:b=no
}

entity{
  _template:t="respawnChooser+respTeam1"
  transform:m=[[-0.941576, 0.0, 0.336801] [0.0, 1.0, 0.0] [-0.336801, 0.0, -0.941576] [74.3873, 23.0638, -97.7261]]
  groupName:t="sector_2_a"
  respawnBaseGroup:i=2
  active:b=no
}

entity{
  _template:t="respawnChooser+respVehicle"
  transform:m=[[-0.95323, 0.0, 0.302246] [0.0, 1.0, 0.0] [-0.302246, 0.0, -0.95323] [164.223, 23.0258, 23.7063]]
  active:b=no
  groupName:t="sector_2_a"
  respTime:i=150
  maxVehicleOnSpawn:i=2
  team:i=1
}

entity{
  _template:t="respawnChooser+respTeam2"
  transform:m=[[0.979751, 0.0, -0.20022] [0.0, 1.0, 0.0] [0.20022, 0.0, 0.979751] [-219.854, 20.5034, -84.4637]]
  groupName:t="sector_2_b"
  active:b=no
}

entity{
  _template:t="respawnChooser+respTeam2"
  transform:m=[[0.917186, 0.0, -0.39846] [0.0, 1.0, 0.0] [0.39846, 0.0, 0.917186] [-216.866, 20.4894, -42.6468]]
  groupName:t="sector_2_b"
  active:b=no
}

entity{
  _template:t="respawnChooser+respTeam2"
  transform:m=[[0.969014, 0.0, 0.247006] [0.0, 1.0, 0.0] [-0.247006, 0.0, 0.969014] [-213.414, 20.438, -56.615]]
  active:b=no
  groupName:t="sector_2_b"
}

entity{
  _template:t="respawnChooser+respTeam2"
  transform:m=[[0.903039, 0.0, 0.429559] [0.0, 1.0, 0.0] [-0.429559, 0.0, 0.903039] [-215.077, 21.1682, -155.412]]
  groupName:t="sector_2_b"
  respawnBaseGroup:i=2
  active:b=no
}

entity{
  _template:t="respawnChooser+respTeam2"
  transform:m=[[0.987592, 0.0, 0.157042] [0.0, 1.0, 0.0] [-0.157042, 0.0, 0.987592] [-213.224, 21.2055, -135.962]]
  active:b=no
  groupName:t="sector_2_b"
  respawnBaseGroup:i=2
}

entity{
  _template:t="respawnChooser+respTeam2"
  transform:m=[[0.961116, 0.0, 0.276147] [0.0, 1.0, 0.0] [-0.276147, 0.0, 0.961116] [-217.513, 21.8381, -128.374]]
  groupName:t="sector_2_b"
  respawnBaseGroup:i=2
  active:b=no
}

entity{
  _template:t="respawnChooser+respVehicle"
  transform:m=[[0.461467, 0.0, 0.887157] [0.0, 1.0, 0.0] [-0.887157, 0.0, 0.461467] [-315.353, 20.817, -152.493]]
  active:b=no
  groupName:t="sector_2_b"
  respTime:i=150
  maxVehicleOnSpawn:i=2
  team:i=2
}

entity{
  _template:t="respawnChooser+respTeam1"
  transform:m=[[-0.803487, 0.0, -0.595322] [0.0, 1.0, 0.0] [0.595322, 0.0, -0.803487] [71.1805, 22.7888, -3.4954]]
  active:b=no
  groupName:t="sector_2_b"
}

entity{
  _template:t="respawnChooser+respTeam1"
  transform:m=[[-0.81637, 0.0, -0.577529] [0.0, 1.0, 0.0] [0.577529, 0.0, -0.81637] [66.2595, 22.7058, 0.744728]]
  active:b=no
  groupName:t="sector_2_b"
}

entity{
  _template:t="respawnChooser+respTeam1"
  transform:m=[[-0.849976, 0.0, -0.526822] [0.0, 1.0, 0.0] [0.526822, 0.0, -0.849976] [57.1454, 22.8216, 8.97733]]
  active:b=no
  groupName:t="sector_2_b"
}

entity{
  _template:t="respawnChooser+respTeam1"
  transform:m=[[-0.967376, 0.0, 0.253344] [0.0, 1.0, 0.0] [-0.253344, 0.0, -0.967376] [82.529, 22.9573, -79.3804]]
  active:b=no
  groupName:t="sector_2_b"
  respawnBaseGroup:i=2
}

entity{
  _template:t="respawnChooser+respTeam1"
  transform:m=[[-0.917748, 0.0, 0.397164] [0.0, 1.0, 0.0] [-0.397164, 0.0, -0.917748] [81.9062, 22.9645, -106.337]]
  groupName:t="sector_2_b"
  active:b=no
  respawnBaseGroup:i=2
}

entity{
  _template:t="respawnChooser+respTeam1"
  transform:m=[[-0.999184, 0.0, 0.0404125] [0.0, 1.0, 0.0] [-0.0404125, 0.0, -0.999184] [76.3371, 23.3057, -141.428]]
  groupName:t="sector_2_b"
  active:b=no
  respawnBaseGroup:i=2
}

entity{
  _template:t="respawnChooser+respVehicle"
  transform:m=[[-0.968421, 0.0, 0.249319] [0.0, 1.0, 0.0] [-0.249319, 0.0, -0.968421] [164.692, 23.1677, 23.6952]]
  active:b=no
  groupName:t="sector_2_b"
  respTime:i=150
  maxVehicleOnSpawn:i=2
  team:i=1
}

entity{
  _template:t="respawnChooser+respTeam2"
  transform:m=[[0.608409, 0.0, -0.793624] [0.0, 1.0, 0.0] [0.793624, 0.0, 0.608409] [-53.2726, 22.401, -11.8286]]
  groupName:t="sector_3_a"
  active:b=no
}

entity{
  _template:t="respawnChooser+respTeam2"
  transform:m=[[1.0, 0.0, 0.0] [0.0, 1.0, 0.0] [0.0, 0.0, 1.0] [-42.9614, 22.3892, -34.8825]]
  groupName:t="sector_3_a"
  active:b=no
}

entity{
  _template:t="respawnChooser+respTeam2"
  transform:m=[[1.0, 0.0, 0.0] [0.0, 1.0, 0.0] [0.0, 0.0, 1.0] [-40.6056, 22.1046, -47.1616]]
  groupName:t="sector_3_a"
  active:b=no
}

entity{
  _template:t="respawnChooser+respTeam1"
  transform:m=[[-0.32422, 0.0, -0.945982] [0.0, 1.0, 0.0] [0.945982, 0.0, -0.32422] [244.284, 17.594, 152.405]]
  groupName:t="sector_3_a"
  active:b=no
}

entity{
  _template:t="respawnChooser+respTeam2"
  transform:m=[[0.998626, 0.0, 0.0523952] [0.0, 1.0, 0.0] [-0.0523952, 0.0, 0.998626] [-56.2119, 17.546, 48.2653]]
  groupName:t="sector_3_a"
  respawnBaseGroup:i=2
  active:b=no
}

entity{
  _template:t="respawnChooser+respTeam2"
  transform:m=[[0.998441, 0.0, 0.0558056] [0.0, 1.0, 0.0] [-0.0558056, 0.0, 0.998441] [-58.0663, 17.5501, 56.6781]]
  groupName:t="sector_3_a"
  active:b=no
  respawnBaseGroup:i=2
}

entity{
  _template:t="respawnChooser+respVehicle"
  transform:m=[[0.98759, 0.0, 0.157052] [0.0, 1.0, 0.0] [-0.157052, 0.0, 0.98759] [-100.445, 22.5547, -120.41]]
  groupName:t="sector_3_a"
  team:i=2
  active:b=no
  respTime:i=150
  maxVehicleOnSpawn:i=2
}

entity{
  _template:t="respawnChooser+respTeam1"
  transform:m=[[-0.531494, 0.0, -0.847062] [0.0, 1.0, 0.0] [0.847062, 0.0, -0.531494] [239.924, 17.4117, 154.51]]
  groupName:t="sector_3_a"
  active:b=no
}

entity{
  _template:t="respawnChooser+respTeam1"
  transform:m=[[-0.367559, 0.0, -0.93] [0.0, 1.0, 0.0] [0.93, 0.0, -0.367559] [211.512, 17.4524, 162.776]]
  groupName:t="sector_3_a"
  active:b=no
}

entity{
  _template:t="respawnChooser+respTeam1"
  transform:m=[[-0.861784, 0.0, -0.507276] [0.0, 1.0, 0.0] [0.507276, 0.0, -0.861784] [254.539, 18.7008, 65.6]]
  groupName:t="sector_3_a"
  respawnBaseGroup:i=2
  active:b=no
}

entity{
  _template:t="respawnChooser+respTeam1"
  transform:m=[[-0.882624, 0.0, -0.470079] [0.0, 1.0, 0.0] [0.470079, 0.0, -0.882624] [260.308, 18.7253, 54.784]]
  groupName:t="sector_3_a"
  respawnBaseGroup:i=2
  active:b=no
}

entity{
  _template:t="respawnChooser+respVehicle"
  transform:m=[[-0.0835295, 0.0, -0.996506] [0.0, 1.0, 0.0] [0.996506, 0.0, -0.0835295] [310.094, 14.439, 151.155]]
  active:b=no
  groupName:t="sector_3_a"
  team:i=1
  respTime:i=150
  maxVehicleOnSpawn:i=2
}

entity{
  _template:t="respawnChooser+respTeam2"
  transform:m=[[0.492732, 0.0, -0.870181] [0.0, 1.0, 0.0] [0.870181, 0.0, 0.492732] [-24.9726, 17.6229, 41.6422]]
  active:b=no
  groupName:t="sector_3_b"
}

entity{
  _template:t="respawnChooser+respTeam2"
  transform:m=[[0.986332, 0.0, -0.164767] [0.0, 1.0, 0.0] [0.164767, 0.0, 0.986332] [-11.9369, 20.7539, 5.02561]]
  active:b=no
  groupName:t="sector_3_b"
}

entity{
  _template:t="respawnChooser+respTeam2"
  transform:m=[[0.741816, 0.0, -0.670603] [0.0, 1.0, 0.0] [0.670603, 0.0, 0.741816] [-18.3233, 21.9752, -88.5308]]
  active:b=no
  groupName:t="sector_3_b"
  respawnBaseGroup:i=2
}

entity{
  _template:t="respawnChooser+respTeam2"
  transform:m=[[0.950738, 0.0, -0.309998] [0.0, 1.0, 0.0] [0.309998, 0.0, 0.950738] [2.009, 21.0222, -114.583]]
  active:b=no
  groupName:t="sector_3_b"
  respawnBaseGroup:i=2
}

entity{
  _template:t="respawnChooser+respVehicle"
  transform:m=[[0.987276, 0.0, 0.159016] [0.0, 1.0, 0.0] [-0.159016, 0.0, 0.987276] [-99.9001, 21.6275, -120.167]]
  active:b=no
  groupName:t="sector_3_b"
  respTime:i=150
  maxVehicleOnSpawn:i=2
  team:i=2
}

entity{
  _template:t="respawnChooser+respTeam1"
  transform:m=[[-0.753925, 0.0, -0.656961] [0.0, 1.0, 0.0] [0.656961, 0.0, -0.753925] [216.323, 23.0352, 122.91]]
  groupName:t="sector_3_b"
  active:b=no
}

entity{
  _template:t="respawnChooser+respTeam1"
  transform:m=[[-0.912488, 0.0, -0.409105] [0.0, 1.0, 0.0] [0.409105, 0.0, -0.912488] [217.231, 22.8628, 118.793]]
  active:b=no
  groupName:t="sector_3_b"
}

entity{
  _template:t="respawnChooser+respTeam1"
  transform:m=[[-0.830401, 0.0, -0.557166] [0.0, 1.0, 0.0] [0.557166, 0.0, -0.830401] [268.349, 18.7591, 55.8651]]
  groupName:t="sector_3_b"
  respawnBaseGroup:i=2
  active:b=no
}

entity{
  _template:t="respawnChooser+respTeam1"
  transform:m=[[-0.799915, 0.0, -0.600113] [0.0, 1.0, 0.0] [0.600113, 0.0, -0.799915] [280.38, 18.7591, 49.5519]]
  groupName:t="sector_3_b"
  respawnBaseGroup:i=2
  active:b=no
}

entity{
  _template:t="respawnChooser+respTeam1"
  transform:m=[[-0.548546, 0.0, -0.83612] [0.0, 1.0, 0.0] [0.83612, 0.0, -0.548546] [259.222, 18.8302, 72.8188]]
  active:b=no
  groupName:t="sector_3_b"
  respawnBaseGroup:i=2
}

entity{
  _template:t="respawnChooser+respVehicle"
  transform:m=[[0.103025, 0.0, -0.994679] [0.0, 1.0, 0.0] [0.994679, 0.0, 0.103025] [310.134, 14.7386, 151.82]]
  active:b=no
  groupName:t="sector_3_b"
  respTime:i=150
  maxVehicleOnSpawn:i=2
  team:i=1
}

entity{
  _template:t="respawnChooser+respTeam2"
  transform:m=[[0.837204, 0.0, 0.546891] [0.0, 1.0, 0.0] [-0.546891, 0.0, 0.837204] [84.6575, 24.381, 47.1999]]
  groupName:t="sector_4_a"
  active:b=no
}

entity{
  _template:t="respawnChooser+respTeam2"
  transform:m=[[0.864755, 0.0, 0.502195] [0.0, 1.0, 0.0] [-0.502195, 0.0, 0.864755] [94.5975, 24.6377, 39.9965]]
  groupName:t="sector_4_a"
  active:b=no
}

entity{
  _template:t="respawnChooser+respTeam2"
  transform:m=[[0.974038, 0.0, 0.226382] [0.0, 1.0, 0.0] [-0.226382, 0.0, 0.974038] [71.6805, 22.7117, 64.1333]]
  groupName:t="sector_4_a"
  active:b=no
}

entity{
  _template:t="respawnChooser+respTeam2"
  transform:m=[[0.978879, 0.0, 0.204437] [0.0, 1.0, 0.0] [-0.204437, 0.0, 0.978879] [147.866, 23.1962, -24.6808]]
  groupName:t="sector_4_a"
  respawnBaseGroup:i=2
  active:b=no
}

entity{
  _template:t="respawnChooser+respTeam2"
  transform:m=[[0.84304, 0.0, 0.537851] [0.0, 1.0, 0.0] [-0.537851, 0.0, 0.84304] [132.093, 23.07, -11.6374]]
  active:b=no
  groupName:t="sector_4_a"
  respawnBaseGroup:i=2
}

entity{
  _template:t="respawnChooser+respTeam2"
  transform:m=[[0.642804, 0.0, 0.76603] [0.0, 1.0, 0.0] [-0.76603, 0.0, 0.642804] [155.553, 23.0646, -34.0645]]
  groupName:t="sector_4_a"
  respawnBaseGroup:i=2
  active:b=no
}

entity{
  _template:t="respawnChooser+respVehicle"
  transform:m=[[-0.136423, 0.0, 0.990651] [0.0, 1.0, 0.0] [-0.990651, 0.0, -0.136423] [52.7429, 24.0307, -68.9506]]
  groupName:t="sector_4_a"
  team:i=2
  respTime:i=150
  maxVehicleOnSpawn:i=2
  active:b=no
}

entity{
  _template:t="respawnChooser+respTeam1"
  transform:m=[[-0.843067, 0.0, -0.537809] [0.0, 1.0, 0.0] [0.537809, 0.0, -0.843067] [286.328, 15.4702, 219.653]]
  active:b=no
  groupName:t="sector_4_a"
}

entity{
  _template:t="respawnChooser+respTeam1"
  transform:m=[[-0.411681, 0.0, -0.911327] [0.0, 1.0, 0.0] [0.911327, 0.0, -0.411681] [325.58, 14.912, 188.265]]
  active:b=no
  groupName:t="sector_4_a"
}

entity{
  _template:t="respawnChooser+respTeam1"
  transform:m=[[-0.959938, 0.0, 0.280213] [0.0, 1.0, 0.0] [-0.280213, 0.0, -0.959938] [336.143, 14.8004, 161.85]]
  active:b=no
  groupName:t="sector_4_a"
}

entity{
  _template:t="respawnChooser+respTeam1"
  transform:m=[[-0.987294, 0.0, 0.158906] [0.0, 1.0, 0.0] [-0.158906, 0.0, -0.987294] [347.579, 18.2542, 104.502]]
  active:b=no
  groupName:t="sector_4_a"
  respawnBaseGroup:i=2
}

entity{
  _template:t="respawnChooser+respTeam1"
  transform:m=[[-0.865382, 0.0, -0.501114] [0.0, 1.0, 0.0] [0.501114, 0.0, -0.865382] [339.536, 18.3464, 122.244]]
  groupName:t="sector_4_a"
  respawnBaseGroup:i=2
  active:b=no
}

entity{
  _template:t="respawnChooser+respVehicle"
  transform:m=[[-0.76632, 0.0, -0.64246] [0.0, 1.0, 0.0] [0.64246, 0.0, -0.76632] [383.54, 13.6985, 247.747]]
  groupName:t="sector_4_a"
  team:i=1
  active:b=no
  respTime:i=150
  maxVehicleOnSpawn:i=2
}

entity{
  _template:t="respawnChooser+respTeam2"
  transform:m=[[0.813919, 0.0, 0.580978] [0.0, 1.0, 0.0] [-0.580978, 0.0, 0.813919] [92.9555, 22.7058, 13.6716]]
  groupName:t="sector_4_b"
  active:b=no
}

entity{
  _template:t="respawnChooser+respTeam2"
  transform:m=[[0.900864, 0.0, 0.434101] [0.0, 1.0, 0.0] [-0.434101, 0.0, 0.900864] [82.0911, 24.2529, 45.6373]]
  active:b=no
  groupName:t="sector_4_b"
}

entity{
  _template:t="respawnChooser+respTeam2"
  transform:m=[[0.784068, 0.0, 0.620677] [0.0, 1.0, 0.0] [-0.620677, 0.0, 0.784068] [140.105, 23.528, -84.2588]]
  active:b=no
  groupName:t="sector_4_b"
  respawnBaseGroup:i=2
}

entity{
  _template:t="respawnChooser+respTeam2"
  transform:m=[[0.832395, 0.0, 0.554184] [0.0, 1.0, 0.0] [-0.554184, 0.0, 0.832395] [130.845, 23.2426, -73.2422]]
  groupName:t="sector_4_b"
  respawnBaseGroup:i=2
  active:b=no
}

entity{
  _template:t="respawnChooser+respTeam2"
  transform:m=[[0.80538, 0.0, 0.59276] [0.0, 1.0, 0.0] [-0.59276, 0.0, 0.80538] [111.098, 23.1323, -45.2437]]
  groupName:t="sector_4_b"
  respawnBaseGroup:i=2
  active:b=no
}

entity{
  _template:t="respawnChooser+respVehicle"
  transform:m=[[0.0460076, 0.0, 0.998941] [0.0, 1.0, 0.0] [-0.998941, 0.0, 0.0460076] [52.7522, 22.5922, -67.5686]]
  groupName:t="sector_4_b"
  team:i=2
  respTime:i=150
  maxVehicleOnSpawn:i=2
  active:b=no
}

entity{
  _template:t="respawnChooser+respTeam1"
  transform:m=[[-0.568343, 0.0, -0.822792] [0.0, 1.0, 0.0] [0.822792, 0.0, -0.568343] [240.936, 17.2564, 156.055]]
  groupName:t="sector_4_b"
  active:b=no
}

entity{
  _template:t="respawnChooser+respTeam1"
  transform:m=[[-0.241186, 0.0, -0.970479] [0.0, 1.0, 0.0] [0.970479, 0.0, -0.241186] [245.119, 17.1559, 154.08]]
  groupName:t="sector_4_b"
  active:b=no
}

entity{
  _template:t="respawnChooser+respTeam1"
  transform:m=[[-0.975855, 0.0, 0.218418] [0.0, 1.0, 0.0] [-0.218418, 0.0, -0.975855] [325.75, 18.7204, 90.9993]]
  groupName:t="sector_4_b"
  respawnBaseGroup:i=2
  active:b=no
}

entity{
  _template:t="respawnChooser+respTeam1"
  transform:m=[[-0.617021, 0.0, -0.786946] [0.0, 1.0, 0.0] [0.786946, 0.0, -0.617021] [318.515, 18.6628, 109.507]]
  groupName:t="sector_4_b"
  respawnBaseGroup:i=2
  active:b=no
}

entity{
  _template:t="respawnChooser+respVehicle"
  transform:m=[[-0.798317, 0.0, -0.602238] [0.0, 1.0, 0.0] [0.602238, 0.0, -0.798317] [384.093, 14.4805, 248.051]]
  active:b=no
  groupName:t="sector_4_b"
  respTime:i=150
  maxVehicleOnSpawn:i=2
  team:i=1
}

entity{
  _template:t="respawnChooser+respTeam2"
  transform:m=[[0.983205, 0.0, 0.182504] [0.0, 1.0, 0.0] [-0.182504, 0.0, 0.983205] [211.692, 23.1672, 120.477]]
  groupName:t="sector_5"
  active:b=no
}

entity{
  _template:t="respawnChooser+respTeam2"
  transform:m=[[0.976554, 0.0, 0.215272] [0.0, 1.0, 0.0] [-0.215272, 0.0, 0.976554] [208.769, 17.452, 161.724]]
  active:b=no
  groupName:t="sector_5"
}

entity{
  _template:t="respawnChooser+respTeam2"
  transform:m=[[0.756673, 0.0, 0.653793] [0.0, 1.0, 0.0] [-0.653793, 0.0, 0.756673] [230.067, 22.0752, 34.5829]]
  active:b=no
  groupName:t="sector_5"
  respawnBaseGroup:i=2
}

entity{
  _template:t="respawnChooser+respTeam2"
  transform:m=[[-0.329914, 0.0, 0.94401] [0.0, 1.0, 0.0] [-0.94401, 0.0, -0.329914] [270.607, 19.3896, 33.8973]]
  active:b=no
  groupName:t="sector_5"
  respawnBaseGroup:i=2
}

entity{
  _template:t="respawnChooser+respVehicle"
  transform:m=[[0.716127, 0.0, 0.697969] [0.0, 1.0, 0.0] [-0.697969, 0.0, 0.716127] [185.931, 24.3439, -38.553]]
  active:b=no
  groupName:t="sector_5"
  respTime:i=150
  maxVehicleOnSpawn:i=2
  team:i=2
}

entity{
  _template:t="respawnChooser+respTeam1"
  transform:m=[[-0.967461, 0.0, -0.253019] [0.0, 1.0, 0.0] [0.253019, 0.0, -0.967461] [440.852, 13.1807, 214.081]]
  groupName:t="sector_5"
  active:b=no
}

entity{
  _template:t="respawnChooser+respTeam1"
  transform:m=[[-0.948835, 0.0, -0.315778] [0.0, 1.0, 0.0] [0.315778, 0.0, -0.948835] [407.277, 13.7058, 263.554]]
  groupName:t="sector_5"
  active:b=no
}

entity{
  _template:t="respawnChooser+respTeam1"
  transform:m=[[-0.999984, 0.0, -0.00570872] [0.0, 1.0, 0.0] [0.00570872, 0.0, -0.999984] [441.967, 12.5478, 232.559]]
  active:b=no
  groupName:t="sector_5"
  respawnBaseGroup:i=1
}

entity{
  _template:t="respawnChooser+respTeam1"
  transform:m=[[-0.997492, 0.0, 0.070788] [0.0, 1.0, 0.0] [-0.070788, 0.0, -0.997492] [441.44, 12.5506, 243.483]]
  active:b=no
  groupName:t="sector_5"
  respawnBaseGroup:i=1
}

entity{
  _template:t="respawnChooser+respVehicle"
  transform:m=[[0.00994847, 0.0, -0.99995] [0.0, 1.0, 0.0] [0.99995, 0.0, 0.00994847] [478.947, 12.2504, 257.595]]
  active:b=no
  groupName:t="sector_5"
  respTime:i=150
  maxVehicleOnSpawn:i=2
  team:i=1
}

entity{
  _template:t="poly_battle_area"
  transform:m=[[1.0, 0.0, 0.0] [0.0, 1.0, 0.0] [0.0, 0.0, 1.0] [-219.553, 20.3439, -190.573]]
  groupName:t="sector_1_a"
  battleAreaId:t="1a_area1"
  battle_area__team:i=2
  active:b=no
}

entity{
  _template:t="battle_area_polygon_point"
  transform:m=[[1.0, 0.0, 0.0] [0.0, 1.0, 0.0] [0.0, 0.0, 1.0] [-460.521, 19.5437, 33.2648]]
  battle_area_polygon_point__forBattleAreaId:t="1a_area1"
  battle_area_polygon_point__id:t="point1"
  battle_area_polygon_point__nextId:t="point2"
}

entity{
  _template:t="battle_area_polygon_point"
  transform:m=[[0.998875, 0.0, 0.0474279] [0.0, 1.0, 0.0] [-0.0474279, 0.0, 0.998875] [-605.115, 13.9502, -253.184]]
  battle_area_polygon_point__forBattleAreaId:t="1a_area1"
  battle_area_polygon_point__id:t="point2"
  battle_area_polygon_point__nextId:t="point3"
}

entity{
  _template:t="battle_area_polygon_point"
  transform:m=[[0.99628, 0.0, 0.0861773] [0.0, 1.0, 0.0] [-0.0861773, 0.0, 0.99628] [-163.013, 14.7254, -228.021]]
  battle_area_polygon_point__forBattleAreaId:t="1a_area1"
  battle_area_polygon_point__id:t="point3"
  battle_area_polygon_point__nextId:t="point4"
}

entity{
  _template:t="battle_area_polygon_point"
  transform:m=[[0.988497, 0.0, 0.151243] [0.0, 1.0, 0.0] [-0.151243, 0.0, 0.988497] [-196.168, 21.2929, 57.9628]]
  battle_area_polygon_point__forBattleAreaId:t="1a_area1"
  battle_area_polygon_point__id:t="point4"
  battle_area_polygon_point__nextId:t="point1"
}

entity{
  _template:t="poly_battle_area"
  transform:m=[[1.0, 0.0, 0.0] [0.0, 1.0, 0.0] [0.0, 0.0, 1.0] [-265.684, 20.0575, -6.85929]]
  battleAreaId:t="1a_area2"
  battle_area__team:i=1
  groupName:t="sector_1_a"
  active:b=no
}

entity{
  _template:t="battle_area_polygon_point"
  transform:m=[[1.0, 0.0, 0.0] [0.0, 1.0, 0.0] [0.0, 0.0, 1.0] [-331.633, 15.0829, 44.1023]]
  battle_area_polygon_point__forBattleAreaId:t="1a_area2"
  battle_area_polygon_point__id:t="point1"
  battle_area_polygon_point__nextId:t="point2"
}

entity{
  _template:t="battle_area_polygon_point"
  transform:m=[[0.992963, 0.0, 0.118422] [0.0, 1.0, 0.0] [-0.118422, 0.0, 0.992963] [-293.848, 17.7582, -235.676]]
  battle_area_polygon_point__forBattleAreaId:t="1a_area2"
  battle_area_polygon_point__id:t="point2"
  battle_area_polygon_point__nextId:t="point3"
}

entity{
  _template:t="battle_area_polygon_point"
  transform:m=[[1.0, 0.0, 0.0] [0.0, 1.0, 0.0] [0.0, 0.0, 1.0] [-153.862, 18.6522, -227.712]]
  battle_area_polygon_point__forBattleAreaId:t="1a_area2"
  battle_area_polygon_point__id:t="point3"
  battle_area_polygon_point__nextId:t="point4"
}

entity{
  _template:t="battle_area_polygon_point"
  transform:m=[[0.962594, 0.0, 0.270948] [0.0, 1.0, 0.0] [-0.270948, 0.0, 0.962594] [52.2796, 21.506, -188.106]]
  battle_area_polygon_point__forBattleAreaId:t="1a_area2"
  battle_area_polygon_point__id:t="point4"
  battle_area_polygon_point__nextId:t="point5"
}

entity{
  _template:t="battle_area_polygon_point"
  transform:m=[[1.0, 0.0, 0.0] [0.0, 1.0, 0.0] [0.0, 0.0, 1.0] [-5.9182, 18.3627, 80.0578]]
  battle_area_polygon_point__forBattleAreaId:t="1a_area2"
  battle_area_polygon_point__id:t="point5"
  battle_area_polygon_point__nextId:t="point1"
}

entity{
  _template:t="poly_battle_area"
  transform:m=[[1.0, 0.0, 0.0] [0.0, 1.0, 0.0] [0.0, 0.0, 1.0] [-248.816, 20.0978, -91.4889]]
  battleAreaId:t="1b_area1"
  battle_area__team:i=2
  groupName:t="sector_1_b"
  active:b=no
}

entity{
  _template:t="battle_area_polygon_point"
  transform:m=[[1.0, 0.0, 0.0] [0.0, 1.0, 0.0] [0.0, 0.0, 1.0] [-460.521, 19.5437, 33.2648]]
  battle_area_polygon_point__forBattleAreaId:t="1b_area1"
  battle_area_polygon_point__id:t="point1"
  battle_area_polygon_point__nextId:t="point2"
}

entity{
  _template:t="battle_area_polygon_point"
  transform:m=[[0.998875, 0.0, 0.0474279] [0.0, 1.0, 0.0] [-0.0474279, 0.0, 0.998875] [-605.115, 13.9502, -253.184]]
  battle_area_polygon_point__forBattleAreaId:t="1b_area1"
  battle_area_polygon_point__id:t="point2"
  battle_area_polygon_point__nextId:t="point3"
}

