import{
  scene:t="content/enlisted/gamedata/scenes/_tunisia_sounds.blk"
}

import{
  scene:t="content/enlisted/gamedata/scenes/_tunisia_level.blk"
}

entity{
  _template:t="battle_area_polygon_point"
  transform:m=[[1.0, 0.0, 0.0] [0.0, 1.0, 0.0] [0.0, 0.0, 1.0] [5.47045, 17.4813, 100.92]]
  battle_area_polygon_point__forBattleAreaId:t="area1"
  battle_area_polygon_point__id:t="point1"
  battle_area_polygon_point__nextId:t="point2"
}

entity{
  _template:t="battle_area_polygon_point"
  transform:m=[[1.0, 0.0, 0.0] [0.0, 1.0, 0.0] [0.0, 0.0, 1.0] [14.1652, 20.9147, 14.3733]]
  battle_area_polygon_point__forBattleAreaId:t="area1"
  battle_area_polygon_point__id:t="point2"
  battle_area_polygon_point__nextId:t="point3"
}

entity{
  _template:t="battle_area_polygon_point"
  transform:m=[[1.0, 0.0, 0.0] [0.0, 1.0, 0.0] [0.0, 0.0, 1.0] [7.28067, 22.5427, -18.4812]]
  battle_area_polygon_point__forBattleAreaId:t="area1"
  battle_area_polygon_point__id:t="point3"
  battle_area_polygon_point__nextId:t="point4"
}

entity{
  _template:t="battle_area_polygon_point"
  transform:m=[[1.0, 0.0, 0.0] [0.0, 1.0, 0.0] [0.0, 0.0, 1.0] [25.967, 22.7642, -87.3475]]
  battle_area_polygon_point__forBattleAreaId:t="area1"
  battle_area_polygon_point__id:t="point4"
  battle_area_polygon_point__nextId:t="point5"
}

entity{
  _template:t="battle_area_polygon_point"
  transform:m=[[1.0, 0.0, 0.0] [0.0, 1.0, 0.0] [0.0, 0.0, 1.0] [25.6818, 19.5647, -133.055]]
  battle_area_polygon_point__forBattleAreaId:t="area1"
  battle_area_polygon_point__id:t="point5"
  battle_area_polygon_point__nextId:t="point6"
}

entity{
  _template:t="battle_area_polygon_point"
  transform:m=[[1.0, 0.0, 0.0] [0.0, 1.0, 0.0] [0.0, 0.0, 1.0] [92.9342, 16.9059, -203.035]]
  battle_area_polygon_point__forBattleAreaId:t="area1"
  battle_area_polygon_point__id:t="point6"
  battle_area_polygon_point__nextId:t="point7"
}

entity{
  _template:t="battle_area_polygon_point"
  transform:m=[[1.0, 0.0, 0.0] [0.0, 1.0, 0.0] [0.0, 0.0, 1.0] [353.225, 29.0486, -38.8264]]
  battle_area_polygon_point__forBattleAreaId:t="area1"
  battle_area_polygon_point__id:t="point7"
  battle_area_polygon_point__nextId:t="point8"
}

entity{
  _template:t="battle_area_polygon_point"
  transform:m=[[0.865959, 0.0, 0.500115] [0.0, 1.0, 0.0] [-0.500115, 0.0, 0.865959] [548.49, 12.7487, 175.397]]
  battle_area_polygon_point__forBattleAreaId:t="area1"
  battle_area_polygon_point__id:t="point8"
  battle_area_polygon_point__nextId:t="point9"
}

entity{
  _template:t="battle_area_polygon_point"
  transform:m=[[1.0, 0.0, 0.0] [0.0, 1.0, 0.0] [0.0, 0.0, 1.0] [422.913, 13.7094, 345.34]]
  battle_area_polygon_point__forBattleAreaId:t="area1"
  battle_area_polygon_point__id:t="point9"
  battle_area_polygon_point__nextId:t="point1"
}

entity{
  _template:t="battle_area_polygon_point"
  transform:m=[[1.0, 0.0, 0.0] [0.0, 1.0, 0.0] [0.0, 0.0, 1.0] [191.319, 22.1821, 127.848]]
  battle_area_polygon_point__forBattleAreaId:t="area2"
  battle_area_polygon_point__id:t="point1"
  battle_area_polygon_point__nextId:t="point2"
}

entity{
  _template:t="battle_area_polygon_point"
  transform:m=[[0.9308, 0.0, 0.365528] [0.0, 1.0, 0.0] [-0.365528, 0.0, 0.9308] [129.499, 17.5943, 173.536]]
  battle_area_polygon_point__forBattleAreaId:t="area2"
  battle_area_polygon_point__id:t="point2"
  battle_area_polygon_point__nextId:t="point3"
}

entity{
  _template:t="battle_area_polygon_point"
  transform:m=[[1.0, 0.0, 0.0] [0.0, 1.0, 0.0] [0.0, 0.0, 1.0] [5.71419, 15.488, 101.024]]
  battle_area_polygon_point__forBattleAreaId:t="area2"
  battle_area_polygon_point__id:t="point3"
  battle_area_polygon_point__nextId:t="point4"
}

entity{
  _template:t="battle_area_polygon_point"
  transform:m=[[0.986844, 0.0, 0.161676] [0.0, 1.0, 0.0] [-0.161676, 0.0, 0.986844] [-287.196, 20.0575, 46.9484]]
  battle_area_polygon_point__forBattleAreaId:t="area2"
  battle_area_polygon_point__id:t="point4"
  battle_area_polygon_point__nextId:t="point5"
}

entity{
  _template:t="battle_area_polygon_point"
  transform:m=[[1.0, 0.0, 0.0] [0.0, 1.0, 0.0] [0.0, 0.0, 1.0] [-245.381, 16.7492, -272.188]]
  battle_area_polygon_point__forBattleAreaId:t="area2"
  battle_area_polygon_point__id:t="point5"
  battle_area_polygon_point__nextId:t="point6"
}

entity{
  _template:t="battle_area_polygon_point"
  transform:m=[[1.0, 0.0, 0.0] [0.0, 1.0, 0.0] [0.0, 0.0, 1.0] [40.1837, 16.0025, -237.115]]
  battle_area_polygon_point__forBattleAreaId:t="area2"
  battle_area_polygon_point__id:t="point6"
  battle_area_polygon_point__nextId:t="point7"
}

entity{
  _template:t="battle_area_polygon_point"
  transform:m=[[1.0, 0.0, 0.0] [0.0, 1.0, 0.0] [0.0, 0.0, 1.0] [264.078, 26.7545, -95.9886]]
  battle_area_polygon_point__forBattleAreaId:t="area2"
  battle_area_polygon_point__id:t="point7"
  battle_area_polygon_point__nextId:t="point8"
}

entity{
  _template:t="battle_area_polygon_point"
  transform:m=[[1.0, 0.0, 0.0] [0.0, 1.0, 0.0] [0.0, 0.0, 1.0] [269.437, 19.5379, 8.13364]]
  battle_area_polygon_point__forBattleAreaId:t="area2"
  battle_area_polygon_point__id:t="point8"
  battle_area_polygon_point__nextId:t="point1"
}

entity{
  _template:t="poly_battle_area"
  transform:m=[[1.0, 0.0, 0.0] [0.0, 1.0, 0.0] [0.0, 0.0, 1.0] [112.026, 22.5332, 21.4045]]
  battleAreaId:t="area1"
  battle_area__team:i=1
}

entity{
  _template:t="poly_battle_area"
  transform:m=[[1.0, 0.0, 0.0] [0.0, 1.0, 0.0] [0.0, 0.0, 1.0] [112.92, 22.7326, 21.9443]]
  battleAreaId:t="area2"
  battle_area__team:i=2
}

entity{
  _template:t="aircraft_box_battle_area"
  transform:m=[[25256.1, 0.0, 17996.4] [0.0, 8000.03, 0.0] [-17997.5, 0.0, 25255.2] [159.502, 240.916, 10.2786]]
  battle_area__timeToDamage:r=30.0
  battle_area__damage:r=1.0
  battle_area__team:i=-1
}

entity{
  _template:t="briefing_domination"
  mission_name:t="tunisia_city_dom"

  "loading_images:list<t>"{
    item:t="ui/tunisia_city_inv_01.jpg"
    item:t="ui/tunisia_city_inv_02.jpg"
    item:t="ui/tunisia_city_inv_03.jpg"
  }
}

entity{
  _template:t="add_spawn_on_squadmates"
}

entity{
  _template:t="enemy_attack_marker"
}

entity{
  _template:t="minimap_tunisia_tataouine"
}

entity{
  _template:t="spawn_switcher"
  swapProbability:r=0.5
  team1:i=2
  team2:i=1
}

entity{
  _template:t="postfx_color_grading_tonemap_death_alive_enlisted"
}

entity{
  _template:t="postfx_roundctrl"
}

entity{
  _template:t="session_finalizer"
  session_finalizer__timer:r=10.0
}

entity{
  _template:t="team_tunisia_allies+team_narrator_domination+respawn_creators_team"
  team__id:i=1
  team__score:r=2800.0
  team__scoreCap:r=2800.0
  score_bleed__domBleed:r=0.0
  score_bleed__domBleedOn:b=no
  score_bleed__totalDomZoneCount:i=5
  score_bleed__totalDomBleedMul:r=2.0
  score_bleed__totalDomBleedOn:b=no
  team__briefing:t="domination/common_goals"
  team__numZonesCaptured:i=0
  team__deathPenalty:r=0.0
  team__spawnBotArmy:t="tunisia_allies"
}

entity{
  _template:t="team_tunisia_axis+team_narrator_domination+respawn_creators_team"
  team__id:i=2
  team__score:r=2800.0
  team__scoreCap:r=2800.0
  score_bleed__domBleed:r=0.0
  score_bleed__domBleedOn:b=no
  score_bleed__totalDomZoneCount:i=5
  score_bleed__totalDomBleedMul:r=2.0
  score_bleed__totalDomBleedOn:b=no
  team__briefing:t="domination/common_goals"
  team__numZonesCaptured:i=0
  team__deathPenalty:r=0.0
  team__spawnBotArmy:t="tunisia_axis"
}

entity{
  _template:t="door_mult_ent_generator"
  ri_extra_gen__blk:t="content/e_tunisia/gamedata/tunisia_doors.blk"
}

entity{
  _template:t="respawn_camera"
  transform:m=[[-0.589458, -0.00837025, -0.807756] [0.0396363, 0.998442, -0.0392704] [0.806826, -0.0551647, -0.588208] [-487.341, 310.587, -161.336]]
  respawnCameraForTeam:i=1
}

entity{
  _template:t="respawn_camera"
  transform:m=[[0.561444, -0.026988, 0.827075] [-0.00911225, 0.999206, 0.0387908] [-0.827464, -0.029315, 0.560753] [652.186, 300.412, 438.886]]
  respawnCameraForTeam:i=2
}

entity{
  _template:t="domination_box_capzone"
  transform:m=[[64.818, 0.0, 43.0022] [0.0, 3.9787, 0.0] [-11.8446, 0.0, 18.7304] [107.564, 24.0199, 55.7622]]
  capzone__title:t="B"
  capzone__caption:t="capzone/market"
  ui_order:i=2
  decal__height:r=0.5
}

entity{
  _template:t="ground_effect"
  ground_effect__fx_name:t="land_haze"
  ground_effect__biome_group_name:t="dune"
  ground_effect__grid_cell_size:r=16.0
  ground_effect__grid_world_origin:p2=0.0, 0.0
  ground_effect__vis_radius:r=50.0
  ground_effect__biome_weight_for_active_thr:r=0.25
  ground_effect__fx_radius:r=-1.0
  ground_effect__scale_x:p2=1.3, 0.0
  ground_effect__scale_y:p2=1.3, 0.0
  ground_effect__scale_z:p2=1.3, 0.0
}

entity{
  _template:t="ground_effect"
  ground_effect__fx_name:t="land_dust_storm"
  ground_effect__biome_group_name:t="dune"
  ground_effect__grid_cell_size:r=4.0
  ground_effect__grid_world_origin:p2=0.0, 0.0
  ground_effect__vis_radius:r=50.0
  ground_effect__offset_y:p2=0.4, 0.0
  ground_effect__scale_x:p2=0.3, 0.0
  ground_effect__scale_y:p2=0.3, 0.0
  ground_effect__scale_z:p2=0.3, 0.0
}

entity{
  _template:t="resupply_in_air_zone"
  transform:m=[[-0.130834, 0.0, -0.991403] [0.0, 1.0, 0.0] [0.991403, 0.0, -0.130834] [-2192.91, 784.228, 1748.94]]
  resupply_zone__team:i=2
  sphere_zone__radius:r=500.0
}

entity{
  _template:t="respAircraftInAir"
  respawnbaseType:t="aircraft_fighter"
  transform:m=[[-0.840092, 0.0, -0.542445] [0.0, 1.0, 0.0] [0.542445, 0.0, -0.840092] [2074.65, 751.203, 1408.12]]
  team:i=1
  maxVehicleOnSpawn:i=1
  respTime:i=120
}

entity{
  _template:t="respAircraftInAir"
  respawnbaseType:t="aircraft_assault"
  transform:m=[[-0.914112, 0.0, -0.405463] [0.0, 1.0, 0.0] [0.405463, 0.0, -0.914112] [2040.45, 598.667, 1274.3]]
  team:i=1
  maxVehicleOnSpawn:i=1
  respTime:i=120
}

entity{
  _template:t="respAircraftInAir"
  respawnbaseType:t="aircraft_fighter"
  transform:m=[[-0.781258, 0.0, -0.624209] [0.0, 1.0, 0.0] [0.624209, 0.0, -0.781258] [2103.11, 751.203, 1254.1]]
  team:i=1
  maxVehicleOnSpawn:i=1
  respTime:i=120
}

entity{
  _template:t="respAircraftInAir"
  respawnbaseType:t="aircraft_assault"
  transform:m=[[-0.812723, 0.0, -0.582651] [0.0, 1.0, 0.0] [0.582651, 0.0, -0.812723] [1999.91, 598.667, 1446.82]]
  team:i=1
  maxVehicleOnSpawn:i=1
  respTime:i=120
}

entity{
  _template:t="resupply_in_air_zone"
  transform:m=[[0.883982, 0.0, 0.467523] [0.0, 1.0, 0.0] [-0.467523, 0.0, 0.883982] [2424.95, 880.905, -643.482]]
  resupply_zone__team:i=1
  sphere_zone__radius:r=500.0
}

entity{
  _template:t="respAircraftInAir"
  respawnbaseType:t="aircraft_fighter"
  transform:m=[[0.977489, 0.0, -0.210985] [0.0, 1.0, 0.0] [0.210985, 0.0, 0.977489] [-2242.27, 739.75, -193.485]]
  team:i=2
  maxVehicleOnSpawn:i=1
  respTime:i=120
}

entity{
  _template:t="respAircraftInAir"
  respawnbaseType:t="aircraft_assault"
  transform:m=[[0.999932, 0.0, 0.0116743] [0.0, 1.0, 0.0] [-0.0116743, 0.0, 0.999932] [-2208.45, 612.849, -202.611]]
  team:i=2
  maxVehicleOnSpawn:i=1
  respTime:i=120
}

entity{
  _template:t="respAircraftInAir"
  respawnbaseType:t="aircraft_fighter"
  transform:m=[[0.997322, 0.0, -0.073138] [0.0, 1.0, 0.0] [0.073138, 0.0, 0.997322] [-2239.29, 739.75, -42.9269]]
  team:i=2
  maxVehicleOnSpawn:i=1
  respTime:i=120
}

entity{
  _template:t="respAircraftInAir"
  respawnbaseType:t="aircraft_assault"
  transform:m=[[0.992178, 0.0, -0.124827] [0.0, 1.0, 0.0] [0.124827, 0.0, 0.992178] [-2167.56, 612.849, -28.4107]]
  team:i=2
  maxVehicleOnSpawn:i=1
  respTime:i=120
}

entity{
  _template:t="respawnChooser+respTeam2"
  transform:m=[[0.966817, 0.0, -0.25547] [0.0, 1.0, 0.0] [0.25547, 0.0, 0.966817] [-11.2036, 20.0039, 5.07259]]
}

entity{
  _template:t="respawnChooser+respTeam2"
  transform:m=[[0.646043, 0.0, 0.763301] [0.0, 1.0, 0.0] [-0.763301, 0.0, 0.646043] [-31.256, 17.3117, 58.1143]]
}

entity{
  _template:t="respawnChooser+respTeam2"
  transform:m=[[0.864354, 0.0, 0.502884] [0.0, 1.0, 0.0] [-0.502884, 0.0, 0.864354] [-27.0863, 20.9864, -111.636]]
  respawnBaseGroup:i=2
}

entity{
  _template:t="respawnChooser+respTeam2"
  transform:m=[[0.35516, 0.0, -0.934806] [0.0, 1.0, 0.0] [0.934806, 0.0, 0.35516] [-54.0499, 22.284, -93.8728]]
  respawnBaseGroup:i=2
}

entity{
  _template:t="respawnChooser+respTeam2"
  transform:m=[[0.0496868, 0.0, 0.998765] [0.0, 1.0, 0.0] [-0.998765, 0.0, 0.0496868] [-53.7654, 22.393, -88.7944]]
  respawnBaseGroup:i=2
}

entity{
  _template:t="respawnChooser+respTeam1"
  transform:m=[[-0.930604, 0.0, -0.366028] [0.0, 1.0, 0.0] [0.366028, 0.0, -0.930604] [310.477, 19.2638, 64.5682]]
}

entity{
  _template:t="respawnChooser+respTeam2"
  transform:m=[[0.980017, 0.0, -0.198917] [0.0, 1.0, 0.0] [0.198917, 0.0, 0.980017] [-26.7487, 17.4385, 42.3389]]
  team:i=2
}

entity{
  _template:t="respawnChooser+respTeam1"
  transform:m=[[-0.986867, 0.0, 0.161537] [0.0, 1.0, 0.0] [-0.161537, 0.0, -0.986867] [325.623, 18.591, 90.8122]]
}

entity{
  _template:t="respawnChooser+respTeam1"
  transform:m=[[-0.651805, 0.0, -0.758386] [0.0, 1.0, 0.0] [0.758386, 0.0, -0.651805] [317.97, 18.3074, 109.041]]
}

entity{
  _template:t="respawnChooser+respTeam1"
  transform:m=[[-0.584306, 0.0, -0.811533] [0.0, 1.0, 0.0] [0.811533, 0.0, -0.584306] [240.908, 17.2853, 155.843]]
  respawnBaseGroup:i=2
}

entity{
  _template:t="respawnChooser+respTeam1"
  transform:m=[[0.385464, 0.0, -0.922723] [0.0, 1.0, 0.0] [0.922723, 0.0, 0.385464] [208.085, 16.8179, 163.7]]
  respawnBaseGroup:i=2
}

entity{
  _template:t="respawnChooser+respTeam1"
  transform:m=[[-0.243674, 0.0, -0.969857] [0.0, 1.0, 0.0] [0.969857, 0.0, -0.243674] [244.888, 17.4578, 154.281]]
  respawnBaseGroup:i=2
}

entity{
  _template:t="respawnChooser+respVehicle"
  transform:m=[[-0.329138, 0.0, -0.944282] [0.0, 1.0, 0.0] [0.944282, 0.0, -0.329138] [421.495, 13.7624, 206.976]]
  team:i=1
  respawnBaseGroup:i=1
  maxVehicleOnSpawn:i=2
  respTime:i=120
}

entity{
  _template:t="respawnChooser+respVehicle"
  transform:m=[[0.276946, 0.0, 0.960885] [0.0, 1.0, 0.0] [-0.960885, 0.0, 0.276946] [-199.957, 21.0525, -122.065]]
  team:i=2
  respawnBaseGroup:i=1
  maxVehicleOnSpawn:i=2
  respTime:i=120
}

entity{
  _template:t="respawnChooser+respMotorcycle"
  transform:m=[[-0.936498, 0.0, -0.350673] [0.0, 1.0, 0.0] [0.350673, 0.0, -0.936498] [388.738, 13.6277, 221.66]]
  team:i=1
}

entity{
  _template:t="respawnChooser+respMotorcycle"
  transform:m=[[0.419478, 0.0, 0.907766] [0.0, 1.0, 0.0] [-0.907766, 0.0, 0.419478] [-176.487, 20.7756, -122.869]]
  team:i=2
}

entity{
  _template:t="level"
  level__blk:t="content/enlisted/levels/tunisia_4x4.blk"
  level__timeRange:p2=5.0, 19.2
  level__day:i=9
  level__month:i=6

  "level__weatherChoice:object"{
    weather_clear_a:r=1.0
  }

  "level__timeVec:array"{
    level__timeVec:r=16.5
  }
}

entity{
  _template:t="water"
  water__strength:r=0.6
  water__level:r=0.0
  water__wind_dir:r=40.0
}

entity{
  _template:t="wind"
}

entity{
  _template:t="screen_fade_anim"
  screen_fade:r=0.9
  anim_track_on:b=yes
}

entity{
  _template:t="benchmark"
  benchmark_name:t="tunisia"

  "camera_tracks:array"{

    "camera_tracks:object"{
      from_fov:r=90.0
      from_pos:p3=79.9066, 43.0314, -26.6061
      to_dir:p3=0.549052, -0.011268, 0.835712
      duration:r=10000.0
      to_pos:p3=79.9066, 43.0314, -26.6061
      to_fov:r=90.0
      from_dir:p3=0.549052, -0.011268, 0.835712
    }
  }
}

entity{
  _template:t="ui_disabled"
}

entity{
  _template:t="benchmark_artillery_strike"
  transform:m=[[0.419478, 0.0, 0.907766] [0.0, 1.0, 0.0] [-0.907766, 0.0, 0.419478] [130.964, 22.532, 39.9152]]
  artillery__baseInterval:r=30.0
  artillery__baseSpawnDelay:r=45.0
  artillery__interval:r=60.0
  artillery__missionStartDelay:r=15.0
  artillery__spawnDelay:r=15.0
  artillery__lastShotInTime:r=130.069
  artilleryStrikeSpawnPeriod:r=60.0
  artilleryStrikeSpawnTime:r=30.0
}

entity{
  _template:t="distant_haze"
}