import{
  scene:t="content/enlisted/gamedata/scenes/_tunisia_sounds.blk"
}

import{
  scene:t="content/enlisted/gamedata/scenes/_tunisia_level.blk"
}

entity{
  _template:t="battle_area_polygon_point"
  transform:m=[[1.0, 0.0, 0.0] [0.0, 1.0, 0.0] [0.0, 0.0, 1.0] [-460.521, 19.5437, 33.2648]]
  battle_area_polygon_point__forBattleAreaId:t="1_area1"
  battle_area_polygon_point__id:t="point1"
  battle_area_polygon_point__nextId:t="point2"
}

entity{
  _template:t="battle_area_polygon_point"
  transform:m=[[0.998875, 0.0, 0.0474279] [0.0, 1.0, 0.0] [-0.0474279, 0.0, 0.998875] [-605.115, 13.9502, -253.184]]
  battle_area_polygon_point__forBattleAreaId:t="1_area1"
  battle_area_polygon_point__id:t="point2"
  battle_area_polygon_point__nextId:t="point3"
}

entity{
  _template:t="battle_area_polygon_point"
  transform:m=[[0.99628, 0.0, 0.0861773] [0.0, 1.0, 0.0] [-0.0861773, 0.0, 0.99628] [-143.854, 14.7254, -223.089]]
  battle_area_polygon_point__forBattleAreaId:t="1_area1"
  battle_area_polygon_point__id:t="point3"
  battle_area_polygon_point__nextId:t="point4"
}

entity{
  _template:t="battle_area_polygon_point"
  transform:m=[[0.988497, 0.0, 0.151243] [0.0, 1.0, 0.0] [-0.151243, 0.0, 0.988497] [-132.686, 21.2929, -210.757]]
  battle_area_polygon_point__forBattleAreaId:t="1_area1"
  battle_area_polygon_point__id:t="point4"
  battle_area_polygon_point__nextId:t="point5"
}

entity{
  _template:t="battle_area_polygon_point"
  transform:m=[[1.0, 0.0, 0.0] [0.0, 1.0, 0.0] [0.0, 0.0, 1.0] [-340.469, 15.0829, 57.212]]
  battle_area_polygon_point__forBattleAreaId:t="1_area2"
  battle_area_polygon_point__id:t="point1"
  battle_area_polygon_point__nextId:t="point2"
}

entity{
  _template:t="battle_area_polygon_point"
  transform:m=[[0.992963, 0.0, 0.118422] [0.0, 1.0, 0.0] [-0.118422, 0.0, 0.992963] [-298.355, 17.7582, -243.131]]
  battle_area_polygon_point__forBattleAreaId:t="1_area2"
  battle_area_polygon_point__id:t="point2"
  battle_area_polygon_point__nextId:t="point3"
}

entity{
  _template:t="battle_area_polygon_point"
  transform:m=[[1.0, 0.0, 0.0] [0.0, 1.0, 0.0] [0.0, 0.0, 1.0] [-153.824, 18.6522, -230.745]]
  battle_area_polygon_point__forBattleAreaId:t="1_area2"
  battle_area_polygon_point__id:t="point3"
  battle_area_polygon_point__nextId:t="point4"
}

entity{
  _template:t="battle_area_polygon_point"
  transform:m=[[0.962594, 0.0, 0.270948] [0.0, 1.0, 0.0] [-0.270948, 0.0, 0.962594] [54.5845, 21.506, -220.293]]
  battle_area_polygon_point__forBattleAreaId:t="1_area2"
  battle_area_polygon_point__id:t="point4"
  battle_area_polygon_point__nextId:t="point5"
}

entity{
  _template:t="battle_area_polygon_point"
  transform:m=[[1.0, 0.0, 0.0] [0.0, 1.0, 0.0] [0.0, 0.0, 1.0] [116.686, 18.3627, -206.981]]
  battle_area_polygon_point__forBattleAreaId:t="1_area2"
  battle_area_polygon_point__id:t="point5"
  battle_area_polygon_point__nextId:t="point6"
}

entity{
  _template:t="battle_area_polygon_point"
  transform:m=[[1.0, 0.0, 0.0] [0.0, 1.0, 0.0] [0.0, 0.0, 1.0] [-11.7176, 18.2934, 78.8744]]
  battle_area_polygon_point__forBattleAreaId:t="2_area1"
  battle_area_polygon_point__id:t="point1"
  battle_area_polygon_point__nextId:t="point2"
}

entity{
  _template:t="battle_area_polygon_point"
  transform:m=[[1.0, 0.0, 0.0] [0.0, 1.0, 0.0] [0.0, 0.0, 1.0] [-393.862, 15.0892, 39.1153]]
  battle_area_polygon_point__forBattleAreaId:t="2_area1"
  battle_area_polygon_point__id:t="point2"
  battle_area_polygon_point__nextId:t="point3"
}

entity{
  _template:t="battle_area_polygon_point"
  transform:m=[[1.0, 0.0, 0.0] [0.0, 1.0, 0.0] [0.0, 0.0, 1.0] [-388.64, 19.6465, -242.083]]
  battle_area_polygon_point__forBattleAreaId:t="2_area1"
  battle_area_polygon_point__id:t="point3"
  battle_area_polygon_point__nextId:t="point4"
}

entity{
  _template:t="battle_area_polygon_point"
  transform:m=[[1.0, 0.0, 0.0] [0.0, 1.0, 0.0] [0.0, 0.0, 1.0] [-154.002, 16.6618, -227.434]]
  battle_area_polygon_point__forBattleAreaId:t="2_area1"
  battle_area_polygon_point__id:t="point4"
  battle_area_polygon_point__nextId:t="point5"
}

entity{
  _template:t="battle_area_polygon_point"
  transform:m=[[0.990404, 0.0, 0.138199] [0.0, 1.0, 0.0] [-0.138199, 0.0, 0.990404] [40.9554, 19.0749, -190.772]]
  battle_area_polygon_point__forBattleAreaId:t="2_area1"
  battle_area_polygon_point__id:t="point5"
  battle_area_polygon_point__nextId:t="point1"
}

entity{
  _template:t="battle_area_polygon_point"
  transform:m=[[1.0, 0.0, 0.0] [0.0, 1.0, 0.0] [0.0, 0.0, 1.0] [-8.52318, 16.6585, 87.5843]]
  battle_area_polygon_point__forBattleAreaId:t="2_area2"
  battle_area_polygon_point__id:t="point1"
  battle_area_polygon_point__nextId:t="point2"
}

entity{
  _template:t="battle_area_polygon_point"
  transform:m=[[0.99993, 0.0, 0.0118447] [0.0, 1.0, 0.0] [-0.0118447, 0.0, 0.99993] [-147.496, 14.9444, 71.027]]
  battle_area_polygon_point__forBattleAreaId:t="2_area2"
  battle_area_polygon_point__id:t="point2"
  battle_area_polygon_point__nextId:t="point3"
}

entity{
  _template:t="battle_area_polygon_point"
  transform:m=[[0.99993, 0.0, 0.0118447] [0.0, 1.0, 0.0] [-0.0118447, 0.0, 0.99993] [-110.246, 16.3799, -219.682]]
  battle_area_polygon_point__forBattleAreaId:t="2_area2"
  battle_area_polygon_point__id:t="point3"
  battle_area_polygon_point__nextId:t="point4"
}

entity{
  _template:t="battle_area_polygon_point"
  transform:m=[[1.0, 0.0, 0.0] [0.0, 1.0, 0.0] [0.0, 0.0, 1.0] [151.588, 23.107, -169.905]]
  battle_area_polygon_point__forBattleAreaId:t="2_area2"
  battle_area_polygon_point__id:t="point4"
  battle_area_polygon_point__nextId:t="point5"
}

entity{
  _template:t="battle_area_polygon_point"
  transform:m=[[1.0, 0.0, 0.0] [0.0, 1.0, 0.0] [0.0, 0.0, 1.0] [357.71, 22.1278, -34.7459]]
  battle_area_polygon_point__forBattleAreaId:t="2_area2"
  battle_area_polygon_point__id:t="point5"
  battle_area_polygon_point__nextId:t="point6"
}

entity{
  _template:t="battle_area_polygon_point"
  transform:m=[[1.0, 0.0, 0.0] [0.0, 1.0, 0.0] [0.0, 0.0, 1.0] [339.733, 16.6585, 38.5596]]
  battle_area_polygon_point__forBattleAreaId:t="2_area2"
  battle_area_polygon_point__id:t="point6"
  battle_area_polygon_point__nextId:t="point7"
}

entity{
  _template:t="battle_area_polygon_point"
  transform:m=[[0.876188, 0.0, 0.48197] [0.0, 1.0, -0.0] [-0.48197, 0.0, 0.876188] [137.524, 18.549, 161.802]]
  battle_area_polygon_point__forBattleAreaId:t="3_area1"
  battle_area_polygon_point__id:t="point1"
  battle_area_polygon_point__nextId:t="point2"
}

entity{
  _template:t="battle_area_polygon_point"
  transform:m=[[1.0, 0.0, 0.0] [0.0, 1.0, 0.0] [0.0, 0.0, 1.0] [-6.53186, 17.6242, 79.559]]
  battle_area_polygon_point__forBattleAreaId:t="3_area1"
  battle_area_polygon_point__id:t="point2"
  battle_area_polygon_point__nextId:t="point3"
}

entity{
  _template:t="battle_area_polygon_point"
  transform:m=[[1.0, 0.0, 0.0] [0.0, 1.0, 0.0] [0.0, 0.0, 1.0] [-194.097, 15.3294, 59.8076]]
  battle_area_polygon_point__forBattleAreaId:t="3_area1"
  battle_area_polygon_point__id:t="point3"
  battle_area_polygon_point__nextId:t="point4"
}

entity{
  _template:t="battle_area_polygon_point"
  transform:m=[[1.0, 0.0, 0.0] [0.0, 1.0, 0.0] [0.0, 0.0, 1.0] [-164.374, 21.2982, -227.866]]
  battle_area_polygon_point__forBattleAreaId:t="3_area1"
  battle_area_polygon_point__id:t="point4"
  battle_area_polygon_point__nextId:t="point5"
}

entity{
  _template:t="battle_area_polygon_point"
  transform:m=[[0.996516, 0.0, -0.0834042] [0.0, 1.0, 0.0] [0.0834042, 0.0, 0.996516] [154.344, 22.5069, -173.259]]
  battle_area_polygon_point__forBattleAreaId:t="3_area1"
  battle_area_polygon_point__id:t="point5"
  battle_area_polygon_point__nextId:t="point6"
}

entity{
  _template:t="battle_area_polygon_point"
  transform:m=[[0.830933, 0.0, 0.556373] [0.0, 1.0, -0.0] [-0.556373, 0.0, 0.830933] [294.719, 22.4411, -76.5261]]
  battle_area_polygon_point__forBattleAreaId:t="3_area1"
  battle_area_polygon_point__id:t="point6"
  battle_area_polygon_point__nextId:t="point1"
}

entity{
  _template:t="battle_area_polygon_point"
  transform:m=[[1.0, 0.0, 0.0] [0.0, 1.0, 0.0] [0.0, 0.0, 1.0] [1.34581, 17.4178, 78.4983]]
  battle_area_polygon_point__forBattleAreaId:t="3_area2"
  battle_area_polygon_point__id:t="point1"
  battle_area_polygon_point__nextId:t="point2"
}

entity{
  _template:t="battle_area_polygon_point"
  transform:m=[[1.0, 0.0, 0.0] [0.0, 1.0, 0.0] [0.0, 0.0, 1.0] [66.9918, 21.9802, -24.7914]]
  battle_area_polygon_point__forBattleAreaId:t="3_area2"
  battle_area_polygon_point__id:t="point2"
  battle_area_polygon_point__nextId:t="point3"
}

entity{
  _template:t="battle_area_polygon_point"
  transform:m=[[1.0, 0.0, 0.0] [0.0, 1.0, 0.0] [0.0, 0.0, 1.0] [157.19, 22.6412, -166.807]]
  battle_area_polygon_point__forBattleAreaId:t="3_area2"
  battle_area_polygon_point__id:t="point3"
  battle_area_polygon_point__nextId:t="point4"
}

entity{
  _template:t="battle_area_polygon_point"
  transform:m=[[0.999996, 0.0, -0.00296218] [0.0, 1.0, 0.0] [0.00296218, 0.0, 0.999996] [433.642, 26.7692, 20.1047]]
  battle_area_polygon_point__forBattleAreaId:t="3_area2"
  battle_area_polygon_point__id:t="point4"
  battle_area_polygon_point__nextId:t="point5"
}

entity{
  _template:t="battle_area_polygon_point"
  transform:m=[[0.999996, 0.0, -0.00296218] [0.0, 1.0, 0.0] [0.00296218, 0.0, 0.999996] [479.368, 16.4981, 120.289]]
  battle_area_polygon_point__forBattleAreaId:t="3_area2"
  battle_area_polygon_point__id:t="point5"
  battle_area_polygon_point__nextId:t="point6"
}

entity{
  _template:t="battle_area_polygon_point"
  transform:m=[[0.999996, 0.0, -0.00296218] [0.0, 1.0, 0.0] [0.00296218, 0.0, 0.999996] [451.22, 16.4981, 226.306]]
  battle_area_polygon_point__forBattleAreaId:t="3_area2"
  battle_area_polygon_point__id:t="point6"
  battle_area_polygon_point__nextId:t="point7"
}

entity{
  _template:t="battle_area_polygon_point"
  transform:m=[[0.999996, 0.0, -0.00296218] [0.0, 1.0, 0.0] [0.00296218, 0.0, 0.999996] [454.863, 16.4981, 273.068]]
  battle_area_polygon_point__forBattleAreaId:t="3_area2"
  battle_area_polygon_point__id:t="point7"
  battle_area_polygon_point__nextId:t="point8"
}

entity{
  _template:t="battle_area_polygon_point"
  transform:m=[[0.999996, 0.0, -0.00296218] [0.0, 1.0, 0.0] [0.00296218, 0.0, 0.999996] [431.12, 16.4981, 296.204]]
  battle_area_polygon_point__forBattleAreaId:t="3_area2"
  battle_area_polygon_point__id:t="point8"
  battle_area_polygon_point__nextId:t="point9"
}

entity{
  _template:t="battle_area_polygon_point"
  transform:m=[[0.999996, 0.0, -0.00296218] [0.0, 1.0, 0.0] [0.00296218, 0.0, 0.999996] [369.882, 16.4981, 287.67]]
  battle_area_polygon_point__forBattleAreaId:t="3_area2"
  battle_area_polygon_point__id:t="point9"
  battle_area_polygon_point__nextId:t="point10"
}

entity{
  _template:t="battle_area_polygon_point"
  transform:m=[[0.999996, 0.0, -0.00296218] [0.0, 1.0, 0.0] [0.00296218, 0.0, 0.999996] [334.603, 16.4981, 270.362]]
  battle_area_polygon_point__forBattleAreaId:t="3_area2"
  battle_area_polygon_point__id:t="point10"
  battle_area_polygon_point__nextId:t="point1"
}

entity{
  _template:t="battle_area_polygon_point"
  transform:m=[[1.0, 0.0, 0.0] [0.0, 1.0, 0.0] [0.0, 0.0, 1.0] [285.562, 16.6585, 125.945]]
  battle_area_polygon_point__forBattleAreaId:t="2_area2"
  battle_area_polygon_point__id:t="point7"
  battle_area_polygon_point__nextId:t="point8"
}

entity{
  _template:t="battle_area_polygon_point"
  transform:m=[[1.0, 0.0, 0.0] [0.0, 1.0, 0.0] [0.0, 0.0, 1.0] [265.357, 16.6585, 170.687]]
  battle_area_polygon_point__forBattleAreaId:t="2_area2"
  battle_area_polygon_point__id:t="point8"
  battle_area_polygon_point__nextId:t="point9"
}

entity{
  _template:t="battle_area_polygon_point"
  transform:m=[[1.0, 0.0, 0.0] [0.0, 1.0, 0.0] [0.0, 0.0, 1.0] [191.718, 16.6585, 202.302]]
  battle_area_polygon_point__forBattleAreaId:t="2_area2"
  battle_area_polygon_point__id:t="point9"
  battle_area_polygon_point__nextId:t="point1"
}

entity{
  _template:t="battle_area_polygon_point"
  transform:m=[[1.0, 0.0, 0.0] [0.0, 1.0, 0.0] [0.0, 0.0, 1.0] [171.106, 18.3627, -171.063]]
  battle_area_polygon_point__forBattleAreaId:t="1_area2"
  battle_area_polygon_point__id:t="point6"
  battle_area_polygon_point__nextId:t="point7"
}

entity{
  _template:t="battle_area_polygon_point"
  transform:m=[[1.0, 0.0, 0.0] [0.0, 1.0, 0.0] [0.0, 0.0, 1.0] [183.951, 18.3627, -145.123]]
  battle_area_polygon_point__forBattleAreaId:t="1_area2"
  battle_area_polygon_point__id:t="point7"
  battle_area_polygon_point__nextId:t="point8"
}

entity{
  _template:t="battle_area_polygon_point"
  transform:m=[[1.0, 0.0, 0.0] [0.0, 1.0, 0.0] [0.0, 0.0, 1.0] [166.678, 18.3627, -94.2009]]
  battle_area_polygon_point__forBattleAreaId:t="1_area2"
  battle_area_polygon_point__id:t="point8"
  battle_area_polygon_point__nextId:t="point9"
}

entity{
  _template:t="battle_area_polygon_point"
  transform:m=[[1.0, 0.0, 0.0] [0.0, 1.0, 0.0] [0.0, 0.0, 1.0] [103.937, 18.3627, -4.94636]]
  battle_area_polygon_point__forBattleAreaId:t="1_area2"
  battle_area_polygon_point__id:t="point9"
  battle_area_polygon_point__nextId:t="point10"
}

entity{
  _template:t="battle_area_polygon_point"
  transform:m=[[1.0, 0.0, 0.0] [0.0, 1.0, 0.0] [0.0, 0.0, 1.0] [39.2903, 18.3627, 99.4318]]
  battle_area_polygon_point__forBattleAreaId:t="1_area2"
  battle_area_polygon_point__id:t="point10"
  battle_area_polygon_point__nextId:t="point11"
}

entity{
  _template:t="battle_area_polygon_point"
  transform:m=[[1.0, 0.0, 0.0] [0.0, 1.0, 0.0] [0.0, 0.0, 1.0] [-48.1141, 18.3627, 129.419]]
  battle_area_polygon_point__forBattleAreaId:t="1_area2"
  battle_area_polygon_point__id:t="point11"
  battle_area_polygon_point__nextId:t="point12"
}

entity{
  _template:t="battle_area_polygon_point"
  transform:m=[[1.0, 0.0, 0.0] [0.0, 1.0, 0.0] [0.0, 0.0, 1.0] [-250.196, 18.3627, 116.439]]
  battle_area_polygon_point__forBattleAreaId:t="1_area2"
  battle_area_polygon_point__id:t="point12"
  battle_area_polygon_point__nextId:t="point1"
}

entity{
  _template:t="battle_area_polygon_point"
  transform:m=[[0.988497, 0.0, 0.151243] [0.0, 1.0, 0.0] [-0.151243, 0.0, 0.988497] [-138.305, 21.2929, -134.962]]
  battle_area_polygon_point__forBattleAreaId:t="1_area1"
  battle_area_polygon_point__id:t="point5"
  battle_area_polygon_point__nextId:t="point6"
}

entity{
  _template:t="battle_area_polygon_point"
  transform:m=[[0.988497, 0.0, 0.151243] [0.0, 1.0, 0.0] [-0.151243, 0.0, 0.988497] [-136.906, 21.2929, -84.3965]]
  battle_area_polygon_point__forBattleAreaId:t="1_area1"
  battle_area_polygon_point__id:t="point6"
  battle_area_polygon_point__nextId:t="point7"
}

entity{
  _template:t="battle_area_polygon_point"
  transform:m=[[0.988497, 0.0, 0.151243] [0.0, 1.0, 0.0] [-0.151243, 0.0, 0.988497] [-151.937, 21.2929, -38.4485]]
  battle_area_polygon_point__forBattleAreaId:t="1_area1"
  battle_area_polygon_point__id:t="point7"
  battle_area_polygon_point__nextId:t="point8"
}

entity{
  _template:t="battle_area_polygon_point"
  transform:m=[[0.988497, 0.0, 0.151243] [0.0, 1.0, 0.0] [-0.151243, 0.0, 0.988497] [-157.138, 21.2929, -19.2442]]
  battle_area_polygon_point__forBattleAreaId:t="1_area1"
  battle_area_polygon_point__id:t="point8"
  battle_area_polygon_point__nextId:t="point9"
}

entity{
  _template:t="battle_area_polygon_point"
  transform:m=[[0.988497, 0.0, 0.151243] [0.0, 1.0, 0.0] [-0.151243, 0.0, 0.988497] [-162.406, 21.2929, 8.46261]]
  battle_area_polygon_point__forBattleAreaId:t="1_area1"
  battle_area_polygon_point__id:t="point9"
  battle_area_polygon_point__nextId:t="point10"
}

entity{
  _template:t="battle_area_polygon_point"
  transform:m=[[0.988497, 0.0, 0.151243] [0.0, 1.0, 0.0] [-0.151243, 0.0, 0.988497] [-200.241, 21.2929, 62.126]]
  battle_area_polygon_point__forBattleAreaId:t="1_area1"
  battle_area_polygon_point__id:t="point10"
  battle_area_polygon_point__nextId:t="point11"
}

entity{
  _template:t="battle_area_polygon_point"
  transform:m=[[0.988497, 0.0, 0.151243] [0.0, 1.0, 0.0] [-0.151243, 0.0, 0.988497] [-284.044, 21.2929, 69.7915]]
  battle_area_polygon_point__forBattleAreaId:t="1_area1"
  battle_area_polygon_point__id:t="point11"
  battle_area_polygon_point__nextId:t="point1"
}

entity{
  _template:t="poly_battle_area"
  transform:m=[[1.0, 0.0, 0.0] [0.0, 1.0, 0.0] [0.0, 0.0, 1.0] [-248.816, 20.0978, -91.4889]]
  battleAreaId:t="1_area1"
  battle_area__team:i=2
  groupName:t="sector_3"
  active:b=no
}

entity{
  _template:t="poly_battle_area"
  transform:m=[[1.0, 0.0, 0.0] [0.0, 1.0, 0.0] [0.0, 0.0, 1.0] [-246.71, 20.6052, -103.661]]
  battleAreaId:t="1_area2"
  battle_area__team:i=1
  groupName:t="sector_3"
  active:b=no
}

entity{
  _template:t="poly_battle_area"
  transform:m=[[1.0, 0.0, 0.0] [0.0, 1.0, 0.0] [0.0, 0.0, 1.0] [-145.587, 20.2067, -55.8183]]
  battleAreaId:t="2_area1"
  battle_area__team:i=2
  groupName:t="sector_2"
  active:b=no
}

entity{
  _template:t="poly_battle_area"
  transform:m=[[1.0, 0.0, 0.0] [0.0, 1.0, 0.0] [0.0, 0.0, 1.0] [-95.8769, 18.824, -27.4757]]
  battleAreaId:t="2_area2"
  groupName:t="sector_2"
  battle_area__team:i=1
  active:b=no
}

entity{
  _template:t="poly_battle_area"
  transform:m=[[1.0, 0.0, 0.0] [0.0, 1.0, 0.0] [0.0, 0.0, 1.0] [38.472, 22.0383, -6.66846]]
  battleAreaId:t="3_area1"
  battle_area__team:i=2
  groupName:t="sector_1"
  active:b=no
}

entity{
  _template:t="poly_battle_area"
  transform:m=[[1.0, 0.0, 0.0] [0.0, 1.0, 0.0] [0.0, 0.0, 1.0] [45.4137, 22.3987, -2.9229]]
  battleAreaId:t="3_area2"
  battle_area__team:i=1
  groupName:t="sector_1"
  active:b=no
}

entity{
  _template:t="aircraft_box_battle_area"
  transform:m=[[29925.2, 0.0, -8137.66] [0.0, 8000.03, 0.0] [8136.23, 0.0, 29925.5] [-429.426, 240.916, 194.643]]
  battle_area__team:i=-1
}

entity{
  _template:t="opel_blitz_omnibus"
  transform:m=[[-0.127768, -0.00841106, 0.991768] [0.00135244, 0.999962, 0.00865478] [-0.991803, 0.00244711, -0.127752] [-196.524, 20.4466, -118.986]]
}

entity{
  _template:t="opel_blitz_omnibus"
  transform:m=[[0.5202, 0.0163059, -0.853889] [-0.0242311, 0.999697, 0.00432836] [0.8537, 0.018439, 0.520438] [161.964, 22.4971, 48.9426]]
}

entity{
  _template:t="opel_blitz_omnibus"
  transform:m=[[0.526531, -0.000925399, -0.850156] [0.000547193, 1.0, -0.00074961] [0.850156, -7.05065e-05, 0.526531] [145.725, 22.4039, 84.2513]]
}

entity{
  _template:t="vw_kubelwagen"
  transform:m=[[0.294482, 0.00969989, -0.955608] [-0.0046207, 0.999951, 0.00872608] [0.955646, 0.0018459, 0.294513] [-267.137, 19.9128, -99.1479]]
}

entity{
  _template:t="vw_kubelwagen"
  transform:m=[[0.282934, -0.0135983, -0.959043] [-0.0010529, 0.999894, -0.0144881] [0.959139, 0.00510896, 0.28289] [-285.085, 19.8338, -102.09]]
}

entity{
  _template:t="vw_kubelwagen"
  transform:m=[[0.135469, -0.0522989, 0.9894] [-0.0138595, 0.998408, 0.0546727] [-0.990685, -0.0211191, 0.134529] [-269.807, 20.4164, -128.147]]
}

entity{
  _template:t="vw_kubelwagen"
  transform:m=[[0.982004, 0.0158663, 0.18819] [-0.0220929, 0.999274, 0.0310351] [-0.187561, -0.0346343, 0.981642] [-192.778, 21.2146, -157.875]]
}

entity{
  _template:t="vw_kubelwagen"
  transform:m=[[-0.933734, 0.0323392, 0.356504] [0.0341386, 0.999416, -0.00124538] [-0.356336, 0.0110077, -0.934293] [61.6234, 22.6754, -105.617]]
}

entity{
  _template:t="vw_kubelwagen"
  transform:m=[[-0.997191, -0.0305186, -0.0684067] [-0.0331813, 0.998722, 0.0381327] [0.0671555, 0.0402954, -0.996929] [42.5829, 22.4212, -15.7498]]
}

entity{
  _template:t="vw_kubelwagen"
  transform:m=[[-0.998184, -0.0284222, 0.0531089] [-0.0271157, 0.999316, 0.0251613] [-0.0537877, 0.0236755, -0.998272] [45.8987, 22.4238, -12.7058]]
}

entity{
  _template:t="vw_kubelwagen"
  transform:m=[[-0.984442, 0.00669009, -0.175581] [-0.0150631, 0.992383, 0.122268] [0.175061, 0.12301, -0.976843] [-13.4067, 19.2534, 13.8194]]
}

entity{
  _template:t="vw_kubelwagen"
  transform:m=[[0.992874, 0.0488557, 0.108696] [-0.0667266, 0.983629, 0.167395] [-0.0987387, -0.173455, 0.97988] [-11.4565, 19.8697, -3.72683]]
}

entity{
  _template:t="briefing_assault"
  mission_name:t="tunisia_city_assault_counter"
}

entity{
  _template:t="enemy_attack_marker"
}

entity{
  _template:t="static_cam"
  camera__active:b=yes
  transform:m=[[0.123446, 0.0, 0.992351] [0.0, 1.0, -0.0] [-0.992351, 0.0, 0.123446] [205.036, 39.7482, -2.33758]]
}

entity{
  _template:t="minimap_tunisia_tataouine"
}

entity{
  _template:t="postfx_color_grading_tonemap_death_alive_enlisted"
}

entity{
  _template:t="postfx_roundctrl"
}

entity{
  _template:t="session_finalizer"
  session_finalizer__timer:r=10.0
}

entity{
  _template:t="team_tunisia_allies+team_narrator_assault_attack+respawn_creators_team"
  team__memberCount:r=0.0
  team__scoreCap:r=2000.0
  team__score:r=2000.0
  team__squadSpawnCost:i=250
  team__firstSpawnCostMul:r=0.0
  team__zeroScoreFailTimer:r=60.0
  team__id:i=1
  team__briefing:t="invasion/attackers_goals"
  team__winSubtitle:t="debriefing/won_invasion_subtitle"
  team__loseSubtitle:t="debriefing/lost_invasion_subtitle"
  team__winTitle:t="debriefing/britain_won_invasion_title"
  team__spawnBotArmy:t="tunisia_allies"
}

entity{
  _template:t="team_tunisia_axis+team_narrator_assault_defence+respawn_creators_team"
  team__countAdd:r=0.5
  team__memberCount:r=0.5
  team__scoreCap:r=3000.0
  team__capturePenalty:r=1001.0
  team__score:r=3000.0
  team__id:i=2
  team__briefing:t="invasion/defenders_goals"
  team__winSubtitle:t="debriefing/won_defence_subtitle"
  team__loseSubtitle:t="debriefing/lost_defence_subtitle"
  team__winTitle:t="debriefing/axis_won_defence"
  team__spawnBotArmy:t="tunisia_axis"
}

entity{
  _template:t="door_mult_ent_generator"
  ri_extra_gen__blk:t="content/enlisted/gamedata/tunisia_doors.blk"
}

entity{
  _template:t="group_activator"

  "activator__activateChoice:object"{
    sector_1:r=1.0
  }
}

entity{
  _template:t="defend_zone_chained_box+defend_zone_respawnbase"
  transform:m=[[65.6749, 0.0, 41.6818] [0.0, 3.9787, -0.0] [-11.8753, 0.0, 18.711] [107.61, 25.6859, 55.6897]]
  capzone__capRewardPartCap:r=1.8
  capzone__curTeamCapturingZone:i=-1
  capzone__mustBeCapturedByTeam:i=1
  groupName:t="sector_1"
  capzone__capTime:r=30.0
  capzone__capTeam:i=2
  capzone__progress:r=1.0
  active:b=no
  capzone__decapTime:r=30.0
  ui_order:i=3
  capzone__autoDecap:b=no
  capzone__autoCap:b=no
  capzone__owningTeam:i=2
  capzone__capReward:r=250.0
  capzone__title:t="B"
  capzone__caption:t="capzone/market"
  capzone__checkAllZonesInGroup:b=yes
  capzone__deactivateAfterTimeout:r=0.0
  capzone__spawnAtZoneTimeout:r=25.0
  capzone__createRespawnBaseForTeam:i=2
  capzone__createRespawnBase:t="respawnBaseGroupActivator"
  capzone__createdRespawnBaseGroup:i=5
  decal__thickness:r=0.15
  decal__height:r=0.5

  "capzone__activateChoice:object"{
    sector_2:r=1.0
  }
}

entity{
  _template:t="defend_zone_chained_box+defend_zone_respawnbase"
  transform:m=[[26.3754, 0.0, 18.7789] [0.0, 9.28446, -0.0] [-15.3725, 0.0, 21.5911] [145.783, 26.3702, -33.5146]]
  capzone__capRewardPartCap:r=1.8
  capzone__curTeamCapturingZone:i=-1
  capzone__mustBeCapturedByTeam:i=1
  groupName:t="sector_1"
  capzone__capTime:r=30.0
  capzone__capTeam:i=2
  capzone__progress:r=1.0
  active:b=no
  capzone__decapTime:r=30.0
  ui_order:i=3
  capzone__autoDecap:b=no
  capzone__autoCap:b=no
  capzone__owningTeam:i=2
  capzone__capReward:r=250.0
  capzone__title:t="A"
  capzone__caption:t="capzone/administration_building"
  capzone__checkAllZonesInGroup:b=yes
  capzone__deactivateAfterTimeout:r=0.0
  capzone__spawnAtZoneTimeout:r=25.0
  capzone__createRespawnBaseForTeam:i=2
  capzone__createRespawnBase:t="respawnBaseGroupActivator"
  capzone__createdRespawnBaseGroup:i=5
  decal__thickness:r=0.0
  decal__height:r=0.8

  "capzone__activateChoice:object"{
    sector_2:r=1.0
  }
}

entity{
  _template:t="defend_zone_chained_box+defend_zone_respawnbase"
  transform:m=[[19.9599, 0.0, 5.85842] [0.0, 6.54785, 0.0] [-5.67657, 0.0, 21.3825] [-43.2007, 24.4161, -39.9515]]
  capzone__capRewardPartCap:r=1.8
  capzone__curTeamCapturingZone:i=-1
  capzone__mustBeCapturedByTeam:i=1
  groupName:t="sector_2"
  capzone__capTime:r=30.0
  capzone__capTeam:i=2
  capzone__progress:r=1.0
  active:b=no
  capzone__decapTime:r=30.0
  ui_order:i=2
  capzone__autoDecap:b=no
  capzone__autoCap:b=no
  capzone__owningTeam:i=2
  capzone__capReward:r=250.0
  capzone__title:t="D"
  capzone__caption:t="capzone/guest_house"
  capzone__checkAllZonesInGroup:b=yes
  capzone__deactivateAfterTimeout:r=0.0
  capzone__spawnAtZoneTimeout:r=25.0
  capzone__createRespawnBaseForTeam:i=2
  capzone__createRespawnBase:t="respawnBaseGroupActivator"
  capzone__createdRespawnBaseGroup:i=4
  decal__thickness:r=0.15
  decal__height:r=1.5

  "capzone__activateChoice:object"{
    sector_3:r=1.0
  }
}

entity{
  _template:t="defend_zone_chained_sphere+defend_zone_respawnbase"
  transform:m=[[1.06816, 0.0, 0.300465] [0.0, 0.617849, 0.0] [-0.213126, 0.0, 0.840979] [-52.6246, 21.4615, -91.0997]]
  groupName:t="sector_2"
  capzone__capRewardPartCap:r=1.8
  capzone__curTeamCapturingZone:i=-1
  capzone__mustBeCapturedByTeam:i=1
  capzone__caption:t="capzone/guest_house"
  capzone__capTime:r=30.0
  capzone__capTeam:i=2
  capzone__progress:r=1.0
  active:b=no
  capzone__decapTime:r=30.0
  ui_order:i=2
  capzone__autoDecap:b=no
  capzone__autoCap:b=no
  capzone__owningTeam:i=2
  capzone__capReward:r=250.0
  capzone__title:t="C"
  capzone__checkAllZonesInGroup:b=yes
  capzone__deactivateAfterTimeout:r=0.0
  capzone__spawnAtZoneTimeout:r=25.0
  capzone__createRespawnBaseForTeam:i=2
  decal__thickness:r=0.15
  decal__height:r=4.0
  sphere_zone__radius:r=12.0
  capzone__createRespawnBase:t="respawnBaseGroupActivator"
  capzone__createdRespawnBaseGroup:i=4

  "capzone__activateChoice:object"{
    sector_3:r=1.0
  }
}

entity{
  _template:t="defend_zone_chained_box+defend_zone_respawnbase"
  transform:m=[[19.7203, 0.0, 2.90671] [0.0, 7.44277, 0.0] [-2.06856, 0.0, 17.2727] [-247.071, 24.5187, -134.82]]
  capzone__capRewardPartCap:r=1.8
  capzone__curTeamCapturingZone:i=-1
  capzone__mustBeCapturedByTeam:i=1
  groupName:t="sector_3"
  capzone__capTime:r=30.0
  capzone__capTeam:i=2
  capzone__progress:r=1.0
  active:b=no
  capzone__decapTime:r=30.0
  ui_order:i=0
  capzone__autoDecap:b=no
  capzone__autoCap:b=no
  capzone__owningTeam:i=2
  capzone__capReward:r=250.0
  capzone__title:t="E"
  capzone__caption:t="capzone/guest_house"
  capzone__checkAllZonesInGroup:b=yes
  capzone__deactivateAfterTimeout:r=0.0
  capzone__spawnAtZoneTimeout:r=25.0
  capzone__createRespawnBaseForTeam:i=2
  capzone__createRespawnBase:t="respawnBaseGroupActivator"
  capzone__createdRespawnBaseGroup:i=3
  decal__thickness:r=0.15
  decal__height:r=0.7
}

entity{
  _template:t="defend_zone_chained_box+defend_zone_respawnbase"
  transform:m=[[78.6435, 0.0, 11.5301] [0.0, 5.69568, 0.0] [-6.16671, 0.0, 41.6166] [-251.244, 22.5217, -55.2388]]
  capzone__capRewardPartCap:r=1.8
  capzone__curTeamCapturingZone:i=-1
  capzone__mustBeCapturedByTeam:i=1
  groupName:t="sector_3"
  capzone__capTime:r=30.0
  capzone__capTeam:i=2
  capzone__progress:r=1.0
  active:b=no
  capzone__decapTime:r=30.0
  ui_order:i=1
  capzone__autoDecap:b=no
  capzone__autoCap:b=no
  capzone__owningTeam:i=2
  capzone__capReward:r=250.0
  capzone__title:t="F"
  capzone__caption:t="capzone/palace"
  capzone__checkAllZonesInGroup:b=yes
  capzone__deactivateAfterTimeout:r=0.0
  capzone__spawnAtZoneTimeout:r=25.0
  capzone__createRespawnBaseForTeam:i=2
  capzone__createRespawnBase:t="respawnBaseGroupActivator"
  capzone__createdRespawnBaseGroup:i=3
  decal__thickness:r=0.15
  decal__height:r=0.7
}

entity{
  _template:t="resupply_in_air_zone"
  transform:m=[[-0.130834, 0.0, -0.991403] [0.0, 1.0, 0.0] [0.991403, 0.0, -0.130834] [-2106.32, 464.447, 2032.19]]
  resupply_zone__team:i=2
}

entity{
  _template:t="respAircraftInAir"
  respawnbaseType:t="aircraft_fighter"
  transform:m=[[-0.870974, 0.0, -0.491331] [0.0, 1.0, 0.0] [0.491331, 0.0, -0.870974] [3243.31, 751.203, 1868.42]]
  team:i=1
  maxVehicleOnSpawn:i=1
  respTime:i=120
}

entity{
  _template:t="respAircraftInAir"
  respawnbaseType:t="aircraft_assault"
  transform:m=[[-0.936685, 0.0, -0.350174] [0.0, 1.0, 0.0] [0.350175, 0.0, -0.936685] [3201.18, 598.667, 1736.88]]
  team:i=1
  maxVehicleOnSpawn:i=1
  respTime:i=120
}

entity{
  _template:t="respAircraftInAir"
  respawnbaseType:t="aircraft_fighter"
  transform:m=[[-0.817125, 0.0, -0.576461] [0.0, 1.0, 0.0] [0.576461, 0.0, -0.817125] [3262.52, 751.203, 1712.98]]
  team:i=1
  maxVehicleOnSpawn:i=1
  respTime:i=120
}

entity{
  _template:t="respAircraftInAir"
  respawnbaseType:t="aircraft_assault"
  transform:m=[[-0.846053, 0.0, -0.533099] [0.0, 1.0, 0.0] [0.533099, 0.0, -0.846054] [3171.01, 598.667, 1911.51]]
  team:i=1
  maxVehicleOnSpawn:i=1
  respTime:i=120
}

entity{
  _template:t="resupply_in_air_zone"
  transform:m=[[0.883982, 0.0, 0.467523] [0.0, 1.0, 0.0] [-0.467523, 0.0, 0.883982] [2584.77, 564.264, -1544.24]]
  resupply_zone__team:i=1
}

entity{
  _template:t="respAircraftInAir"
  respawnbaseType:t="aircraft_fighter"
  transform:m=[[0.98779, 0.0, -0.155792] [0.0, 1.0, 0.0] [0.155792, -0.0, 0.98779] [-3523.89, 739.75, -221.251]]
  team:i=2
  maxVehicleOnSpawn:i=1
  respTime:i=120
}

entity{
  _template:t="respAircraftInAir"
  respawnbaseType:t="aircraft_assault"
  transform:m=[[0.997701, 0.0, 0.0677764] [0.0, 1.0, -0.0] [-0.0677764, 0.0, 0.997701] [-3489.61, 612.849, -228.464]]
  team:i=2
  maxVehicleOnSpawn:i=1
  respTime:i=120
}

entity{
  _template:t="respAircraftInAir"
  respawnbaseType:t="aircraft_fighter"
  transform:m=[[0.999855, 0.0, -0.0170487] [0.0, 1.0, 0.0] [0.0170487, -0.0, 0.999855] [-3529.37, 739.75, -70.7628]]
  team:i=2
  maxVehicleOnSpawn:i=1
  respTime:i=120
}

entity{
  _template:t="respAircraftInAir"
  respawnbaseType:t="aircraft_assault"
  transform:m=[[0.99762, 0.0, -0.068945] [0.0, 1.0, 0.0] [0.068945, -0.0, 0.99762] [-3458.56, 612.849, -52.2437]]
  team:i=2
  maxVehicleOnSpawn:i=1
  respTime:i=120
}

entity{
  _template:t="respawnChooser+respTeam2"
  transform:m=[[0.694512, 0.0, 0.71948] [0.0, 1.0, 0.0] [-0.71948, 0.0, 0.694512] [-370.61, 16.2146, -201.739]]
  groupName:t="sector_3"
  active:b=no
}

entity{
  _template:t="respawnChooser+respTeam2"
  transform:m=[[0.466477, 0.0, 0.884532] [0.0, 1.0, 0.0] [-0.884532, 0.0, 0.466477] [-374.417, 15.9802, -199.08]]
  groupName:t="sector_3"
  active:b=no
}

entity{
  _template:t="respawnChooser+respTeam2"
  transform:m=[[0.999993, 0.0, 0.0039713] [0.0, 1.0, -0.0] [-0.0039713, 0.0, 0.999993] [-394.562, 11.4086, -53.4056]]
  groupName:t="sector_3"
  respawnBaseGroup:i=2
  active:b=no
}

entity{
  _template:t="respawnChooser+respTeam2"
  transform:m=[[0.79129, 0.0, -0.61144] [0.0, 1.0, 0.0] [0.61144, -0.0, 0.79129] [-388.937, 11.496, -41.915]]
  groupName:t="sector_3"
  respawnBaseGroup:i=2
  active:b=no
}

entity{
  _template:t="respawnChooser+respVehicle"
  transform:m=[[0.560523, 0.0, 0.828139] [0.0, 1.0, -0.0] [-0.828139, 0.0, 0.560523] [-527.105, 4.37054, -196.382]]
  team:i=2
  groupName:t="sector_3"
  respTime:i=150
  maxVehicleOnSpawn:i=2
  active:b=no
}

entity{
  _template:t="respawnChooser+respMotorcycle"
  transform:m=[[0.720551, 0.0, -0.693402] [0.0, 1.0, 0.0] [0.693402, -0.0, 0.720551] [-448.468, 5.44295, -85.8802]]
  groupName:t="sector_3"
  team:i=2
  active:b=no
}

entity{
  _template:t="respawnChooser+respTeam1"
  transform:m=[[-0.786383, 0.0, -0.617739] [0.0, 1.0, 0.0] [0.617739, 0.0, -0.786383] [-113.301, 15.7946, 17.7851]]
  groupName:t="sector_3"
  active:b=no
}

entity{
  _template:t="respawnChooser+respTeam1"
  transform:m=[[-0.750146, 0.0, -0.661273] [0.0, 1.0, 0.0] [0.661273, 0.0, -0.750146] [-120.288, 15.8004, 23.2152]]
  groupName:t="sector_3"
  active:b=no
}

entity{
  _template:t="respawnChooser+respTeam1"
  transform:m=[[-0.578348, 0.0, 0.81579] [0.0, 1.0, 0.0] [-0.81579, 0.0, -0.578348] [-89.6687, 22.1424, -143.484]]
  groupName:t="sector_3"
  respawnBaseGroup:i=2
  active:b=no
}

entity{
  _template:t="respawnChooser+respTeam1"
  transform:m=[[-0.99072, 0.0, -0.135917] [0.0, 1.0, 0.0] [0.135917, 0.0, -0.99072] [-92.6371, 21.9956, -104.592]]
  groupName:t="sector_3"
  respawnBaseGroup:i=2
  active:b=no
}

entity{
  _template:t="respawnChooser+respTeam1"
  transform:m=[[-0.752338, 0.0, 0.658778] [0.0, 1.0, 0.0] [-0.658778, 0.0, -0.752338] [-76.9659, 22.0667, -124.744]]
  groupName:t="sector_3"
  respawnBaseGroup:i=2
  active:b=no
}

entity{
  _template:t="respawnChooser+respVehicle"
  transform:m=[[-0.99253, 0.0, -0.122001] [0.0, 1.0, 0.0] [0.122001, 0.0, -0.99253] [16.9659, 18.4348, 62.6134]]
  active:b=no
  groupName:t="sector_3"
  respTime:i=150
  maxVehicleOnSpawn:i=2
  team:i=1
}

entity{
  _template:t="respawnChooser+respMotorcycle"
  transform:m=[[-0.919058, 0.0, 0.394123] [0.0, 1.0, 0.0] [-0.394123, 0.0, -0.919058] [51.152, 23.2496, -102.256]]
  groupName:t="sector_3"
  team:i=1
  active:b=no
}

entity{
  _template:t="respawnChooser+respTeam2"
  transform:m=[[0.775932, 0.0, 0.630817] [0.0, 1.0, 0.0] [-0.630817, 0.0, 0.775932] [-212.544, 19.9539, -62.9347]]
  groupName:t="sector_2"
  active:b=no
}

entity{
  _template:t="respawnChooser+respTeam2"
  transform:m=[[0.954027, 0.0, -0.299718] [0.0, 1.0, 0.0] [0.299718, 0.0, 0.954027] [-215.089, 20.1416, -43.8305]]
  groupName:t="sector_2"
  active:b=no
}

entity{
  _template:t="respawnChooser+respTeam2"
  transform:m=[[0.999613, 0.0, -0.0278128] [0.0, 1.0, 0.0] [0.0278128, 0.0, 0.999613] [-218.901, 20.486, -84.6156]]
  groupName:t="sector_2"
  active:b=no
}

entity{
  _template:t="respawnChooser+respTeam2"
  transform:m=[[0.944227, 0.0, 0.329295] [0.0, 1.0, 0.0] [-0.329295, 0.0, 0.944227] [-214.192, 21.43, -154.434]]
  groupName:t="sector_2"
  respawnBaseGroup:i=2
  active:b=no
}

entity{
  _template:t="respawnChooser+respTeam2"
  transform:m=[[0.992851, 0.0, 0.119364] [0.0, 1.0, 0.0] [-0.119364, 0.0, 0.992851] [-214.296, 21.1211, -136.475]]
  groupName:t="sector_2"
  respawnBaseGroup:i=2
  active:b=no
}

entity{
  _template:t="respawnChooser+respTeam2"
  transform:m=[[0.977339, 0.0, 0.21168] [0.0, 1.0, 0.0] [-0.21168, 0.0, 0.977339] [-216.008, 20.8643, -129.201]]
  groupName:t="sector_2"
  respawnBaseGroup:i=2
  active:b=no
}

entity{
  _template:t="respawnChooser+respVehicle"
  transform:m=[[0.298749, 0.0, 0.954331] [0.0, 1.0, 0.0] [-0.954331, 0.0, 0.298749] [-316.359, 20.1231, -152.87]]
  groupName:t="sector_2"
  team:i=2
  respTime:i=150
  maxVehicleOnSpawn:i=2
  active:b=no
}

entity{
  _template:t="respawnChooser+respMotorcycle"
  transform:m=[[0.692208, 0.0, -0.721699] [0.0, 1.0, 0.0] [0.721699, -0.0, 0.692208] [-329.468, 20.626, -82.6589]]
  groupName:t="sector_2"
  team:i=2
  active:b=no
}

entity{
  _template:t="respawnChooser+respTeam1"
  transform:m=[[-0.682195, 0.0, -0.731171] [0.0, 1.0, 0.0] [0.731171, 0.0, -0.682195] [111.491, 24.436, 51.3633]]
  groupName:t="sector_2"
  respawnBaseGroup:i=1
  active:b=no
}

entity{
  _template:t="respawnChooser+respTeam1"
  transform:m=[[-0.78028, 0.0, -0.625431] [0.0, 1.0, 0.0] [0.625431, 0.0, -0.78028] [105.693, 24.1989, 62.5082]]
  groupName:t="sector_2"
  active:b=no
}

entity{
  _template:t="respawnChooser+respTeam1"
  transform:m=[[-0.831708, 0.0, -0.555213] [0.0, 1.0, 0.0] [0.555213, 0.0, -0.831708] [102.731, 22.8749, 72.6684]]
  groupName:t="sector_2"
  active:b=no
}

entity{
  _template:t="respawnChooser+respTeam1"
  transform:m=[[-0.932299, 0.0, -0.36169] [0.0, 1.0, 0.0] [0.36169, 0.0, -0.932299] [139.567, 23.071, -84.1306]]
  groupName:t="sector_2"
  respawnBaseGroup:i=2
  active:b=no
}

entity{
  _template:t="respawnChooser+respTeam1"
  transform:m=[[-0.819944, 0.0, 0.572443] [0.0, 1.0, 0.0] [-0.572443, 0.0, -0.819944] [128.194, 23.0554, -74.988]]
  groupName:t="sector_2"
  respawnBaseGroup:i=2
  active:b=no
}

entity{
  _template:t="respawnChooser+respTeam1"
  transform:m=[[-0.88814, 0.0, 0.459574] [0.0, 1.0, 0.0] [-0.459574, 0.0, -0.88814] [114.163, 23.1082, -49.064]]
  groupName:t="sector_2"
  respawnBaseGroup:i=2
  active:b=no
}

entity{
  _template:t="respawnChooser+respVehicle"
  transform:m=[[-0.803811, 0.0, -0.594884] [0.0, 1.0, 0.0] [0.594884, 0.0, -0.803811] [234.802, 19.6631, 87.1003]]
  active:b=no
  groupName:t="sector_2"
  respTime:i=150
  maxVehicleOnSpawn:i=2
  team:i=1
}

entity{
  _template:t="respawnChooser+respMotorcycle"
  transform:m=[[-0.919718, 0.0, -0.392578] [0.0, 1.0, 0.0] [0.392578, 0.0, -0.919718] [265.65, 19.6019, 4.19927]]
  groupName:t="sector_2"
  team:i=1
  active:b=no
}

entity{
  _template:t="respawnChooser+respTeam2"
  transform:m=[[0.832016, 0.0, -0.554752] [0.0, 1.0, 0.0] [0.554752, -0.0, 0.832016] [-12.5262, 20.237, 6.20988]]
  groupName:t="sector_1"
  active:b=no
}

entity{
  _template:t="respawnChooser+respTeam2"
  transform:m=[[1.0, 0.0, 0.0] [0.0, 1.0, 0.0] [0.0, 0.0, 1.0] [-29.6976, 17.3524, 42.6999]]
  groupName:t="sector_1"
  active:b=no
}

entity{
  _template:t="respawnChooser+respTeam2"
  transform:m=[[0.954022, 0.0, 0.299738] [0.0, 1.0, -0.0] [-0.299738, 0.0, 0.954022] [34.3166, 22.647, -111.879]]
  groupName:t="sector_1"
  respawnBaseGroup:i=2
  active:b=no
}

entity{
  _template:t="respawnChooser+respTeam2"
  transform:m=[[0.352649, 0.0, 0.935754] [0.0, 1.0, -0.0] [-0.935754, 0.0, 0.352649] [50.3634, 23.525, -135.755]]
  groupName:t="sector_1"
  active:b=no
  respawnBaseGroup:i=2
}

entity{
  _template:t="respawnChooser+respVehicle"
  transform:m=[[0.992702, 0.0, 0.120588] [0.0, 1.0, 0.0] [-0.120588, 0.0, 0.992702] [-100.71, 21.8348, -119.829]]
  groupName:t="sector_1"
  team:i=2
  active:b=no
  respTime:i=150
  maxVehicleOnSpawn:i=2
}

entity{
  _template:t="respawnChooser+respMotorcycle"
  transform:m=[[0.907982, 0.0, 0.41901] [0.0, 1.0, 0.0] [-0.41901, 0.0, 0.907982] [-97.189, 22.2008, -54.2595]]
  active:b=no
  groupName:t="sector_1"
  team:i=2
}

entity{
  _template:t="respawnChooser+respTeam1"
  transform:m=[[-0.495417, 0.0, -0.868656] [0.0, 1.0, 0.0] [0.868656, 0.0, -0.495417] [245.019, 17.0839, 153.714]]
  groupName:t="sector_1"
  active:b=no
}

entity{
  _template:t="respawnChooser+respTeam1"
  transform:m=[[-0.691015, 0.0, -0.72284] [0.0, 1.0, 0.0] [0.72284, 0.0, -0.691015] [240.425, 17.2394, 155.409]]
  groupName:t="sector_1"
  active:b=no
}

entity{
  _template:t="respawnChooser+respTeam1"
  transform:m=[[-0.861784, 0.0, -0.507276] [0.0, 1.0, 0.0] [0.507276, 0.0, -0.861784] [286.75, 18.7008, 85.7568]]
  groupName:t="sector_1"
  respawnBaseGroup:i=2
  active:b=no
}

entity{
  _template:t="respawnChooser+respTeam1"
  transform:m=[[-0.827371, 0.0, -0.561656] [0.0, 1.0, 0.0] [0.561656, 0.0, -0.827371] [306.285, 19.1054, 63.7088]]
  groupName:t="sector_1"
  respawnBaseGroup:i=2
  active:b=no
}

entity{
  _template:t="respawnChooser+respTeam1"
  transform:m=[[-0.882624, 0.0, -0.470079] [0.0, 1.0, 0.0] [0.470079, 0.0, -0.882624] [292.591, 18.4379, 74.6431]]
  groupName:t="sector_1"
  respawnBaseGroup:i=2
  active:b=no
}

entity{
  _template:t="respawnChooser+respVehicle"
  transform:m=[[-0.982843, 0.0, 0.184445] [0.0, 1.0, 0.0] [-0.184445, 0.0, -0.982843] [375.142, 14.406, 136.468]]
  active:b=no
  groupName:t="sector_1"
  team:i=1
  respTime:i=150
  maxVehicleOnSpawn:i=2
}

entity{
  _template:t="respawnChooser+respMotorcycle"
  transform:m=[[-0.949178, 0.0, -0.314738] [0.0, 1.0, 0.0] [0.314738, 0.0, -0.949178] [383.205, 13.708, 219.218]]
  groupName:t="sector_1"
  team:i=1
  active:b=no
}

entity{
  _template:t="tunisia_level"
  level__blk:t="content/enlisted/levels/tunisia_4x4.blk"
}

entity{
  _template:t="clouds_hole_target"
  transform:m=[[1.0, 0.0, 0.0] [0.0, 1.0, 0.0] [0.0, 0.0, 1.0] [0.0, 0.0, 0.0]]
}

entity{
  _template:t="water"
  water__strength:r=0.6
  water__level:r=0.0
  water__wind_dir:r=40.0
}

entity{
  _template:t="wind"
}

entity{
  _template:t="respawn_camera"
  transform:m=[[1.0, 0.0, 0.0] [0.0, 1.0, 0.0] [0.0, 0.0, 1.0] [-831.029, 280.343, -301.694]]
