import{
  scene:t="content/enlisted/gamedata/scenes/_tunisia_sounds.blk"
}

import{
  scene:t="content/enlisted/gamedata/scenes/_tunisia_level.blk"
}

entity{
  _template:t="battle_area_polygon_point"
  transform:m=[[1.0, 0.0, 0.0] [0.0, 1.0, 0.0] [0.0, 0.0, 1.0] [-446.69, 6.06304, -459.223]]
  battle_area_polygon_point__id:t="point1"
  battle_area_polygon_point__nextId:t="point2"
  battle_area_polygon_point__forBattleAreaId:t="area1_2"
}

entity{
  _template:t="battle_area_polygon_point"
  transform:m=[[1.0, 0.0, 0.0] [0.0, 1.0, 0.0] [0.0, 0.0, 1.0] [-325.831, 6.06304, -684.771]]
  battle_area_polygon_point__id:t="point2"
  battle_area_polygon_point__nextId:t="point3"
  battle_area_polygon_point__forBattleAreaId:t="area1_2"
}

entity{
  _template:t="battle_area_polygon_point"
  transform:m=[[1.0, 0.0, 0.0] [0.0, 1.0, 0.0] [0.0, 0.0, 1.0] [-170.206, 6.06304, -729.214]]
  battle_area_polygon_point__id:t="point3"
  battle_area_polygon_point__nextId:t="point4"
  battle_area_polygon_point__forBattleAreaId:t="area1_2"
}

entity{
  _template:t="battle_area_polygon_point"
  transform:m=[[1.0, 0.0, 0.0] [0.0, 1.0, 0.0] [0.0, 0.0, 1.0] [-110.585, 6.06304, -656.416]]
  battle_area_polygon_point__id:t="point4"
  battle_area_polygon_point__nextId:t="point5"
  battle_area_polygon_point__forBattleAreaId:t="area1_2"
}

entity{
  _template:t="battle_area_polygon_point"
  transform:m=[[1.0, 0.0, 0.0] [0.0, 1.0, 0.0] [0.0, 0.0, 1.0] [-125.483, 6.06316, -534.788]]
  battle_area_polygon_point__id:t="point5"
  battle_area_polygon_point__nextId:t="point6"
  battle_area_polygon_point__forBattleAreaId:t="area1_2"
}

entity{
  _template:t="battle_area_polygon_point"
  transform:m=[[1.0, 0.0, 0.0] [0.0, 1.0, 0.0] [0.0, 0.0, 1.0] [138.682, 6.06304, -686.989]]
  battle_area_polygon_point__id:t="point1"
  battle_area_polygon_point__nextId:t="point2"
  battle_area_polygon_point__forBattleAreaId:t="area1_1"
}

entity{
  _template:t="battle_area_polygon_point"
  transform:m=[[1.0, 0.0, 0.0] [0.0, 1.0, 0.0] [0.0, 0.0, 1.0] [106.059, 6.06304, -593.165]]
  battle_area_polygon_point__id:t="point2"
  battle_area_polygon_point__nextId:t="point3"
  battle_area_polygon_point__forBattleAreaId:t="area1_1"
}

entity{
  _template:t="battle_area_polygon_point"
  transform:m=[[1.0, 0.0, 0.0] [0.0, 1.0, 0.0] [0.0, 0.0, 1.0] [8.08039, 6.06304, -466.497]]
  battle_area_polygon_point__id:t="point3"
  battle_area_polygon_point__nextId:t="point4"
  battle_area_polygon_point__forBattleAreaId:t="area1_1"
}

entity{
  _template:t="battle_area_polygon_point"
  transform:m=[[1.0, 0.0, 0.0] [0.0, 1.0, 0.0] [0.0, 0.0, 1.0] [-193.834, 6.06304, -462.953]]
  battle_area_polygon_point__id:t="point4"
  battle_area_polygon_point__nextId:t="point5"
  battle_area_polygon_point__forBattleAreaId:t="area1_1"
}

entity{
  _template:t="battle_area_polygon_point"
  transform:m=[[1.0, 0.0, 0.0] [0.0, 1.0, 0.0] [0.0, 0.0, 1.0] [-275.061, 6.06304, -615.94]]
  battle_area_polygon_point__id:t="point5"
  battle_area_polygon_point__nextId:t="point6"
  battle_area_polygon_point__forBattleAreaId:t="area1_1"
}

entity{
  _template:t="battle_area_polygon_point"
  transform:m=[[1.0, 0.0, 0.0] [0.0, 1.0, 0.0] [0.0, 0.0, 1.0] [-295.887, 6.06304, -762.185]]
  battle_area_polygon_point__id:t="point6"
  battle_area_polygon_point__nextId:t="point7"
  battle_area_polygon_point__forBattleAreaId:t="area1_1"
}

entity{
  _template:t="battle_area_polygon_point"
  transform:m=[[1.0, 0.0, 0.0] [0.0, 1.0, 0.0] [0.0, 0.0, 1.0] [-293.305, 6.06304, -824.95]]
  battle_area_polygon_point__id:t="point7"
  battle_area_polygon_point__nextId:t="point8"
  battle_area_polygon_point__forBattleAreaId:t="area1_1"
}

entity{
  _template:t="battle_area_polygon_point"
  transform:m=[[1.0, 0.0, 0.0] [0.0, 1.0, 0.0] [0.0, 0.0, 1.0] [-169.826, 6.06305, -854.561]]
  battle_area_polygon_point__id:t="point8"
  battle_area_polygon_point__nextId:t="point9"
  battle_area_polygon_point__forBattleAreaId:t="area1_1"
}

entity{
  _template:t="battle_area_polygon_point"
  transform:m=[[1.0, 0.0, 0.0] [0.0, 1.0, 0.0] [0.0, 0.0, 1.0] [-285.87, 6.06304, -481.755]]
  battle_area_polygon_point__id:t="point13"
  battle_area_polygon_point__nextId:t="point14"
  battle_area_polygon_point__forBattleAreaId:t="area2_2"
}

entity{
  _template:t="battle_area_polygon_point"
  transform:m=[[1.0, 0.0, 0.0] [0.0, 1.0, 0.0] [0.0, 0.0, 1.0] [-296.137, 6.06304, -829.484]]
  battle_area_polygon_point__id:t="point2"
  battle_area_polygon_point__nextId:t="point3"
  battle_area_polygon_point__forBattleAreaId:t="area2_2"
}

entity{
  _template:t="battle_area_polygon_point"
  transform:m=[[1.0, 0.0, 0.0] [0.0, 1.0, 0.0] [0.0, 0.0, 1.0] [-295.785, 6.06304, -857.513]]
  battle_area_polygon_point__id:t="point3"
  battle_area_polygon_point__nextId:t="point4"
  battle_area_polygon_point__forBattleAreaId:t="area2_2"
}

entity{
  _template:t="battle_area_polygon_point"
  transform:m=[[1.0, 0.0, 0.0] [0.0, 1.0, 0.0] [0.0, 0.0, 1.0] [-192.29, 6.06304, -844.365]]
  battle_area_polygon_point__id:t="point4"
  battle_area_polygon_point__nextId:t="point5"
  battle_area_polygon_point__forBattleAreaId:t="area2_2"
}

entity{
  _template:t="battle_area_polygon_point"
  transform:m=[[1.0, 0.0, 0.0] [0.0, 1.0, 0.0] [0.0, 0.0, 1.0] [-157.862, 6.06304, -841.835]]
  battle_area_polygon_point__id:t="point5"
  battle_area_polygon_point__nextId:t="point6"
  battle_area_polygon_point__forBattleAreaId:t="area2_2"
}

entity{
  _template:t="battle_area_polygon_point"
  transform:m=[[1.0, 0.0, 0.0] [0.0, 1.0, 0.0] [0.0, 0.0, 1.0] [-104.562, 6.06304, -821.917]]
  battle_area_polygon_point__id:t="point6"
  battle_area_polygon_point__nextId:t="point7"
  battle_area_polygon_point__forBattleAreaId:t="area2_2"
}

entity{
  _template:t="battle_area_polygon_point"
  transform:m=[[0.930451, 0.0, 0.366417] [0.0, 1.0, -0.0] [-0.366417, 0.0, 0.930451] [-55.3224, 6.06303, -788.379]]
  battle_area_polygon_point__id:t="point7"
  battle_area_polygon_point__nextId:t="point8"
  battle_area_polygon_point__forBattleAreaId:t="area2_2"
}

entity{
  _template:t="battle_area_polygon_point"
  transform:m=[[1.0, 0.0, 0.0] [0.0, 1.0, 0.0] [0.0, 0.0, 1.0] [35.9665, 6.06302, -656.516]]
  battle_area_polygon_point__id:t="point8"
  battle_area_polygon_point__nextId:t="point9"
  battle_area_polygon_point__forBattleAreaId:t="area2_2"
}

entity{
  _template:t="battle_area_polygon_point"
  transform:m=[[1.0, 0.0, 0.0] [0.0, 1.0, 0.0] [0.0, 0.0, 1.0] [49.6885, 6.06303, -610.893]]
  battle_area_polygon_point__id:t="point9"
  battle_area_polygon_point__nextId:t="point10"
  battle_area_polygon_point__forBattleAreaId:t="area2_2"
}

entity{
  _template:t="battle_area_polygon_point"
  transform:m=[[1.0, 0.0, 0.0] [0.0, 1.0, 0.0] [0.0, 0.0, 1.0] [45.7479, 6.063, -546.975]]
  battle_area_polygon_point__id:t="point10"
  battle_area_polygon_point__nextId:t="point11"
  battle_area_polygon_point__forBattleAreaId:t="area2_2"
}

entity{
  _template:t="battle_area_polygon_point"
  transform:m=[[1.0, 0.0, 0.0] [0.0, 1.0, 0.0] [0.0, 0.0, 1.0] [339.957, 6.06304, -891.417]]
  battle_area_polygon_point__id:t="point1"
  battle_area_polygon_point__nextId:t="point2"
  battle_area_polygon_point__forBattleAreaId:t="area2_1"
}

entity{
  _template:t="battle_area_polygon_point"
  transform:m=[[1.0, 0.0, 0.0] [0.0, 1.0, 0.0] [0.0, 0.0, 1.0] [77.58, 6.06304, -522.197]]
  battle_area_polygon_point__id:t="point2"
  battle_area_polygon_point__nextId:t="point3"
  battle_area_polygon_point__forBattleAreaId:t="area2_1"
}

entity{
  _template:t="battle_area_polygon_point"
  transform:m=[[1.0, 0.0, 0.0] [0.0, 1.0, 0.0] [0.0, 0.0, 1.0] [-122.11, 6.06304, -476.79]]
  battle_area_polygon_point__id:t="point3"
  battle_area_polygon_point__nextId:t="point4"
  battle_area_polygon_point__forBattleAreaId:t="area2_1"
}

entity{
  _template:t="battle_area_polygon_point"
  transform:m=[[1.0, 0.0, 0.0] [0.0, 1.0, 0.0] [0.0, 0.0, 1.0] [-144.095, 6.0631, -487.41]]
  battle_area_polygon_point__id:t="point4"
  battle_area_polygon_point__nextId:t="point5"
  battle_area_polygon_point__forBattleAreaId:t="area2_1"
}

entity{
  _template:t="battle_area_polygon_point"
  transform:m=[[1.0, 0.0, 0.0] [0.0, 1.0, 0.0] [0.0, 0.0, 1.0] [-132.995, 6.06308, -515.019]]
  battle_area_polygon_point__id:t="point5"
  battle_area_polygon_point__nextId:t="point6"
  battle_area_polygon_point__forBattleAreaId:t="area2_1"
}

entity{
  _template:t="battle_area_polygon_point"
  transform:m=[[0.982307, 0.0, 0.187277] [0.0, 1.0, -0.0] [-0.187277, 0.0, 0.982307] [-127.723, 6.06308, -539.533]]
  battle_area_polygon_point__id:t="point6"
  battle_area_polygon_point__nextId:t="point7"
  battle_area_polygon_point__forBattleAreaId:t="area2_1"
}

entity{
  _template:t="battle_area_polygon_point"
  transform:m=[[0.997049, 0.0, 0.0767701] [0.0, 1.0, -0.0] [-0.0767701, 0.0, 0.997049] [-125.488, 6.06314, -553.572]]
  battle_area_polygon_point__id:t="point7"
  battle_area_polygon_point__nextId:t="point8"
  battle_area_polygon_point__forBattleAreaId:t="area2_1"
}

entity{
  _template:t="battle_area_polygon_point"
  transform:m=[[1.0, 0.0, 0.0] [0.0, 1.0, 0.0] [0.0, 0.0, 1.0] [-29.5945, 6.06303, -896.372]]
  battle_area_polygon_point__id:t="point1"
  battle_area_polygon_point__nextId:t="point2"
  battle_area_polygon_point__forBattleAreaId:t="area3_2"
}

entity{
  _template:t="battle_area_polygon_point"
  transform:m=[[1.0, 0.0, 0.0] [0.0, 1.0, 0.0] [0.0, 0.0, 1.0] [2.67184, 6.06303, -896.714]]
  battle_area_polygon_point__id:t="point2"
  battle_area_polygon_point__nextId:t="point3"
  battle_area_polygon_point__forBattleAreaId:t="area3_2"
}

entity{
  _template:t="battle_area_polygon_point"
  transform:m=[[1.0, 0.0, 0.0] [0.0, 1.0, 0.0] [0.0, 0.0, 1.0] [19.5831, 6.06303, -910.445]]
  battle_area_polygon_point__id:t="point3"
  battle_area_polygon_point__nextId:t="point4"
  battle_area_polygon_point__forBattleAreaId:t="area3_2"
}

entity{
  _template:t="battle_area_polygon_point"
  transform:m=[[1.0, 0.0, 0.0] [0.0, 1.0, 0.0] [0.0, 0.0, 1.0] [54.5341, 6.06304, -910.643]]
  battle_area_polygon_point__id:t="point4"
  battle_area_polygon_point__nextId:t="point5"
  battle_area_polygon_point__forBattleAreaId:t="area3_2"
}

entity{
  _template:t="battle_area_polygon_point"
  transform:m=[[1.0, 0.0, 0.0] [0.0, 1.0, 0.0] [0.0, 0.0, 1.0] [228.694, 6.06304, -716.789]]
  battle_area_polygon_point__id:t="point5"
  battle_area_polygon_point__nextId:t="point6"
  battle_area_polygon_point__forBattleAreaId:t="area3_2"
}

entity{
  _template:t="battle_area_polygon_point"
  transform:m=[[0.790131, 0.0, -0.612938] [0.0, 1.0, 0.0] [0.612938, -0.0, 0.790131] [99.4273, 6.06304, -590.461]]
  battle_area_polygon_point__id:t="point6"
  battle_area_polygon_point__nextId:t="point7"
  battle_area_polygon_point__forBattleAreaId:t="area3_2"
}

entity{
  _template:t="battle_area_polygon_point"
  transform:m=[[0.943216, 0.0, 0.332179] [0.0, 1.0, -0.0] [-0.332179, 0.0, 0.943216] [54.1219, 6.06308, -546.08]]
  battle_area_polygon_point__id:t="point7"
  battle_area_polygon_point__nextId:t="point8"
  battle_area_polygon_point__forBattleAreaId:t="area3_2"
}

entity{
  _template:t="battle_area_polygon_point"
  transform:m=[[1.0, 0.0, 0.0] [0.0, 1.0, 0.0] [0.0, 0.0, 1.0] [284.572, 6.06304, -1141.61]]
  battle_area_polygon_point__id:t="point1"
  battle_area_polygon_point__nextId:t="point2"
  battle_area_polygon_point__forBattleAreaId:t="area3_1"
}

entity{
  _template:t="battle_area_polygon_point"
  transform:m=[[1.0, 0.0, 0.0] [0.0, 1.0, 0.0] [0.0, 0.0, 1.0] [383.015, 6.06304, -840.672]]
  battle_area_polygon_point__id:t="point2"
  battle_area_polygon_point__nextId:t="point3"
  battle_area_polygon_point__forBattleAreaId:t="area3_1"
}

entity{
  _template:t="battle_area_polygon_point"
  transform:m=[[1.0, 0.0, 0.0] [0.0, 1.0, 0.0] [0.0, 0.0, 1.0] [87.4435, 6.06304, -599.914]]
  battle_area_polygon_point__id:t="point3"
  battle_area_polygon_point__nextId:t="point4"
  battle_area_polygon_point__forBattleAreaId:t="area3_1"
}

entity{
  _template:t="battle_area_polygon_point"
  transform:m=[[1.0, 0.0, 0.0] [0.0, 1.0, 0.0] [0.0, 0.0, 1.0] [-54.9464, 6.06304, -789.994]]
  battle_area_polygon_point__id:t="point4"
  battle_area_polygon_point__nextId:t="point5"
  battle_area_polygon_point__forBattleAreaId:t="area3_1"
}

entity{
  _template:t="battle_area_polygon_point"
  transform:m=[[1.0, 0.0, 0.0] [0.0, 1.0, 0.0] [0.0, 0.0, 1.0] [-89.1388, 6.06304, -818.906]]
  battle_area_polygon_point__id:t="point5"
  battle_area_polygon_point__nextId:t="point6"
  battle_area_polygon_point__forBattleAreaId:t="area3_1"
}

entity{
  _template:t="battle_area_polygon_point"
  transform:m=[[1.0, 0.0, 0.0] [0.0, 1.0, 0.0] [0.0, 0.0, 1.0] [-144.0, 6.06304, -852.773]]
  battle_area_polygon_point__id:t="point6"
  battle_area_polygon_point__nextId:t="point7"
  battle_area_polygon_point__forBattleAreaId:t="area3_1"
}

entity{
  _template:t="battle_area_polygon_point"
  transform:m=[[1.0, 0.0, 0.0] [0.0, 1.0, 0.0] [0.0, 0.0, 1.0] [-259.167, 6.06304, -960.768]]
  battle_area_polygon_point__id:t="point7"
  battle_area_polygon_point__nextId:t="point8"
  battle_area_polygon_point__forBattleAreaId:t="area3_1"
}

entity{
  _template:t="battle_area_polygon_point"
  transform:m=[[1.0, 0.0, 0.0] [0.0, 1.0, 0.0] [0.0, 0.0, 1.0] [-188.523, 6.06304, -1293.28]]
  battle_area_polygon_point__id:t="point8"
  battle_area_polygon_point__nextId:t="point1"
  battle_area_polygon_point__forBattleAreaId:t="area3_1"
}

entity{
  _template:t="battle_area_polygon_point"
  transform:m=[[1.0, 0.0, 0.0] [0.0, 1.0, 0.0] [0.0, 0.0, 1.0] [-139.375, 6.06303, -493.913]]
  battle_area_polygon_point__id:t="point6"
  battle_area_polygon_point__nextId:t="point7"
  battle_area_polygon_point__forBattleAreaId:t="area1_2"
}

entity{
  _template:t="battle_area_polygon_point"
  transform:m=[[1.0, 0.0, 0.0] [0.0, 1.0, 0.0] [0.0, 0.0, 1.0] [-154.798, 6.06314, -464.173]]
  battle_area_polygon_point__id:t="point7"
  battle_area_polygon_point__nextId:t="point8"
  battle_area_polygon_point__forBattleAreaId:t="area1_2"
}

entity{
  _template:t="battle_area_polygon_point"
  transform:m=[[0.781695, 0.0, 0.623661] [0.0, 1.0, -0.0] [-0.623661, 0.0, 0.781695] [-160.834, 6.063, -452.944]]
  battle_area_polygon_point__id:t="point8"
  battle_area_polygon_point__nextId:t="point9"
  battle_area_polygon_point__forBattleAreaId:t="area1_2"
}

entity{
  _template:t="battle_area_polygon_point"
  transform:m=[[0.781695, 0.0, 0.623661] [0.0, 1.0, -0.0] [-0.623661, 0.0, 0.781695] [-173.76, 6.063, -439.411]]
  battle_area_polygon_point__id:t="point9"
  battle_area_polygon_point__nextId:t="point10"
  battle_area_polygon_point__forBattleAreaId:t="area1_2"
}

entity{
  _template:t="battle_area_polygon_point"
  transform:m=[[0.781695, 0.0, 0.623661] [0.0, 1.0, -0.0] [-0.623661, 0.0, 0.781695] [-196.317, 6.063, -420.493]]
  battle_area_polygon_point__id:t="point10"
  battle_area_polygon_point__nextId:t="point11"
  battle_area_polygon_point__forBattleAreaId:t="area1_2"
}

entity{
  _template:t="battle_area_polygon_point"
  transform:m=[[0.781695, 0.0, 0.623661] [0.0, 1.0, -0.0] [-0.623661, 0.0, 0.781695] [-322.835, 6.06299, -402.305]]
  battle_area_polygon_point__id:t="point11"
  battle_area_polygon_point__nextId:t="point12"
  battle_area_polygon_point__forBattleAreaId:t="area1_2"
}

entity{
  _template:t="battle_area_polygon_point"
  transform:m=[[0.781695, 0.0, 0.623661] [0.0, 1.0, -0.0] [-0.623661, 0.0, 0.781695] [-354.594, 6.06299, -407.079]]
  battle_area_polygon_point__id:t="point12"
  battle_area_polygon_point__nextId:t="point13"
  battle_area_polygon_point__forBattleAreaId:t="area1_2"
}

entity{
  _template:t="battle_area_polygon_point"
  transform:m=[[0.781695, 0.0, 0.623661] [0.0, 1.0, -0.0] [-0.623661, 0.0, 0.781695] [-392.44, 6.06299, -401.169]]
  battle_area_polygon_point__id:t="point13"
  battle_area_polygon_point__nextId:t="point1"
  battle_area_polygon_point__forBattleAreaId:t="area1_2"
}

entity{
  _template:t="battle_area_polygon_point"
  transform:m=[[0.87574, 0.0, 0.482783] [0.0, 1.0, -0.0] [-0.482783, 0.0, 0.87574] [-19.7502, 6.06305, -788.031]]
  battle_area_polygon_point__id:t="point9"
  battle_area_polygon_point__nextId:t="point1"
  battle_area_polygon_point__forBattleAreaId:t="area1_1"
}

entity{
  _template:t="battle_area_polygon_point"
  transform:m=[[0.974524, 0.0, -0.224282] [0.0, 1.0, 0.0] [0.224282, -0.0, 0.974524] [20.6016, 6.063, -496.12]]
  battle_area_polygon_point__id:t="point11"
  battle_area_polygon_point__nextId:t="point12"
  battle_area_polygon_point__forBattleAreaId:t="area2_2"
}

entity{
  _template:t="battle_area_polygon_point"
  transform:m=[[0.974524, 0.0, -0.224282] [0.0, 1.0, 0.0] [0.224282, -0.0, 0.974524] [-140.187, 6.06301, -464.419]]
  battle_area_polygon_point__id:t="point12"
  battle_area_polygon_point__nextId:t="point13"
  battle_area_polygon_point__forBattleAreaId:t="area2_2"
}

entity{
  _template:t="battle_area_polygon_point"
  transform:m=[[0.853615, 0.0, -0.520904] [0.0, 1.0, 0.0] [0.520904, -0.0, 0.853615] [-300.768, 6.06303, -506.676]]
  battle_area_polygon_point__id:t="point14"
  battle_area_polygon_point__nextId:t="point15"
  battle_area_polygon_point__forBattleAreaId:t="area2_2"
}

entity{
  _template:t="battle_area_polygon_point"
  transform:m=[[0.853615, 0.0, -0.520904] [0.0, 1.0, 0.0] [0.520904, -0.0, 0.853615] [-337.726, 6.06303, -567.24]]
  battle_area_polygon_point__id:t="point15"
  battle_area_polygon_point__nextId:t="point16"
  battle_area_polygon_point__forBattleAreaId:t="area2_2"
}

entity{
  _template:t="battle_area_polygon_point"
  transform:m=[[0.853615, 0.0, -0.520904] [0.0, 1.0, 0.0] [0.520904, -0.0, 0.853615] [-337.474, 6.06302, -658.078]]
  battle_area_polygon_point__id:t="point16"
  battle_area_polygon_point__nextId:t="point17"
  battle_area_polygon_point__forBattleAreaId:t="area2_2"
}

entity{
  _template:t="battle_area_polygon_point"
  transform:m=[[0.853615, 0.0, -0.520904] [0.0, 1.0, 0.0] [0.520904, -0.0, 0.853615] [-293.141, 6.06302, -706.798]]
  battle_area_polygon_point__id:t="point17"
  battle_area_polygon_point__nextId:t="point1"
  battle_area_polygon_point__forBattleAreaId:t="area2_2"
}

entity{
  _template:t="battle_area_polygon_point"
  transform:m=[[0.853615, 0.0, -0.520904] [0.0, 1.0, 0.0] [0.520904, -0.0, 0.853615] [-295.464, 6.06302, -742.394]]
  battle_area_polygon_point__id:t="point1"
  battle_area_polygon_point__nextId:t="point2"
  battle_area_polygon_point__forBattleAreaId:t="area2_2"
}

entity{
  _template:t="battle_area_polygon_point"
  transform:m=[[0.997049, 0.0, 0.0767701] [0.0, 1.0, -0.0] [-0.0767701, 0.0, 0.997049] [-121.145, 6.06314, -609.978]]
  battle_area_polygon_point__id:t="point8"
  battle_area_polygon_point__nextId:t="point9"
  battle_area_polygon_point__forBattleAreaId:t="area2_1"
}

entity{
  _template:t="battle_area_polygon_point"
  transform:m=[[0.997049, 0.0, 0.0767701] [0.0, 1.0, -0.0] [-0.0767701, 0.0, 0.997049] [-119.256, 6.06314, -621.985]]
  battle_area_polygon_point__id:t="point9"
  battle_area_polygon_point__nextId:t="point10"
  battle_area_polygon_point__forBattleAreaId:t="area2_1"
}

entity{
  _template:t="battle_area_polygon_point"
  transform:m=[[0.997049, 0.0, 0.0767701] [0.0, 1.0, -0.0] [-0.0767701, 0.0, 0.997049] [-117.28, 6.06314, -640.227]]
  battle_area_polygon_point__id:t="point10"
  battle_area_polygon_point__nextId:t="point11"
  battle_area_polygon_point__forBattleAreaId:t="area2_1"
}

entity{
  _template:t="battle_area_polygon_point"
  transform:m=[[0.997049, 0.0, 0.0767701] [0.0, 1.0, -0.0] [-0.0767701, 0.0, 0.997049] [-125.34, 6.06314, -656.428]]
  battle_area_polygon_point__id:t="point11"
  battle_area_polygon_point__nextId:t="point12"
  battle_area_polygon_point__forBattleAreaId:t="area2_1"
}

entity{
  _template:t="battle_area_polygon_point"
  transform:m=[[0.999818, 0.0, 0.0190915] [0.0, 1.0, -0.0] [-0.0190915, 0.0, 0.999818] [-175.31, 6.06326, -738.537]]
  battle_area_polygon_point__id:t="point12"
  battle_area_polygon_point__nextId:t="point13"
  battle_area_polygon_point__forBattleAreaId:t="area2_1"
}

entity{
  _template:t="battle_area_polygon_point"
  transform:m=[[0.999818, 0.0, 0.0190915] [0.0, 1.0, -0.0] [-0.0190915, 0.0, 0.999818] [-285.612, 6.06335, -746.439]]
  battle_area_polygon_point__id:t="point13"
  battle_area_polygon_point__nextId:t="point14"
  battle_area_polygon_point__forBattleAreaId:t="area2_1"
}

entity{
  _template:t="battle_area_polygon_point"
  transform:m=[[0.999818, 0.0, 0.0190915] [0.0, 1.0, -0.0] [-0.0190915, 0.0, 0.999818] [-298.617, 6.06335, -755.309]]
  battle_area_polygon_point__id:t="point14"
  battle_area_polygon_point__nextId:t="point15"
  battle_area_polygon_point__forBattleAreaId:t="area2_1"
}

entity{
  _template:t="battle_area_polygon_point"
  transform:m=[[0.999818, 0.0, 0.0190915] [0.0, 1.0, -0.0] [-0.0190915, 0.0, 0.999818] [-344.994, 6.06335, -757.021]]
  battle_area_polygon_point__id:t="point15"
  battle_area_polygon_point__nextId:t="point16"
  battle_area_polygon_point__forBattleAreaId:t="area2_1"
}

entity{
  _template:t="battle_area_polygon_point"
  transform:m=[[0.935192, 0.0, 0.35414] [0.0, 1.0, -0.0] [-0.35414, 0.0, 0.935192] [-410.675, 6.06335, -773.185]]
  battle_area_polygon_point__id:t="point16"
  battle_area_polygon_point__nextId:t="point17"
  battle_area_polygon_point__forBattleAreaId:t="area2_1"
}

entity{
  _template:t="battle_area_polygon_point"
  transform:m=[[0.935192, 0.0, 0.35414] [0.0, 1.0, -0.0] [-0.35414, 0.0, 0.935192] [-328.814, 6.06335, -989.359]]
  battle_area_polygon_point__id:t="point17"
  battle_area_polygon_point__nextId:t="point18"
  battle_area_polygon_point__forBattleAreaId:t="area2_1"
}

entity{
  _template:t="battle_area_polygon_point"
  transform:m=[[0.935192, 0.0, 0.35414] [0.0, 1.0, -0.0] [-0.35414, 0.0, 0.935192] [-213.344, 6.0632, -1127.9]]
  battle_area_polygon_point__id:t="point18"
  battle_area_polygon_point__nextId:t="point19"
  battle_area_polygon_point__forBattleAreaId:t="area2_1"
}

entity{
  _template:t="battle_area_polygon_point"
  transform:m=[[0.935192, 0.0, 0.35414] [0.0, 1.0, -0.0] [-0.35414, 0.0, 0.935192] [-120.452, 6.0632, -1111.42]]
  battle_area_polygon_point__id:t="point19"
  battle_area_polygon_point__nextId:t="point20"
  battle_area_polygon_point__forBattleAreaId:t="area2_1"
}

entity{
  _template:t="battle_area_polygon_point"
  transform:m=[[0.935192, 0.0, 0.35414] [0.0, 1.0, -0.0] [-0.35414, 0.0, 0.935192] [-7.56369, 6.0632, -1053.88]]
  battle_area_polygon_point__id:t="point20"
  battle_area_polygon_point__nextId:t="point21"
  battle_area_polygon_point__forBattleAreaId:t="area2_1"
}

entity{
  _template:t="battle_area_polygon_point"
  transform:m=[[0.935192, 0.0, 0.35414] [0.0, 1.0, -0.0] [-0.35414, 0.0, 0.935192] [33.4504, 6.06323, -1021.16]]
  battle_area_polygon_point__id:t="point21"
  battle_area_polygon_point__nextId:t="point1"
  battle_area_polygon_point__forBattleAreaId:t="area2_1"
}

entity{
  _template:t="battle_area_polygon_point"
  transform:m=[[0.943216, 0.0, 0.332179] [0.0, 1.0, -0.0] [-0.332179, 0.0, 0.943216] [-70.1542, 6.06302, -479.721]]
  battle_area_polygon_point__id:t="point8"
  battle_area_polygon_point__nextId:t="point9"
  battle_area_polygon_point__forBattleAreaId:t="area3_2"
}

entity{
  _template:t="battle_area_polygon_point"
  transform:m=[[0.943216, 0.0, 0.332179] [0.0, 1.0, -0.0] [-0.332179, 0.0, 0.943216] [-154.711, 6.06302, -479.721]]
  battle_area_polygon_point__id:t="point9"
  battle_area_polygon_point__nextId:t="point10"
  battle_area_polygon_point__forBattleAreaId:t="area3_2"
}

entity{
  _template:t="battle_area_polygon_point"
  transform:m=[[0.943216, 0.0, 0.332179] [0.0, 1.0, -0.0] [-0.332179, 0.0, 0.943216] [-179.459, 6.06302, -516.565]]
  battle_area_polygon_point__id:t="point10"
  battle_area_polygon_point__nextId:t="point11"
  battle_area_polygon_point__forBattleAreaId:t="area3_2"
}

entity{
  _template:t="battle_area_polygon_point"
  transform:m=[[0.798184, 0.0, -0.602414] [0.0, 1.0, 0.0] [0.602414, -0.0, 0.798184] [-193.097, 6.06302, -543.322]]
  battle_area_polygon_point__id:t="point11"
  battle_area_polygon_point__nextId:t="point12"
  battle_area_polygon_point__forBattleAreaId:t="area3_2"
}

entity{
  _template:t="battle_area_polygon_point"
  transform:m=[[0.798184, 0.0, -0.602414] [0.0, 1.0, 0.0] [0.602414, -0.0, 0.798184] [-217.107, 6.06302, -575.135]]
  battle_area_polygon_point__id:t="point12"
  battle_area_polygon_point__nextId:t="point13"
  battle_area_polygon_point__forBattleAreaId:t="area3_2"
}

entity{
  _template:t="battle_area_polygon_point"
  transform:m=[[0.798184, 0.0, -0.602414] [0.0, 1.0, 0.0] [0.602414, -0.0, 0.798184] [-269.785, 6.06288, -590.874]]
  battle_area_polygon_point__id:t="point13"
  battle_area_polygon_point__nextId:t="point14"
  battle_area_polygon_point__forBattleAreaId:t="area3_2"
}

entity{
  _template:t="battle_area_polygon_point"
  transform:m=[[0.798184, 0.0, -0.602414] [0.0, 1.0, 0.0] [0.602414, -0.0, 0.798184] [-356.58, 6.06281, -709.734]]
  battle_area_polygon_point__id:t="point14"
  battle_area_polygon_point__nextId:t="point15"
  battle_area_polygon_point__forBattleAreaId:t="area3_2"
}

entity{
  _template:t="battle_area_polygon_point"
  transform:m=[[0.353527, 0.0, -0.935424] [0.0, 1.0, 0.0] [0.935424, -0.0, 0.353527] [-400.842, 6.06284, -746.418]]
  battle_area_polygon_point__id:t="point15"
  battle_area_polygon_point__nextId:t="point16"
  battle_area_polygon_point__forBattleAreaId:t="area3_2"
}

entity{
  _template:t="battle_area_polygon_point"
  transform:m=[[0.0907983, 0.0, -0.995869] [0.0, 1.0, 0.0] [0.995869, -0.0, 0.0907983] [-323.845, 6.06284, -969.619]]
  battle_area_polygon_point__id:t="point16"
  battle_area_polygon_point__nextId:t="point17"
  battle_area_polygon_point__forBattleAreaId:t="area3_2"
}

entity{
  _template:t="battle_area_polygon_point"
  transform:m=[[0.0907983, 0.0, -0.995869] [0.0, 1.0, 0.0] [0.995869, -0.0, 0.0907983] [-193.972, 6.06284, -948.559]]
  battle_area_polygon_point__id:t="point17"
  battle_area_polygon_point__nextId:t="point18"
  battle_area_polygon_point__forBattleAreaId:t="area3_2"
}

entity{
  _template:t="battle_area_polygon_point"
  transform:m=[[0.0907983, 0.0, -0.995869] [0.0, 1.0, 0.0] [0.995869, -0.0, 0.0907983] [-105.243, 6.06279, -922.919]]
  battle_area_polygon_point__id:t="point18"
  battle_area_polygon_point__nextId:t="point1"
  battle_area_polygon_point__forBattleAreaId:t="area3_2"
}

entity{
  _template:t="poly_battle_area"
  transform:m=[[1.0, 0.0, 0.0] [0.0, 1.0, 0.0] [0.0, 0.0, 1.0] [-219.553, 20.3439, -190.573]]
  groupName:t="sector_1"
  active:b=no
  battle_area__team:i=1
  battleAreaId:t="area1_2"
}

entity{
  _template:t="poly_battle_area"
  transform:m=[[1.0, 0.0, 0.0] [0.0, 1.0, 0.0] [0.0, 0.0, 1.0] [-219.553, 20.3439, -190.573]]
  groupName:t="sector_1"
  active:b=no
  battle_area__team:i=2
  battleAreaId:t="area1_1"
}

entity{
  _template:t="poly_battle_area"
  transform:m=[[1.0, 0.0, 0.0] [0.0, 1.0, 0.0] [0.0, 0.0, 1.0] [-219.553, 20.3439, -190.573]]
  groupName:t="sector_2"
  active:b=no
  battle_area__team:i=1
  battleAreaId:t="area2_2"
}

entity{
  _template:t="poly_battle_area"
  transform:m=[[1.0, 0.0, 0.0] [0.0, 1.0, 0.0] [0.0, 0.0, 1.0] [-219.553, 20.3439, -190.573]]
  groupName:t="sector_2"
  active:b=no
  battle_area__team:i=2
  battleAreaId:t="area2_1"
}

entity{
  _template:t="poly_battle_area"
  transform:m=[[1.0, 0.0, 0.0] [0.0, 1.0, 0.0] [0.0, 0.0, 1.0] [-219.553, 20.3439, -190.573]]
  groupName:t="sector_3"
  active:b=no
  battle_area__team:i=1
  battleAreaId:t="area3_2"
}

entity{
  _template:t="poly_battle_area"
  transform:m=[[1.0, 0.0, 0.0] [0.0, 1.0, 0.0] [0.0, 0.0, 1.0] [-219.553, 20.3439, -190.573]]
  groupName:t="sector_3"
  active:b=no
  battle_area__team:i=2
  battleAreaId:t="area3_1"
}

entity{
  _template:t="american_assault_boat_m1"
  transform:m=[[-0.237867, -0.00681821, -0.971274] [-0.000293712, 0.999976, -0.00694776] [0.971298, -0.00136737, -0.237864] [-244.951, 0.102313, -634.46]]
}

entity{
  _template:t="american_assault_boat_m1"
  transform:m=[[-0.263669, -0.00681386, -0.964589] [-0.000437612, 0.999976, -0.00694421] [0.964613, -0.00140886, -0.263665] [-250.337, 0.102313, -632.175]]
}

entity{
  _template:t="american_assault_boat_m1"
  transform:m=[[-0.0244396, -0.00681322, -0.999678] [0.00122217, 0.999976, -0.00684512] [0.999701, -0.00138907, -0.0244306] [-232.094, 0.102314, -636.217]]
}

entity{
  _template:t="briefing_assault"
  mission_name:t="tunisia_gorge_assault"

  "loading_images:list<t>"{
    item:t="ui/tunisia_gorge_inv_01.avif"
    item:t="ui/tunisia_gorge_inv_02.avif"
    item:t="ui/tunisia_gorge_inv_03.avif"
  }
}

entity{
  _template:t="enemy_attack_marker"
}

entity{
  _template:t="static_cam"
  camera__active:b=yes
  transform:m=[[-0.972438, 0.010104, -0.232943] [0.0477078, 0.986546, -0.156368] [0.228229, -0.163172, -0.959837] [-58.23, 32.8182, -675.898]]
}

entity{
  _template:t="minimap_tunisia_tataouine"
}

entity{
  _template:t="postfx_color_grading_tonemap_death_alive_enlisted"
}

entity{
  _template:t="postfx_roundctrl"
}

entity{
  _template:t="session_finalizer"
  session_finalizer__timer:r=10.0
}

entity{
  _template:t="team_tunisia_allies+team_narrator_assault_attack+respawn_creators_team"
  team__memberCount:r=0.0
  team__scoreCap:r=2000.0
  team__score:r=2000.0
  team__squadSpawnCost:i=250
  team__firstSpawnCostMul:r=0.0
  team__zeroScoreFailTimer:r=60.0
  team__id:i=1
  team__briefing:t="invasion/attackers_goals"
  team__winSubtitle:t="debriefing/won_invasion_subtitle"
  team__loseSubtitle:t="debriefing/lost_invasion_subtitle"
  team__winTitle:t="debriefing/britain_won_invasion_title"
  team__spawnBotArmy:t="tunisia_allies"
}

entity{
  _template:t="team_tunisia_axis+team_narrator_assault_defence+respawn_creators_team"
  team__countAdd:r=0.5
  team__memberCount:r=0.5
  team__scoreCap:r=3000.0
  team__capturePenalty:r=1001.0
  team__score:r=3000.0
  team__id:i=2
  team__briefing:t="invasion/defenders_goals"
  team__winSubtitle:t="debriefing/won_defence_subtitle"
  team__loseSubtitle:t="debriefing/lost_defence_subtitle"
  team__winTitle:t="debriefing/axis_won_defence"
  team__spawnBotArmy:t="tunisia_axis"
}

entity{
  _template:t="door_mult_ent_generator"
  ri_extra_gen__blk:t="content/enlisted/gamedata/tunisia_doors.blk"
}

entity{
  _template:t="group_activator"

  "activator__activateChoice:object"{
    sector_1:r=1.0
  }
}

entity{
  _template:t="tunisia_level"
  level__blk:t="content/enlisted/levels/tunisia_4x4.blk"
}

entity{
  _template:t="clouds_hole_target"
  transform:m=[[1.0, 0.0, 0.0] [0.0, 1.0, 0.0] [0.0, 0.0, 1.0] [0.0, 0.0, 0.0]]
}

entity{
  _template:t="water"
  water__strength:r=0.6
  water__level:r=0.0
  water__wind_dir:r=40.0
}

entity{
  _template:t="wind"
}

entity{
  _template:t="respawn_camera"
  transform:m=[[-0.589458, -0.00837025, -0.807756] [0.144704, 0.982678, -0.11578] [0.794733, -0.185133, -0.578036] [207.78, 324.217, -1061.19]]
  respawnCameraForTeam:i=1
}

entity{
  _template:t="respawn_camera"
  transform:m=[[0.561512, -0.0479259, 0.82608] [-0.14432, 0.977348, 0.154801] [-0.814786, -0.206142, 0.541876] [-277.843, 296.754, -441.355]]
  respawnCameraForTeam:i=2
}

entity{
  _template:t="respawnChooser+respTeam1"
  transform:m=[[0.878642, 0.0, 0.477484] [0.0, 1.0, 0.0] [-0.477484, 0.0, 0.878642] [-294.816, 5.70244, -542.024]]
  groupName:t="sector_1"
  respawnBaseGroup:i=1
  active:b=no
}

entity{
  _template:t="respawnChooser+respTeam1"
  transform:m=[[0.998246, 0.0, -0.0592135] [0.0, 1.0, 0.0] [0.0592135, 0.0, 0.998246] [-283.413, 6.48692, -517.709]]
  groupName:t="sector_1"
  respawnBaseGroup:i=1
  active:b=no
}

entity{
  _template:t="respawnChooser+respTeam2"
  transform:m=[[-0.96543, 0.0, 0.260666] [0.0, 1.0, 0.0] [-0.260666, 0.0, -0.96543] [-67.4178, 15.584, -640.497]]
  groupName:t="sector_1"
  respawnBaseGroup:i=1
  active:b=no
}

entity{
  _template:t="respawnChooser+respTeam2"
  transform:m=[[-0.993131, 0.0, 0.117018] [0.0, 1.0, 0.0] [-0.117018, 0.0, -0.993131] [-63.5959, 15.631, -626.45]]
  groupName:t="sector_1"
  respawnBaseGroup:i=1
  active:b=no
}

entity{
  _template:t="respawnChooser+respTeam2"
  transform:m=[[-0.998555, 0.0, -0.0537492] [0.0, 1.0, 0.0] [0.0537492, 0.0, -0.998556] [-23.9663, 18.7256, -848.28]]
  groupName:t="sector_2"
  respawnBaseGroup:i=2
  active:b=no
}

entity{
  _template:t="respawnChooser+respTeam2"
  transform:m=[[-0.843145, 0.0, 0.537687] [0.0, 1.0, 0.0] [-0.537687, 0.0, -0.843145] [-16.5079, 18.719, -843.629]]
  groupName:t="sector_2"
  respawnBaseGroup:i=2
  active:b=no
}

entity{
  _template:t="defend_zone_chained_box+defend_zone_respawnbase"
  transform:m=[[18.3923, 0.0, 1.70066] [0.0, 12.4159, 0.0] [-1.46256, 0.0, 15.7888] [-150.009, 12.8897, -607.11]]
  capzone__capRewardPartCap:r=1.8
  capzone__mustBeCapturedByTeam:i=1
  capzone__curTeamCapturingZone:i=-1
  groupName:t="sector_1"
  capzone__capTime:r=20.0
  capzone__autoDecap:b=no
  capzone__autoDecap:b=no
  capzone__autoCap:b=no
  capzone__autoCap:b=no
  capzone__capTeam:i=2
  capzone__progress:r=1.0
  active:b=no
  capzone__decapTime:r=20.0
  ui_order:i=2
  capzone__capReward:r=250.0
  capzone__title:t="A"
  capzone__caption:t="capzone/apartments"
  capzone__checkAllZonesInGroup:b=yes
  decal__thickness:r=0.15
  decal__height:r=0.7
  capzone__deactivateAfterTimeout:r=0.0
  capzone__spawnAtZoneTimeout:r=35.0
  capzone__createRespawnBaseForTeam:i=2
  capzone__createRespawnBase:t="respawnBaseGroupActivator"
  capzone__createdRespawnBaseGroup:i=3

  "capzone__activateChoice:object"{
    sector_2:r=1.0
  }
}

entity{
  _template:t="defend_zone_chained_box+defend_zone_respawnbase"
  transform:m=[[16.0635, 0.0, 9.27414] [0.0, 6.71745, 0.0] [-9.18788, 0.0, 15.9103] [-22.4822, 23.0766, -616.164]]
  capzone__capRewardPartCap:r=1.8
  capzone__mustBeCapturedByTeam:i=1
  capzone__curTeamCapturingZone:i=-1
  groupName:t="sector_2"
  capzone__capTime:r=20.0
  capzone__capTeam:i=2
  capzone__progress:r=1.0
  active:b=no
  capzone__decapTime:r=20.0
  capzone__autoDecap:b=no
  capzone__autoCap:b=no
  ui_order:i=2
  capzone__capReward:r=250.0
  capzone__title:t="C"
  capzone__caption:t="capzone/apartments"
  capzone__checkAllZonesInGroup:b=yes
  decal__thickness:r=0.15
  decal__height:r=0.7
  capzone__deactivateAfterTimeout:r=0.0
  capzone__spawnAtZoneTimeout:r=35.0
  capzone__createRespawnBaseForTeam:i=2
  capzone__createRespawnBase:t="respawnBaseGroupActivator"
  capzone__createdRespawnBaseGroup:i=4

  "capzone__activateChoice:object"{
    sector_3:r=1.0
  }
}

entity{
  _template:t="defend_zone_chained_sphere+defend_zone_respawnbase"
  transform:m=[[0.86541, 0.02406, 0.307722] [-0.0462105, 0.997579, 0.0519602] [-0.332743, -0.0644171, 0.940815] [-114.165, 10.9217, -776.292]]
  capzone__capRewardPartCap:r=1.8
  capzone__mustBeCapturedByTeam:i=1
  capzone__curTeamCapturingZone:i=-1
  groupName:t="sector_2"
  capzone__capTime:r=20.0
  capzone__capTeam:i=2
  capzone__progress:r=1.0
  active:b=no
  capzone__decapTime:r=20.0
  capzone__autoDecap:b=no
  capzone__autoCap:b=no
  ui_order:i=2
  capzone__capReward:r=250.0
  capzone__title:t="B"
  capzone__caption:t="capzone/apartments"
  capzone__checkAllZonesInGroup:b=yes
  sphere_zone__radius:r=16.0
  decal__height:r=1.5
  capzone__deactivateAfterTimeout:r=0.0
  capzone__spawnAtZoneTimeout:r=35.0
  capzone__iconOffsetY:r=3.0
  capzone__createRespawnBaseForTeam:i=2
  capzone__createRespawnBase:t="respawnBaseGroupActivator"
  capzone__createdRespawnBaseGroup:i=5

  "capzone__activateChoice:object"{
    sector_3:r=1.0
  }
}

entity{
  _template:t="defend_zone_chained_sphere+defend_zone_respawnbase"
  transform:m=[[1.91969, 0.0, 0.268134] [0.0, 1.90261, 0.0] [-0.37676, 0.0, 2.69739] [115.659, 26.682, -729.11]]
  capzone__capRewardPartCap:r=1.8
  capzone__mustBeCapturedByTeam:i=1
  capzone__curTeamCapturingZone:i=-1
  groupName:t="sector_3"
  capzone__capTime:r=20.0
  capzone__capTeam:i=2
  capzone__progress:r=1.0
  active:b=no
  capzone__decapTime:r=20.0
  capzone__autoDecap:b=no
  capzone__autoCap:b=no
  ui_order:i=2
  capzone__capReward:r=250.0
  capzone__title:t="D"
  capzone__caption:t="capzone/apartments"
  capzone__checkAllZonesInGroup:b=yes
  sphere_zone__radius:r=8.0
  decal__height:r=1.5
  capzone__deactivateAfterTimeout:r=0.0
  capzone__spawnAtZoneTimeout:r=35.0
  capzone__iconOffsetY:r=3.0
  capzone__createRespawnBaseForTeam:i=2
  capzone__createRespawnBase:t="respawnBaseGroupActivator"
  capzone__createdRespawnBaseGroup:i=6
}

entity{
  _template:t="defend_zone_chained_box+defend_zone_respawnbase"
  transform:m=[[26.0339, 0.0, 2.40725] [0.0, 13.592, 0.0] [-2.94735, 0.0, 31.8176] [-20.4, 24.5209, -850.622]]
  capzone__capRewardPartCap:r=1.8
  capzone__mustBeCapturedByTeam:i=1
  capzone__curTeamCapturingZone:i=-1
  groupName:t="sector_3"
  capzone__capTime:r=20.0
  capzone__capTeam:i=2
  capzone__progress:r=1.0
  active:b=no
  capzone__decapTime:r=20.0
  capzone__autoDecap:b=no
  capzone__autoCap:b=no
  ui_order:i=2
  capzone__capReward:r=250.0
  capzone__title:t="E"
  capzone__caption:t="capzone/apartments"
  capzone__checkAllZonesInGroup:b=yes
  decal__thickness:r=0.15
  decal__height:r=0.7
  capzone__deactivateAfterTimeout:r=0.0
  capzone__spawnAtZoneTimeout:r=35.0
  capzone__createRespawnBaseForTeam:i=2
  capzone__createRespawnBase:t="respawnBaseGroupActivator"
  capzone__createdRespawnBaseGroup:i=7
}

entity{
  _template:t="respawnChooser+respTeam1"
  transform:m=[[0.970086, 0.0, 0.242762] [0.0, 1.0, -0.0] [-0.242762, 0.0, 0.970086] [-159.582, 10.459, -569.718]]
  groupName:t="sector_2"
  respawnBaseGroup:i=1
  active:b=no
}

entity{
  _template:t="respawnChooser+respVehicle"
  transform:m=[[0.368445, 0.0, -0.92965] [0.0, 1.0, 0.0] [0.92965, 0.0, 0.368445] [-389.677, 3.68134, -488.785]]
  respTime:i=150
  team:i=1
  groupName:t="sector_1"
  maxVehicleOnSpawn:i=2
  active:b=no
}

entity{
  _template:t="respawnChooser+respVehicle"
  transform:m=[[-0.845462, 0.0, 0.534037] [0.0, 1.0, 0.0] [-0.534037, 0.0, -0.845462] [198.67, 20.885, -1079.45]]
  respTime:i=150
  team:i=2
  groupName:t="sector_3"
  maxVehicleOnSpawn:i=2
  active:b=no
  respawnBaseGroup:i=2
}

entity{
  _template:t="resupply_in_air_zone"
  transform:m=[[-0.998928, 0.0, -0.0462803] [0.0, 1.0, 0.0] [0.0462803, 0.0, -0.998928] [200.585, 650.661, 2127.42]]
  resupply_zone__team:i=2
}

entity{
  _template:t="respAircraftInAir"
  respawnbaseType:t="aircraft_fighter"
  transform:m=[[-0.230768, 0.0, 0.97301] [0.0, 1.0, 0.0] [-0.973009, 0.0, -0.230767] [1196.2, 1023.92, -4117.65]]
  team:i=1
  maxVehicleOnSpawn:i=1
  respTime:i=120
}

entity{
  _template:t="respAircraftInAir"
  respawnbaseType:t="aircraft_assault"
  transform:m=[[-0.324594, 0.0, 0.945854] [0.0, 1.0, 0.0] [-0.945854, 0.0, -0.324594] [1025.1, 823.92, -4163.82]]
  team:i=1
  maxVehicleOnSpawn:i=1
  respTime:i=120
}

entity{
  _template:t="respAircraftInAir"
  respawnbaseType:t="aircraft_fighter"
  transform:m=[[-0.272709, 0.0, 0.962097] [0.0, 1.0, 0.0] [-0.962097, 0.0, -0.272709] [1043.19, 1023.92, -4151.13]]
  team:i=1
  maxVehicleOnSpawn:i=1
  respTime:i=120
}

entity{
  _template:t="respAircraftInAir"
  respawnbaseType:t="aircraft_assault"
  transform:m=[[-0.263097, 0.0, 0.96477] [0.0, 1.0, 0.0] [-0.964769, 0.0, -0.263097] [1196.2, 823.92, -4117.65]]
  team:i=1
  maxVehicleOnSpawn:i=1
  respTime:i=120
}

entity{
  _template:t="resupply_in_air_zone"
  transform:m=[[0.327869, 0.0, -0.944724] [0.0, 1.0, 0.0] [0.944724, 0.0, 0.327869] [-1831.16, 721.332, -3128.91]]
  resupply_zone__team:i=1
}

entity{
  _template:t="respAircraftInAir"
  respawnbaseType:t="aircraft_fighter"
  transform:m=[[0.436283, 0.0, -0.899809] [0.0, 1.0, 0.0] [0.899809, 0.0, 0.436283] [-1815.76, 1000.0, 2407.42]]
  team:i=2
  maxVehicleOnSpawn:i=1
  respTime:i=120
}

entity{
  _template:t="respAircraftInAir"
  respawnbaseType:t="aircraft_assault"
  transform:m=[[0.423885, 0.0, -0.905716] [0.0, 1.0, 0.0] [0.905716, 0.0, 0.423885] [-1665.43, 800.0, 2465.25]]
  team:i=2
