import{
  scene:t="content/enlisted/gamedata/scenes/_tunisia_sounds.blk"
}

import{
  scene:t="content/enlisted/gamedata/scenes/_tunisia_level.blk"
}

entity{
  _template:t="add_spawn_on_squadmates"
}

entity{
  _template:t="enemy_attack_marker"
}

entity{
  _template:t="static_cam"
  camera__active:b=yes
  transform:m=[[0.828609, 0.0, 0.559829] [0.0, 1.0, 0.0] [-0.559829, 0.0, 0.828609] [-880.9, 30.0, -1274.39]]
}

entity{
  _template:t="minimap_tunisia_tataouine"
}

entity{
  _template:t="postfx_color_grading_tonemap_death_alive_enlisted"
}

entity{
  _template:t="postfx_roundctrl"
}

entity{
  _template:t="session_finalizer"
  session_finalizer__timer:r=10.0
}

entity{
  _template:t="briefing_domination"
}

entity{
  _template:t="spawn_switcher"
  swapProbability:r=0.5
  team1:i=2
  team2:i=1
}

entity{
  _template:t="team_tunisia_allies+team_narrator_domination+respawn_creators_team"
  team__id:i=1
  team__score:r=2250.0
  team__scoreCap:r=2250.0
  score_bleed__domBleed:r=4.0
  score_bleed__domBleedOn:b=no
  score_bleed__totalDomZoneCount:i=3
  score_bleed__totalDomBleedMul:r=2.0
  score_bleed__totalDomBleedOn:b=no
  team__briefing:t="domination/common_goals"
  team__numZonesCaptured:i=0
  team__deathPenalty:r=2.0
  team__spawnBotArmy:t="tunisia_allies"
}

entity{
  _template:t="team_tunisia_axis+team_narrator_domination+respawn_creators_team"
  team__id:i=2
  team__score:r=2250.0
  team__scoreCap:r=2250.0
  score_bleed__domBleed:r=4.0
  score_bleed__domBleedOn:b=no
  score_bleed__totalDomZoneCount:i=3
  score_bleed__totalDomBleedMul:r=2.0
  score_bleed__totalDomBleedOn:b=no
  team__briefing:t="domination/common_goals"
  team__numZonesCaptured:i=0
  team__deathPenalty:r=2.0
  team__spawnBotArmy:t="tunisia_axis"
}

entity{
  _template:t="door_mult_ent_generator"
  ri_extra_gen__blk:t="content/e_tunisia/gamedata/tunisia_doors.blk"
}

entity{
  _template:t="box_battle_area"
  transform:m=[[731.698, 0.0, 282.421] [0.0, 106.404, 0.0] [-397.79, 0.0, 1030.6] [-970.316, 27.1399, -974.338]]
  battle_area__team:i=1
}

entity{
  _template:t="box_battle_area"
  transform:m=[[1104.26, 0.0, 219.505] [0.0, 106.404, 0.0] [-176.999, 0.0, 890.428] [-1107.4, 27.1399, -1465.52]]
  battle_area__team:i=2
}

entity{
  _template:t="tunisia_level"
  level__blk:t="content/enlisted/levels/tunisia_4x4.blk"
}

entity{
  _template:t="clouds_hole_target"
  transform:m=[[1.0, 0.0, 0.0] [0.0, 1.0, 0.0] [0.0, 0.0, 1.0] [0.0, 0.0, 0.0]]
}

entity{
  _template:t="water"
  water__strength:r=0.6
  water__level:r=0.0
  water__wind_dir:r=40.0
}

entity{
  _template:t="wind"
}

entity{
  _template:t="respawn_camera"
  transform:m=[[1.0, 0.0, 0.0] [0.0, 1.0, 0.0] [0.0, 0.0, 1.0] [-1123.01, 306.51, -484.82]]
  respawnCameraForTeam:i=1
}

entity{
  _template:t="respawn_camera"
  transform:m=[[1.0, 0.0, 0.0] [0.0, 1.0, 0.0] [0.0, 0.0, 1.0] [-1691.19, 305.529, -1906.15]]
  respawnCameraForTeam:i=2
}

entity{
  _template:t="respawnChooser+respTeam1"
  transform:m=[[0.964565, 0.0, 0.263846] [0.0, 1.0, 0.0] [-0.263846, 0.0, 0.964565] [-1203.27, 8.35602, -927.427]]
}

entity{
  _template:t="respawnChooser+respTeam1"
  transform:m=[[0.70691, 0.0, -0.707303] [0.0, 1.0, 0.0] [0.707303, 0.0, 0.70691] [-1220.49, 5.79627, -952.702]]
}

entity{
  _template:t="respawnChooser+respTeam1"
  transform:m=[[0.371407, 0.0, -0.928469] [0.0, 1.0, 0.0] [0.928469, 0.0, 0.371407] [-1234.04, 3.60005, -957.779]]
}

entity{
  _template:t="respawnChooser+respTeam1"
  transform:m=[[-0.0640796, 0.0, -0.997944] [0.0, 1.0, 0.0] [0.997944, 0.0, -0.0640796] [-866.193, 11.4678, -882.538]]
  respawnBaseGroup:i=2
}

entity{
  _template:t="respawnChooser+respTeam1"
  transform:m=[[-0.141808, 0.0, -0.989893] [0.0, 1.0, 0.0] [0.989893, 0.0, -0.141808] [-847.943, 8.7355, -891.504]]
  respawnBaseGroup:i=2
}

entity{
  _template:t="respawnChooser+respTeam1"
  transform:m=[[0.00487018, 0.0, -0.999987] [0.0, 1.0, 0.0] [0.999987, 0.0, 0.00487018] [-896.653, 12.3674, -879.983]]
  respawnBaseGroup:i=2
}

entity{
  _template:t="respawnChooser+respTeam2"
  transform:m=[[0.613234, 0.0, 0.789902] [0.0, 1.0, 0.0] [-0.789902, 0.0, 0.613234] [-1270.08, 6.13778, -1525.19]]
}

entity{
  _template:t="respawnChooser+respTeam2"
  transform:m=[[0.72497, 0.0, 0.68878] [0.0, 1.0, 0.0] [-0.68878, 0.0, 0.72497] [-1261.2, 6.5774, -1534.56]]
}

entity{
  _template:t="respawnChooser+respTeam2"
  transform:m=[[0.805282, 0.0, 0.592892] [0.0, 1.0, 0.0] [-0.592892, 0.0, 0.805282] [-1257.33, 6.99962, -1548.11]]
}

entity{
  _template:t="respawnChooser+respTeam2"
  transform:m=[[0.810814, 0.0, 0.585304] [0.0, 1.0, 0.0] [-0.585304, 0.0, 0.810814] [-1334.83, 11.5514, -1283.69]]
  respawnBaseGroup:i=2
}

entity{
  _template:t="respawnChooser+respTeam2"
  transform:m=[[0.117168, 0.0, 0.993112] [0.0, 1.0, 0.0] [-0.993112, 0.0, 0.117168] [-1308.89, 11.4938, -1285.37]]
  respawnBaseGroup:i=2
}

entity{
  _template:t="respawnChooser+respVehicle"
  transform:m=[[0.551165, 0.0, 0.834396] [0.0, 1.0, 0.0] [-0.834396, 0.0, 0.551165] [-1483.9, 5.26545, -1485.61]]
  team:i=1
}

entity{
  _template:t="respawnChooser+respVehicle"
  transform:m=[[0.045004, 0.0, -0.998987] [0.0, 1.0, 0.0] [0.998987, 0.0, 0.045004] [-1024.1, 15.4448, -715.329]]
  team:i=1
}

entity{
  _template:t="resupply_in_air_zone"
  transform:m=[[-0.998928, 0.0, -0.0462803] [0.0, 1.0, 0.0] [0.0462803, 0.0, -0.998928] [155.442, 1000.0, 2309.95]]
  resupply_zone__team:i=1
}

entity{
  _template:t="respAircraftInAir"
  respawnbaseType:t="aircraft_fighter"
  transform:m=[[0.0312836, 0.0, 0.999511] [0.0, 1.0, 0.0] [-0.999511, 0.0, 0.0312836] [-341.619, 1023.92, -3728.97]]
  team:i=2
  maxVehicleOnSpawn:i=1
  respTime:i=120
}

entity{
  _template:t="respAircraftInAir"
  respawnbaseType:t="aircraft_assault"
  transform:m=[[-0.066378, 0.0, 0.997795] [0.0, 1.0, 0.0] [-0.997795, 0.0, -0.066378] [-518.84, 823.92, -3728.86]]
  team:i=2
  maxVehicleOnSpawn:i=1
  respTime:i=120
}

entity{
  _template:t="respAircraftInAir"
  respawnbaseType:t="aircraft_fighter"
  transform:m=[[-0.0120528, 0.0, 0.999928] [0.0, 1.0, 0.0] [-0.999928, 0.0, -0.0120528] [-498.063, 1023.92, -3721.34]]
  team:i=2
  maxVehicleOnSpawn:i=1
  respTime:i=120
}

entity{
  _template:t="respAircraftInAir"
  respawnbaseType:t="aircraft_assault"
  transform:m=[[-0.00207494, 0.0, 0.999998] [0.0, 1.0, 0.0] [-0.999998, 0.0, -0.00207494] [-341.619, 823.92, -3728.97]]
  team:i=2
  maxVehicleOnSpawn:i=1
  respTime:i=120
}

entity{
  _template:t="resupply_in_air_zone"
  transform:m=[[0.327869, 0.0, -0.944724] [0.0, 1.0, 0.0] [0.944724, 0.0, 0.327869] [-2122.69, 1023.92, -4646.27]]
  resupply_zone__team:i=2
}

entity{
  _template:t="respAircraftInAir"
  respawnbaseType:t="aircraft_fighter"
  transform:m=[[0.111571, 0.0, -0.993756] [0.0, 1.0, 0.0] [0.993756, 0.0, 0.111571] [-1572.52, 1000.0, 1513.45]]
  team:i=1
  maxVehicleOnSpawn:i=1
  respTime:i=120
}

entity{
  _template:t="respAircraftInAir"
  respawnbaseType:t="aircraft_assault"
  transform:m=[[0.00584803, 0.0, -0.999983] [0.0, 1.0, 0.0] [0.999983, 0.0, 0.00584803] [-1572.52, 800.0, 2049.12]]
  team:i=1
  maxVehicleOnSpawn:i=1
  respTime:i=120
}

entity{
  _template:t="respAircraftInAir"
  respawnbaseType:t="aircraft_fighter"
  transform:m=[[0.0943291, 0.0, -0.995541] [0.0, 1.0, 0.0] [0.995541, 0.0, 0.0943291] [-1424.9, 1000.0, 1543.16]]
  team:i=1
  maxVehicleOnSpawn:i=1
  respTime:i=120
}

entity{
  _template:t="respAircraftInAir"
  respawnbaseType:t="aircraft_assault"
  transform:m=[[0.0876048, 0.0, -0.996155] [0.0, 1.0, 0.0] [0.996155, 0.0, 0.0876048] [-1393.7, 800.0, 1511.29]]
  team:i=1
  maxVehicleOnSpawn:i=1
  respTime:i=120
}

entity{
  _template:t="vw_kubelwagen"
  transform:m=[[0.592075, -0.000552469, 0.805883] [-0.113169, 0.990033, 0.0838232] [-0.797897, -0.140831, 0.586111] [-1282.51, 3.65327, -1487.58]]
}

entity{
  _template:t="vw_kubelwagen"
  transform:m=[[0.613635, 0.00723667, 0.789557] [-0.111993, 0.990646, 0.0779604] [-0.781607, -0.136264, 0.608706] [-1278.55, 4.20316, -1489.11]]
}

entity{
  _template:t="vw_kubelwagen"
  transform:m=[[0.558156, -0.00200342, 0.829733] [-0.114098, 0.990312, 0.0791444] [-0.821853, -0.138846, 0.55252] [-1289.27, 3.57287, -1495.59]]
}

entity{
  _template:t="opel_blitz_omnibus"
  transform:m=[[0.585319, 0.00136237, 0.810802] [-0.131324, 0.986954, 0.0931442] [-0.800097, -0.160996, 0.577862] [-1290.58, 2.27979, -1481.01]]
}

entity{
  _template:t="vw_kubelwagen"
  transform:m=[[0.9223, 0.0071679, 0.386409] [-0.0243157, 0.998923, 0.039508] [-0.385709, -0.045834, 0.921481] [-1222.06, 7.78041, -1582.67]]
}

entity{
  _template:t="vw_kubelwagen"
  transform:m=[[0.507497, -0.0171487, 0.861483] [-0.105451, 0.99105, 0.0818489] [-0.855177, -0.132383, 0.501146] [-1285.94, 3.12583, -1485.47]]
}

entity{
  _template:t="opel_blitz_omnibus"
  transform:m=[[-0.010358, -0.0863756, -0.996209] [-0.00434905, 0.996257, -0.0863346] [0.999937, 0.00343831, -0.0106949] [-811.477, 6.20789, -897.319]]
}

entity{
  _template:t="vw_kubelwagen"
  transform:m=[[0.00661296, -0.165612, -0.986169] [-0.0363718, 0.985498, -0.165743] [0.999316, 0.0369648, 0.000493458] [-814.781, 7.43111, -887.343]]
}

entity{
  _template:t="vw_kubelwagen"
  transform:m=[[-0.0796145, -0.0779624, -0.993772] [0.0178694, 0.996665, -0.0796209] [0.996666, -0.0240971, -0.0779558] [-815.476, 6.33687, -895.992]]
}

entity{
  _template:t="vw_kubelwagen"
  transform:m=[[0.903009, -0.0171808, -0.429279] [-0.0214298, 0.996155, -0.0849474] [0.429087, 0.0859076, 0.899168] [-1172.55, 7.90852, -928.795]]
}

entity{
  _template:t="vw_kubelwagen"
  transform:m=[[0.981673, -0.00578436, -0.190483] [0.00628158, 0.999978, 0.00200662] [0.190468, -0.00316638, 0.981688] [-1175.94, 7.82646, -915.166]]
}

entity{
  _template:t="vw_kubelwagen"
  transform:m=[[0.876294, 0.0123878, -0.481618] [-0.0315064, 0.999003, -0.0316297] [0.480746, 0.0428909, 0.875811] [-1175.68, 7.73029, -931.865]]
}

entity{
  _template:t="opel_blitz_omnibus"
  transform:m=[[0.938071, 0.0393578, -0.3442] [-0.0385303, 0.999215, 0.00924676] [0.344293, 0.00458799, 0.938851] [-1178.3, 7.79227, -920.192]]
}

entity{
  _template:t="vw_kubelwagen"
  transform:m=[[0.0153793, -0.139398, -0.990117] [-0.0369298, 0.989479, -0.139882] [0.9992, 0.0387161, 0.0100695] [-807.54, 6.53802, -894.817]]
}

entity{
  _template:t="vw_kubelwagen"
  transform:m=[[0.881766, 0.0180773, -0.471341] [-0.0114705, 0.999792, 0.0168864] [0.471548, -0.00948335, 0.881789] [-1170.32, 8.09934, -924.452]]
}

entity{
  _template:t="vw_kubelwagen"
  transform:m=[[0.978338, 0.0551917, -0.199521] [-0.0686386, 0.995768, -0.0611145] [0.195303, 0.0734854, 0.977986] [-1168.3, 8.18624, -920.375]]
}

entity{
  _template:t="opel_blitz_omnibus"
  transform:m=[[0.953163, 0.0413897, -0.29961] [-0.0510292, 0.998399, -0.0244174] [0.29812, 0.0385626, 0.953749] [-1182.67, 7.58511, -925.45]]
}

entity{
  _template:t="vw_kubelwagen"
  transform:m=[[0.943782, 0.0284509, 0.329343] [-0.0327486, 0.999435, 0.00750778] [-0.328943, -0.0178712, 0.944181] [-1093.0, 11.7663, -1442.95]]
}

entity{
  _template:t="domination_sphere_capzone"
  transform:m=[[1.0, 0.0, 0.0] [0.0, 1.0, 0.0] [0.0, 0.0, 1.0] [-1139.88, 12.0086, -1427.79]]
  capzone__title:t="A"
  capzone__caption:t="capzone/artillery_emplacement"
  sphere_zone__radius:r=42.0
  decal__height:r=5.0
  ui_order:i=1
}

entity{
  _template:t="domination_sphere_capzone"
  transform:m=[[1.0, 0.0, 0.0] [0.0, 1.0, 0.0] [0.0, 0.0, 1.0] [-1240.08, 6.84604, -1117.21]]
  capzone__title:t="B"
  capzone__caption:t="capzone/artillery_emplacement"
  sphere_zone__radius:r=18.5
  decal__height:r=5.0
  ui_order:i=1
}

entity{
  _template:t="domination_sphere_capzone"
  transform:m=[[1.0, 0.0, 0.0] [0.0, 1.0, 0.0] [0.0, 0.0, 1.0] [-871.707, 10.0049, -1054.46]]
  capzone__title:t="C"
  capzone__caption:t="capzone/artillery_emplacement"
  sphere_zone__radius:r=42.0
  decal__height:r=5.0
  ui_order:i=1
}

entity{
  _template:t="vw_kubelwagen"
  transform:m=[[0.0435838, -0.180938, -0.982528] [-0.065415, 0.980836, -0.183528] [0.996906, 0.072271, 0.0309125] [-811.702, 7.65792, -886.876]]
}

entity{
  _template:t="vw_kubelwagen"
  transform:m=[[-0.131902, -0.0433033, -0.990317] [0.0592062, 0.996918, -0.0514777] [0.989493, -0.0654228, -0.128931] [-818.862, 6.45704, -895.874]]
}

entity{
  _template:t="vw_kubelwagen"
  transform:m=[[-0.0487364, -0.146853, -0.987957] [-0.00807175, 0.989158, -0.146634] [0.998779, 0.000828144, -0.0493933] [-818.031, 7.24431, -888.141]]
}

entity{
  _template:t="vw_kubelwagen"
  transform:m=[[0.854892, 0.01774, -0.518503] [-0.0578027, 0.99645, -0.0612108] [0.515577, 0.0822995, 0.852882] [-1194.45, 7.01016, -961.503]]
}

entity{
  _template:t="vw_kubelwagen"
  transform:m=[[0.876835, 0.0559829, -0.477521] [-0.114164, 0.989035, -0.0936802] [0.467041, 0.136658, 0.873612] [-1198.46, 6.33869, -968.021]]
}

entity{
  _template:t="vw_kubelwagen"
  transform:m=[[0.896868, 0.0186127, -0.441907] [-0.0538884, 0.996269, -0.0674067] [0.439004, 0.0842686, 0.894525] [-1194.28, 6.67925, -966.219]]
}

entity{
  _template:t="vw_kubelwagen"
  transform:m=[[0.509032, -0.00569513, 0.860729] [-0.108577, 0.991566, 0.0707728] [-0.853872, -0.129481, 0.50412] [-1292.53, 2.98109, -1492.3]]
}

entity{
  _template:t="vw_kubelwagen"
  transform:m=[[0.558109, -0.0306837, 0.8292] [-0.134421, 0.982773, 0.126841] [-0.818807, -0.182253, 0.54437] [-1284.03, 4.30445, -1497.15]]
}

entity{
  _template:t="vw_kubelwagen"
  transform:m=[[0.924981, 0.0170456, 0.379631] [-0.0393323, 0.997922, 0.051027] [-0.377973, -0.0621308, 0.92373] [-1224.61, 7.54362, -1579.21]]
}

entity{
  _template:t="opel_blitz_omnibus"
  transform:m=[[0.515787, -0.0469526, 0.855429] [-0.126765, 0.983323, 0.130406] [-0.847287, -0.1757, 0.501233] [-1298.45, 2.97902, -1500.71]]
}

entity{
  _template:t="vw_kubelwagen"
  transform:m=[[0.561362, -0.0130458, 0.827467] [-0.109005, 0.989998, 0.0895587] [-0.82036, -0.140473, 0.554326] [-1292.46, 3.77936, -1502.73]]
}

entity{
  _template:t="vw_kubelwagen"
  transform:m=[[0.925497, -0.0139523, 0.378499] [-0.00746964, 0.998455, 0.0550698] [-0.378682, -0.0537941, 0.923962] [-1232.08, 7.58912, -1582.27]]
}

entity{
  _template:t="vw_kubelwagen"
  transform:m=[[0.187599, 0.109355, 0.976139] [-0.0317013, 0.99394, -0.105257] [-0.981734, -0.0111988, 0.189929] [-1319.28, 10.826, -1287.75]]
}

entity{
  _template:t="vw_kubelwagen"
  transform:m=[[0.269924, 0.0756971, 0.959902] [-0.0752868, 0.995512, -0.0573347] [-0.959934, -0.0567919, 0.274411] [-1322.79, 10.6789, -1286.62]]
}

entity{
  _template:t="vw_kubelwagen"
  transform:m=[[0.260937, -0.00163993, 0.965354] [-0.025203, 0.999646, 0.0085106] [-0.965027, -0.0265505, 0.260804] [-1326.62, 10.4925, -1287.0]]
}

entity{
  _template:t="opel_blitz_omnibus"
  transform:m=[[0.13059, 0.0380565, 0.990706] [0.055137, 0.997438, -0.045583] [-0.989902, 0.0605772, 0.128157] [-1342.11, 10.7843, -1271.55]]
}

entity{
  _template:t="vw_kubelwagen"
  transform:m=[[0.194953, -0.121784, 0.973222] [-0.0276053, 0.991187, 0.129562] [-0.980424, -0.0521246, 0.189873] [-1322.12, 11.2847, -1296.79]]
}

entity{
  _template:t="vw_kubelwagen"
  transform:m=[[0.205541, -0.0849052, 0.974958] [-0.0574597, 0.993464, 0.0986304] [-0.97696, -0.0762933, 0.199318] [-1325.5, 10.9942, -1294.68]]
}

entity{
  _template:t="vw_kubelwagen"
  transform:m=[[0.99164, 0.0603338, -0.114059] [-0.03827, 0.981697, 0.186565] [0.123227, -0.180641, 0.975799] [-1274.03, 5.29569, -1130.98]]
}

entity{
  _template:t="vw_kubelwagen"
  transform:m=[[0.988492, 0.126124, -0.0835274] [-0.105881, 0.971198, 0.213455] [0.108043, -0.202155, 0.973376] [-1274.97, 4.37368, -1126.29]]
}

entity{
  _template:t="vw_kubelwagen"
  transform:m=[[0.993947, 0.0456435, -0.099931] [-0.0424883, 0.998536, 0.0334786] [0.101313, -0.0290301, 0.994431] [-1267.48, 3.3464, -1098.19]]
}

entity{
  _template:t="vw_kubelwagen"
  transform:m=[[0.992026, 0.0456531, -0.117475] [-0.0450172, 0.998954, 0.0080621] [0.11772, -0.00270942, 0.993043] [-1270.06, 3.3019, -1102.18]]
}

entity{
  _template:t="vw_kubelwagen"
  transform:m=[[0.994267, 0.00681853, -0.106711] [0.01546, 0.978312, 0.206558] [0.105805, -0.207024, 0.972598] [-1276.96, 6.04171, -1135.21]]
}

entity{
  _template:t="vw_kubelwagen"
  transform:m=[[0.990735, 0.0540162, -0.124608] [-0.0484992, 0.997722, 0.0468935] [0.126857, -0.0404156, 0.991097] [-1269.2, 3.09055, -1093.54]]
}

entity{
  _template:t="vw_kubelwagen"
  transform:m=[[0.991749, 0.0569193, -0.114866] [-0.0511779, 0.997318, 0.0523311] [0.117536, -0.0460207, 0.992002] [-1266.91, 3.00848, -1089.28]]
}

entity{
  _template:t="vw_kubelwagen"
  transform:m=[[0.996708, -0.0422079, -0.0692221] [0.0543665, 0.981339, 0.184438] [0.0601456, -0.187594, 0.980403] [-1276.42, 6.86516, -1139.56]]
}

entity{
  _template:t="vw_kubelwagen"
  transform:m=[[0.943597, 0.0323588, 0.329511] [-0.0393274, 0.999121, 0.014503] [-0.328752, -0.0266438, 0.94404] [-1093.5, 11.7788, -1446.94]]
}

entity{
  _template:t="vw_kubelwagen"
  transform:m=[[0.941731, 0.0519797, 0.332327] [-0.0631524, 0.997741, 0.0228999] [-0.330386, -0.0425528, 0.942886] [-1089.71, 12.0605, -1450.06]]
}

entity{
  _template:t="vw_kubelwagen"
  transform:m=[[0.942286, 0.035624, 0.33291] [-0.0433205, 0.998938, 0.0157224] [-0.331996, -0.0292368, 0.942828] [-1093.13, 11.9497, -1454.77]]
}

entity{
  _template:t="vw_kubelwagen"
  transform:m=[[0.00866838, -0.00875342, -0.999924] [-0.00653127, 0.99994, -0.00881018] [0.999941, 0.00660714, 0.00861069] [-828.126, 13.3868, -1089.5]]
}

entity{
  _template:t="vw_kubelwagen"
  transform:m=[[-0.0931107, 0.0103704, -0.995602] [-0.00387435, 0.999934, 0.0107778] [0.995648, 0.00486085, -0.0930644] [-821.688, 13.424, -1091.06]]
}

entity{
  _template:t="vw_kubelwagen"
  transform:m=[[0.00499099, 0.00286629, -0.999983] [-0.00758803, 0.999967, 0.00282837] [0.999959, 0.00757378, 0.00501258] [-815.81, 13.3583, -1087.56]]
}

entity{
  _template:t="vw_kubelwagen"
  transform:m=[[0.00630878, 0.0114652, -0.999914] [-0.032343, 0.999413, 0.0112554] [0.999457, 0.0322692, 0.00667589] [-809.605, 13.513, -1091.69]]
}

entity{
  _template:t="vw_kubelwagen"
  transform:m=[[-0.330658, -0.0564897, -0.942059] [0.0463512, 0.99603, -0.0759951] [0.942612, -0.0687939, -0.326727] [-911.206, 12.6278, -871.94]]
}

entity{
  _template:t="vw_kubelwagen"
  transform:m=[[-0.33452, -0.0524085, -0.94093] [0.0470676, 0.996277, -0.0722248] [0.941213, -0.0684479, -0.330808] [-907.336, 12.2903, -874.328]]
}

entity{
  _template:t="vw_kubelwagen"
  transform:m=[[-0.332474, -0.0633042, -0.940986] [0.0522884, 0.994973, -0.0854109] [0.941662, -0.0775995, -0.327492] [-917.666, 13.0046, -871.143]]
}

entity{
  _template:t="vw_kubelwagen"
  transform:m=[[0.275778, 0.010443, 0.961165] [-0.112433, 0.993427, 0.0214659] [-0.954623, -0.113986, 0.27514] [-1298.2, 11.5116, -1285.38]]
}

entity{
  _template:t="vw_kubelwagen"
  transform:m=[[0.275393, 0.0123076, 0.961253] [-0.114051, 0.993274, 0.0199574] [-0.954542, -0.115128, 0.274944] [-1296.45, 11.7571, -1289.23]]
}

entity{
  _template:t="ground_effect"
  ground_effect__fx_name:t="land_haze"
  ground_effect__biome_group_name:t="dune"
  ground_effect__grid_cell_size:r=16.0
  ground_effect__grid_world_origin:p2=0.0, 0.0
  ground_effect__vis_radius:r=50.0
  ground_effect__biome_weight_for_active_thr:r=0.25
  ground_effect__fx_radius:r=-1.0
  ground_effect__scale_x:p2=1.3, 0.0
  ground_effect__scale_y:p2=1.3, 0.0
  ground_effect__scale_z:p2=1.3, 0.0
}

entity{
  _template:t="ground_effect"
  ground_effect__fx_name:t="land_dust_storm"
  ground_effect__biome_group_name:t="dune"
  ground_effect__grid_cell_size:r=4.0
  ground_effect__grid_world_origin:p2=0.0, 0.0
  ground_effect__vis_radius:r=50.0
  ground_effect__offset_y:p2=0.4, 0.0
  ground_effect__scale_x:p2=0.3, 0.0
  ground_effect__scale_y:p2=0.3, 0.0
  ground_effect__scale_z:p2=0.3, 0.0
}

entity{
  _template:t="distant_haze"
}