import{
  scene:t="content/enlisted/gamedata/scenes/_volokolamsk_sounds.blk"
  scene:t="content/enlisted/gamedata/scenes/_volokolamsk_winter_biome_fx.blk"
  scene:t="content/enlisted/gamedata/scenes/_volokolamsk_winter_monastery_fx.blk"
}

entity{
  _template:t="minimap_battle_of_moscow_volokolamsk_countryside_winter"
}

entity{
  _template:t="wind"
}

entity{
  _template:t="postfx_color_grading_tonemap_death_alive_enlisted"
}

entity{
  _template:t="shaderVars"

  "shader_vars__vars:object"{
    hmap_displacement_up:r=0.3
    ocean1:c=142, 137, 71, 0
    ocean0:c=76, 63, 5, 0
    ocean_density:r=0.1
    land_selfillum_worldscale:r=0.9
    river1:c=142, 137, 71, 0
    river0:c=76, 63, 5, 0
    hmap_displacement_down:r=-0.15
    puddle_flat_hmap_reduce:r=0.03
    autodetect_land_selfillum_color:p4=0.53, 0.0, 0.0, 0.16
    paint_details_tex:t="volokolamsk_building_colors_tex_palette*"
    land_selfillum_strength:r=32.0
    water_color_noise_size:r=71.0
    river_density:r=0.3
  }
}

entity{
  _template:t="postfx_roundctrl"
}

entity{
  _template:t="door_mult_ent_generator"
  ri_extra_gen__blk:t="content/e_moscow/gamedata/volokolamsk_doors.blk"
}

entity{
  _template:t="session_finalizer"
  session_finalizer__timer:r=10.0
}

entity{
  _template:t="briefing_invasion"
  mission_name:t="volokolamsk_monastery_inv"

  "loading_images:list<t>"{
    item:t="ui/volokolamsk_monastery_01.jpg"
    item:t="ui/volokolamsk_monastery_02.jpg"
    item:t="ui/volokolamsk_monastery_03.jpg"
  }
}

entity{
  _template:t="team_germany_winter+team_narrator_invasion_defence+respawn_creators_team"
  team__countAdd:r=0.5
  team__memberCount:r=0.5
  team__scoreCap:r=5000.0
  team__capturePenalty:r=1001.0
  team__score:r=5000.0
  team__id:i=2
  team__briefing:t="invasion/defenders_goals"
  team__winSubtitle:t="debriefing/won_defence_subtitle"
  team__loseSubtitle:t="debriefing/lost_defence_subtitle"
  team__winTitle:t="debriefing/ger_won_defence"
  team__spawnBotArmy:t="moscow_axis"
}

entity{
  _template:t="team_ussr+team_narrator_invasion_attack+respawn_creators_team"
  team__memberCount:r=0.0
  team__scoreCap:r=1500.0
  team__score:r=1500.0
  team__squadSpawnCost:i=250
  team__firstSpawnCostMul:r=0.0
  team__zeroScoreFailTimer:r=60.0
  team__id:i=1
  team__briefing:t="invasion/attackers_goals"
  team__winSubtitle:t="debriefing/won_invasion_subtitle"
  team__loseSubtitle:t="debriefing/lost_invasion_subtitle"
  team__winTitle:t="debriefing/ussr_won_invasion"
  team__spawnBotArmy:t="moscow_allies"
}

entity{
  _template:t="enemy_attack_marker"
}

entity{
  _template:t="static_cam"
  camera__active:b=yes
  transform:m=[[0.999888, 0.003136, -0.0146576] [-0.00191867, 0.996606, 0.0822962] [0.014866, -0.082259, 0.9965] [-201.538, 74.6709, -446.618]]
}

entity{
  _template:t="group_activator"

  "activator__activateChoice:object"{
    sector_1:r=1.0
  }
}

entity{
  _template:t="defend_zone_chained_sphere+defend_zone_respawnbase"
  capzone__capRewardPartCap:r=1.125
  capzone__onlyTeamCanCapture:i=1
  capzone__curTeamCapturingZone:i=-1
  groupName:t="sector_1"
  capzone__capTime:r=55.0
  capzone__capTeam:i=-1
  transform:m=[[-0.235823, -0.0126018, -0.971715] [0.00525262, 0.999885, -0.0142419] [0.971782, -0.00846257, -0.235729] [-349.162, 4.17615, -409.169]]
  active:b=no
  capzone__decapTime:r=6000.0
  ui_order:i=1
  capzone__capReward:r=250.0
  capzone__icon:t="AAA"
  capzone__caption:t="capzone/artillery_emplacement"
  sphere_zone__radius:r=15.6
  capzone__deactivateAfterTimeout:r=25.0
  capzone__spawnAtZoneTimeout:r=25.0
  capzone__createRespawnBaseForTeam:i=2
  capzone__createRespawnBase:t="respawnBaseGroupActivator"
  capzone__createdRespawnBaseGroup:i=3
  decal__height:r=0.7
  decal__thickness:r=0.4
  capzone__iconOffsetY:r=2.5

  "capzone__activateChoice:object"{
    sector_2:r=1.0
    sector_2_b:r=1.0
  }
}

entity{
  _template:t="defend_zone_chained_box+defend_zone_respawnbase"
  capzone__capRewardPartCap:r=1.25
  capzone__onlyTeamCanCapture:i=1
  capzone__curTeamCapturingZone:i=-1
  groupName:t="sector_2_b"
  capzone__capTime:r=55.0
  capzone__capTeam:i=-1
  transform:m=[[-16.5619, 0.0, -2.16948] [0.0, 3.70389, 0.0] [3.65771, 0.0, -29.7934] [-255.396, 6.05182, -363.873]]
  active:b=no
  capzone__decapTime:r=6000.0
  ui_order:i=2
  capzone__capReward:r=250.0
  capzone__icon:t="AAA"
  capzone__caption:t="capzone/barn"
  capzone__deactivateAfterTimeout:r=25.0
  capzone__spawnAtZoneTimeout:r=25.0
  capzone__createRespawnBaseForTeam:i=2
  capzone__createRespawnBase:t="respawnBaseGroupActivator"
  capzone__createdRespawnBaseGroup:i=8
  decal__thickness:r=0.3
  decal__height:r=0.3

  "capzone__activateChoice:object"{
    sector_3:r=1.0
    sector_3_b:r=1.0
  }
}

entity{
  _template:t="defend_zone_chained_sphere+defend_zone_respawnbase"
  capzone__capRewardPartCap:r=1.375
  capzone__onlyTeamCanCapture:i=1
  capzone__curTeamCapturingZone:i=-1
  groupName:t="sector_3"
  capzone__capTime:r=60.0
  capzone__capTeam:i=-1
  transform:m=[[-0.803827, 0.0365615, -0.593739] [0.00322443, 0.998362, 0.057112] [0.594855, 0.0439938, -0.802629] [-263.383, 3.47778, -270.783]]
  sphere_zone__radius:r=17.0
  sphere_zone__radius:r=17.0
  active:b=no
  capzone__decapTime:r=6000.0
  ui_order:i=3
  capzone__capReward:r=250.0
  capzone__icon:t="AAA"
  capzone__caption:t="capzone/field_headquarters"
  capzone__deactivateAfterTimeout:r=25.0
  capzone__spawnAtZoneTimeout:r=25.0
  capzone__createRespawnBaseForTeam:i=2
  capzone__createRespawnBase:t="respawnBaseGroupActivator"
  capzone__createdRespawnBaseGroup:i=5
  decal__height:r=0.7
  decal__thickness:r=0.4
  capzone__iconOffsetY:r=2.0

  "capzone__activateChoice:object"{
    sector_4:r=1.0
  }
}

entity{
  _template:t="defend_zone_chained_sphere+defend_zone_respawnbase"
  capzone__capRewardPartCap:r=1.5
  capzone__onlyTeamCanCapture:i=1
  capzone__curTeamCapturingZone:i=-1
  groupName:t="sector_4"
  capzone__capTime:r=70.0
  capzone__capTeam:i=-1
  transform:m=[[1.29227, 0.0, -0.511549] [0.0, 1.10884, 0.0] [0.319847, 0.0, 0.808564] [-173.299, 17.346, -190.291]]
  active:b=no
  capzone__decapTime:r=6000.0
  ui_order:i=4
  capzone__capReward:r=250.0
  capzone__icon:t="AAA"
  capzone__caption:t="capzone/gate"
  capzone__deactivateAfterTimeout:r=25.0
  capzone__spawnAtZoneTimeout:r=25.0
  capzone__createRespawnBaseForTeam:i=2
  capzone__createRespawnBase:t="respawnBaseGroupActivator"
  capzone__createdRespawnBaseGroup:i=6
  decal__thickness:r=0.4
  decal__height:r=2.5
  sphere_zone__radius:r=25.0
  capzone__iconOffsetY:r=1.0

  "capzone__activateChoice:object"{
    sector_5:r=1.0
    sector_5_b:r=1.0
    sector_5_c:r=1.0
  }
}

entity{
  _template:t="defend_zone_chained_box+defend_zone_respawnbase"
  capzone__onlyTeamCanCapture:i=1
  capzone__curTeamCapturingZone:i=-1
  groupName:t="sector_5"
  capzone__capTime:r=65.0
  capzone__capTeam:i=-1
  transform:m=[[-7.19019, 0.0, -27.3946] [0.0, 14.8743, 0.0] [27.3946, 0.0, -7.19019] [-113.693, 32.2849, -119.145]]
  active:b=no
  capzone__decapTime:r=6000.0
  ui_order:i=5
  capzone__capReward:r=250.0
  capzone__icon:t="AAA"
  capzone__caption:t="capzone/сathedral"
  capzone__deactivateAfterTimeout:r=25.0
  capzone__spawnAtZoneTimeout:r=25.0
  capzone__createRespawnBaseForTeam:i=2
  capzone__createRespawnBase:t="respawnBaseGroupActivator"
  capzone__createdRespawnBaseGroup:i=7
  decal__thickness:r=0.4
  decal__height:r=0.6
}

entity{
  _template:t="defend_zone_chained_box+defend_zone_respawnbase"
  transform:m=[[-9.40508, 0.0, 12.8541] [0.0, 3.70389, 0.0] [-22.5484, 0.0, -16.5752] [-288.944, 7.29544, -328.18]]
  capzone__capRewardPartCap:r=1.25
  capzone__onlyTeamCanCapture:i=1
  capzone__curTeamCapturingZone:i=-1
  groupName:t="sector_2"
  capzone__capTime:r=65.0
  capzone__capTeam:i=-1
  active:b=no
  capzone__decapTime:r=6000.0
  ui_order:i=2
  capzone__capReward:r=250.0
  capzone__icon:t="AAA"
  capzone__caption:t="capzone/food_storehouse"
  capzone__deactivateAfterTimeout:r=25.0
  capzone__spawnAtZoneTimeout:r=25.0
  capzone__createRespawnBaseForTeam:i=2
  capzone__createRespawnBase:t="respawnBaseGroupActivator"
  capzone__createdRespawnBaseGroup:i=4
  decal__thickness:r=0.3
  decal__height:r=0.3

  "capzone__activateChoice:object"{
    sector_3:r=1.0
    sector_3_b:r=1.0
  }
}

entity{
  _template:t="respawnChooser+respTeam1"
  transform:m=[[0.375665, 0.0, 0.926756] [0.0, 1.0, 0.0] [-0.926756, 0.0, 0.375665] [-351.654, 6.34202, -415.96]]
  groupName:t="sector_2_b"
  active:b=no
  respawnBaseGroup:i=1
}

entity{
  _template:t="respawnChooser+respTeam1"
  transform:m=[[0.552697, 0.0, 0.833383] [0.0, 1.0, 0.0] [-0.833383, 0.0, 0.552697] [-381.015, 6.42556, -392.496]]
  groupName:t="sector_2_b"
  active:b=no
  respawnBaseGroup:i=1
}

entity{
  _template:t="respawnChooser+respTeam1"
  transform:m=[[0.0394886, 0.0, 0.999219] [0.0, 1.0, 0.0] [-0.999219, 0.0, 0.0394886] [-339.532, 6.38878, -477.86]]
  groupName:t="sector_2_b"
  active:b=no
  respawnBaseGroup:i=2
}

entity{
  _template:t="respawnChooser+respTeam1"
  transform:m=[[0.288297, 0.0, 0.957541] [0.0, 1.0, 0.0] [-0.957541, 0.0, 0.288297] [-317.705, 4.05805, -479.284]]
  groupName:t="sector_2_b"
  active:b=no
  respawnBaseGroup:i=2
}

entity{
  _template:t="respawnChooser+respVehicle"
  transform:m=[[1.0, 0.0, 0.0] [0.0, 1.0, 0.0] [0.0, 0.0, 1.0] [-351.884, 4.78824, -485.481]]
  team:i=1
  respawnBaseGroup:i=1
  maxVehicleOnSpawn:i=2
  respTime:i=120
  groupName:t="sector_2_b"
  active:b=no
}

entity{
  _template:t="respawnChooser+respTeam2"
  transform:m=[[0.338592, 0.0, -0.940933] [0.0, 1.0, 0.0] [0.940933, 0.0, 0.338592] [-259.431, 5.59351, -272.54]]
  groupName:t="sector_2_b"
  active:b=no
  respawnBaseGroup:i=1
}

entity{
  _template:t="respawnChooser+respTeam2"
  transform:m=[[-0.934018, 0.0, -0.357224] [0.0, 1.0, 0.0] [0.357224, 0.0, -0.934018] [-205.137, 4.96337, -296.735]]
  groupName:t="sector_2_b"
  active:b=no
  respawnBaseGroup:i=1
}

entity{
  _template:t="respawnChooser+respTeam2"
  transform:m=[[-0.992438, 0.0, -0.122741] [0.0, 1.0, 0.0] [0.122741, 0.0, -0.992438] [-192.203, 3.39659, -280.207]]
  groupName:t="sector_2_b"
  active:b=no
  respawnBaseGroup:i=1
}

entity{
  _template:t="respawnChooser+respVehicle"
  transform:m=[[-0.986691, 0.0, 0.162607] [0.0, 1.0, 0.0] [-0.162607, 0.0, -0.986691] [-102.6, 2.24217, -394.175]]
  team:i=2
  respawnBaseGroup:i=1
  maxVehicleOnSpawn:i=2
  respTime:i=120
  groupName:t="sector_2_b"
  active:b=no
}

entity{
  _template:t="defend_zone_chained_sphere+defend_zone_respawnbase"
  transform:m=[[0.999779, -0.0210052, -0.000756251] [0.0210139, 0.999678, 0.0142388] [0.000456917, -0.0142516, 0.999898] [-208.686, 2.65746, -299.266]]
  capzone__capRewardPartCap:r=1.375
  capzone__onlyTeamCanCapture:i=1
  capzone__curTeamCapturingZone:i=-1
  groupName:t="sector_3_b"
  capzone__capTime:r=75.0
  capzone__capTeam:i=-1
  sphere_zone__radius:r=14.0
  sphere_zone__radius:r=14.0
  active:b=no
  capzone__decapTime:r=6000.0
  ui_order:i=3
  capzone__capReward:r=250.0
  capzone__icon:t="AAA"
  capzone__caption:t="capzone/artillery_emplacement"
  capzone__deactivateAfterTimeout:r=25.0
  capzone__spawnAtZoneTimeout:r=25.0
  capzone__createRespawnBaseForTeam:i=2
  capzone__createRespawnBase:t="respawnBaseGroupActivator"
  capzone__createdRespawnBaseGroup:i=9
  decal__height:r=1.5
  decal__thickness:r=0.4
  capzone__iconOffsetY:r=2.5

  "capzone__activateChoice:object"{
    sector_4:r=1.0
  }
}

entity{
  _template:t="respawnChooser+respTeam2"
  transform:m=[[-0.993699, 0.0, -0.112076] [0.0, 1.0, 0.0] [0.112076, 0.0, -0.993699] [-111.536, 5.78566, -280.733]]
  respawnBaseGroup:i=1
  groupName:t="sector_3_b"
  active:b=no
}

entity{
  _template:t="respawnChooser+respTeam2"
  transform:m=[[-0.999995, 0.0, 0.00307705] [0.0, 1.0, 0.0] [-0.00307705, 0.0, -0.999995] [-113.42, 5.57458, -286.836]]
  respawnBaseGroup:i=1
  groupName:t="sector_3_b"
  active:b=no
}

entity{
  _template:t="respawnChooser+respTeam2"
  transform:m=[[-0.435485, 0.0, -0.900196] [0.0, 1.0, 0.0] [0.900196, 0.0, -0.435485] [-184.272, 18.2479, -175.132]]
  respawnBaseGroup:i=2
  groupName:t="sector_3_b"
  active:b=no
}

entity{
  _template:t="respawnChooser+respTeam2"
  transform:m=[[-0.396673, 0.0, -0.91796] [0.0, 1.0, 0.0] [0.91796, 0.0, -0.396673] [-151.964, 16.3497, -183.504]]
  respawnBaseGroup:i=2
  groupName:t="sector_3_b"
  active:b=no
}

entity{
  _template:t="respawnChooser+respTeam1"
  transform:m=[[0.802431, 0.0, 0.596743] [0.0, 1.0, 0.0] [-0.596743, 0.0, 0.802431] [-328.236, 6.55643, -312.41]]
  respawnBaseGroup:i=1
  groupName:t="sector_3_b"
  active:b=no
}

entity{
  _template:t="respawnChooser+respTeam1"
  transform:m=[[0.00520156, 0.0, 0.999985] [0.0, 1.0, 0.0] [-0.999985, 0.0, 0.00520156] [-336.316, 5.12363, -315.862]]
  respawnBaseGroup:i=1
  groupName:t="sector_3_b"
  active:b=no
}

entity{
  _template:t="respawnChooser+respTeam1"
  transform:m=[[-0.0688494, 0.0, 0.997627] [0.0, 1.0, 0.0] [-0.997627, 0.0, -0.0688494] [-300.877, 6.01992, -376.973]]
  respawnBaseGroup:i=2
  groupName:t="sector_3_b"
  active:b=no
}

entity{
  _template:t="respawnChooser+respTeam1"
  transform:m=[[0.849179, 0.0, 0.528105] [0.0, 1.0, 0.0] [-0.528105, 0.0, 0.849179] [-296.212, 6.01992, -385.962]]
  respawnBaseGroup:i=2
  groupName:t="sector_3_b"
  active:b=no
}

entity{
  _template:t="respawnChooser+respVehicle"
  respTime:i=150
  groupName:t="sector_3_b"
  team:i=2
  maxVehicleOnSpawn:i=2
  transform:m=[[-0.83511, 0.0, -0.550084] [0.0, 1.0, 0.0] [0.550084, 0.0, -0.83511] [-43.7397, 14.0969, -227.698]]
  active:b=no
  respawnBaseGroup:i=1
}

entity{
  _template:t="respawnChooser+respVehicle"
  respTime:i=150
  groupName:t="sector_3_b"
  team:i=1
  maxVehicleOnSpawn:i=2
  transform:m=[[0.828177, 0.0, 0.560468] [0.0, 1.0, 0.0] [-0.560468, 0.0, 0.828177] [-412.998, 3.71998, -415.858]]
  active:b=no
  respawnBaseGroup:i=1
}

entity{
  _template:t="defend_zone_chained_box+defend_zone_respawnbase"
  transform:m=[[24.5536, 0.0, 3.08197] [0.0, 3.71804, 0.0] [-2.3617, 0.0, 18.8572] [-211.06, 22.3847, -75.2027]]
  capzone__onlyTeamCanCapture:i=1
  capzone__curTeamCapturingZone:i=-1
  groupName:t="sector_5_b"
  capzone__capTime:r=75.0
  capzone__capTeam:i=-1
  active:b=no
  capzone__decapTime:r=6000.0
  ui_order:i=5
  capzone__capReward:r=250.0
  capzone__icon:t="AAA"
  capzone__caption:t="capzone/warehouse"
  capzone__deactivateAfterTimeout:r=25.0
  capzone__spawnAtZoneTimeout:r=25.0
  capzone__createRespawnBaseForTeam:i=2
  capzone__createRespawnBase:t="respawnBaseGroupActivator"
  capzone__createdRespawnBaseGroup:i=10
  decal__thickness:r=0.4
  decal__height:r=0.5
}

entity{
  _template:t="respawnChooser+respVehicle"
  transform:m=[[-0.986899, 0.0, -0.161346] [0.0, 1.0, 0.0] [0.161346, 0.0, -0.986899] [-14.8075, 8.87675, -8.25805]]
  team:i=2
  respawnBaseGroup:i=1
  maxVehicleOnSpawn:i=2
  respTime:i=120
  groupName:t="sector_5_b"
  active:b=no
}

entity{
  _template:t="respawnChooser+respVehicle"
  transform:m=[[0.897258, 0.0, 0.441507] [0.0, 1.0, 0.0] [-0.441507, 0.0, 0.897258] [-278.613, 5.14666, -294.855]]
  team:i=1
  respawnBaseGroup:i=1
  maxVehicleOnSpawn:i=2
  respTime:i=120
  groupName:t="sector_5_b"
  active:b=no
}

entity{
  _template:t="respawnChooser+respTeam2"
  transform:m=[[-0.145687, 0.0, -0.98933] [0.0, 1.0, 0.0] [0.98933, 0.0, -0.145687] [-299.431, 18.4461, -40.7005]]
  groupName:t="sector_5_b"
  active:b=no
  respawnBaseGroup:i=1
}

entity{
  _template:t="respawnChooser+respTeam2"
  transform:m=[[0.387379, 0.0, -0.92192] [0.0, 1.0, 0.0] [0.92192, 0.0, 0.387379] [-311.209, 18.4388, -41.2806]]
  groupName:t="sector_5_b"
  active:b=no
}

entity{
  _template:t="respawnChooser+respTeam1"
  transform:m=[[0.336354, 0.0, 0.941735] [0.0, 1.0, 0.0] [-0.941735, 0.0, 0.336354] [-189.441, 18.6481, -188.994]]
  groupName:t="sector_5_b"
  active:b=no
}

entity{
  _template:t="respawnChooser+respTeam1"
  transform:m=[[0.372485, 0.0, 0.928038] [0.0, 1.0, 0.0] [-0.928038, 0.0, 0.372485] [-197.404, 18.6384, -178.345]]
  groupName:t="sector_5_b"
  active:b=no
}

entity{
  _template:t="respawnChooser+respTeam1"
  transform:m=[[0.189237, 0.0, 0.981932] [0.0, 1.0, 0.0] [-0.981932, 0.0, 0.189237] [-283.305, 17.2389, -146.389]]
  groupName:t="sector_5_b"
  active:b=no
  respawnBaseGroup:i=2
}

entity{
  _template:t="respawnChooser+respTeam1"
  transform:m=[[0.975266, 0.0, 0.221033] [0.0, 1.0, 0.0] [-0.221033, 0.0, 0.975266] [-293.736, 17.7417, -137.491]]
  groupName:t="sector_5_b"
  active:b=no
  respawnBaseGroup:i=2
}

entity{
  _template:t="respawnChooser+respTeam2"
  transform:m=[[-0.0777989, 0.0, -0.996969] [0.0, 1.0, 0.0] [0.996969, 0.0, -0.0777989] [-120.726, 18.3076, -6.70641]]
  groupName:t="sector_5_b"
  active:b=no
  respawnBaseGroup:i=2
}

entity{
  _template:t="respawnChooser+respTeam2"
  transform:m=[[0.554128, 0.0, -0.832431] [0.0, 1.0, 0.0] [0.832431, 0.0, 0.554128] [-130.575, 18.2568, -11.3188]]
  groupName:t="sector_5_b"
  active:b=no
  respawnBaseGroup:i=2
}

entity{
  _template:t="defend_zone_chained_sphere+defend_zone_respawnbase"
  transform:m=[[1.0, 0.0, 0.0] [0.0, 0.540133, 0.0] [0.0, 0.0, 1.0] [-18.8602, 31.1638, -154.36]]
  capzone__onlyTeamCanCapture:i=1
  capzone__curTeamCapturingZone:i=-1
  groupName:t="sector_5_c"
  capzone__capTime:r=75.0
  capzone__capTeam:i=-1
  active:b=no
  capzone__decapTime:r=6000.0
  ui_order:i=5
  capzone__capReward:r=250.0
  capzone__icon:t="AAA"
  capzone__caption:t="capzone/tower"
  sphere_zone__radius:r=12.3
  capzone__deactivateAfterTimeout:r=25.0
  capzone__spawnAtZoneTimeout:r=25.0
  capzone__createRespawnBaseForTeam:i=2
  capzone__createRespawnBase:t="respawnBaseGroupActivator"
  capzone__createdRespawnBaseGroup:i=11
  decal__thickness:r=0.4
  decal__height:r=0.5
  capzone__iconOffsetY:r=2.0
}

entity{
  _template:t="respawnChooser+respVehicle"
  transform:m=[[0.859929, 0.0, -0.510415] [0.0, 1.0, 0.0] [0.510415, 0.0, 0.859929] [-115.692, 6.78065, 31.1262]]
  team:i=2
  respawnBaseGroup:i=1
  maxVehicleOnSpawn:i=2
  respTime:i=120
  groupName:t="sector_5_c"
  active:b=no
}

entity{
  _template:t="respawnChooser+respVehicle"
  transform:m=[[0.897258, 0.0, 0.441507] [0.0, 1.0, 0.0] [-0.441507, 0.0, 0.897258] [-278.613, 5.14666, -294.855]]
  team:i=1
  respawnBaseGroup:i=1
  maxVehicleOnSpawn:i=2
  respTime:i=120
  groupName:t="sector_5_c"
  active:b=no
}

entity{
  _template:t="respawnChooser+respTeam2"
  transform:m=[[-0.955549, 0.0, -0.294831] [0.0, 1.0, 0.0] [0.294831, 0.0, -0.955549] [-25.4246, 18.4461, -53.9527]]
  groupName:t="sector_5_c"
  active:b=no
  respawnBaseGroup:i=1
}

entity{
  _template:t="respawnChooser+respTeam2"
  transform:m=[[-0.457363, 0.0, -0.88928] [0.0, 1.0, 0.0] [0.88928, 0.0, -0.457363] [-32.9429, 18.4388, -46.7558]]
  groupName:t="sector_5_c"
  active:b=no
}

entity{
  _template:t="respawnChooser+respTeam1"
  transform:m=[[0.336354, 0.0, 0.941735] [0.0, 1.0, 0.0] [-0.941735, 0.0, 0.336354] [-189.441, 18.6481, -188.994]]
  groupName:t="sector_5_c"
  active:b=no
}

entity{
  _template:t="respawnChooser+respTeam1"
  transform:m=[[0.372485, 0.0, 0.928038] [0.0, 1.0, 0.0] [-0.928038, 0.0, 0.372485] [-197.404, 18.6384, -178.345]]
  groupName:t="sector_5_c"
  active:b=no
}

entity{
  _template:t="respawnChooser+respTeam1"
  transform:m=[[0.971101, 0.0, -0.238669] [0.0, 1.0, 0.0] [0.238669, 0.0, 0.971101] [-183.931, 16.999, -197.502]]
  groupName:t="sector_5_c"
  active:b=no
  respawnBaseGroup:i=1
}

entity{
  _template:t="respawnChooser+respTeam2"
  transform:m=[[-0.281364, 0.0, -0.959602] [0.0, 1.0, 0.0] [0.959602, 0.0, -0.281364] [-245.153, 5.82968, -355.506]]
  groupName:t="sector_1"
  active:b=no
}

entity{
  _template:t="respawnChooser+respTeam2"
  transform:m=[[-0.755801, 0.0, 0.654802] [0.0, 1.0, 0.0] [-0.654802, 0.0, -0.755801] [-247.236, 5.05092, -350.467]]
  groupName:t="sector_1"
  active:b=no
}

entity{
  _template:t="respawnChooser+respTeam1"
  transform:m=[[0.96239, 0.0, 0.271671] [0.0, 1.0, 0.0] [-0.271671, 0.0, 0.96239] [-359.965, 4.71732, -533.858]]
  groupName:t="sector_1"
  active:b=no
  respawnBaseGroup:i=2
}

entity{
  _template:t="respawnChooser+respTeam1"
  transform:m=[[0.998123, 0.0, -0.0612417] [0.0, 1.0, 0.0] [0.0612417, 0.0, 0.998123] [-455.875, 4.58682, -497.837]]
  groupName:t="sector_1"
  active:b=no
}

entity{
  _template:t="respawnChooser+respTeam1"
  transform:m=[[-0.234724, 0.0, 0.972062] [0.0, 1.0, 0.0] [-0.972062, 0.0, -0.234724] [-458.015, 5.47248, -496.384]]
  groupName:t="sector_1"
  active:b=no
  respawnBaseGroup:i=1
}

entity{
  _template:t="respawnChooser+respTeam2"
  transform:m=[[-0.752053, 0.0, -0.659102] [0.0, 1.0, 0.0] [0.659102, 0.0, -0.752053] [-297.729, 5.35632, -289.502]]
  groupName:t="sector_1"
  active:b=no
  respawnBaseGroup:i=2
}

entity{
  _template:t="respawnChooser+respTeam2"
  transform:m=[[-0.819381, 0.0, -0.57325] [0.0, 1.0, 0.0] [0.57325, 0.0, -0.819381] [-282.918, 6.01278, -318.043]]
  groupName:t="sector_1"
  active:b=no
  respawnBaseGroup:i=2
}

entity{
  _template:t="respawnChooser+respTeam1"
  transform:m=[[0.150392, 0.0, 0.988626] [0.0, 1.0, 0.0] [-0.988626, 0.0, 0.150392] [-307.241, 4.80009, -527.374]]
  groupName:t="sector_1"
  active:b=no
  respawnBaseGroup:i=2
}

entity{
  _template:t="respawnChooser+respTeam1"
  transform:m=[[-0.091454, 0.0, 0.995809] [0.0, 1.0, 0.0] [-0.995809, 0.0, -0.091454] [-369.283, 4.71732, -536.666]]
  groupName:t="sector_1"
  active:b=no
  respawnBaseGroup:i=2
}

entity{
  _template:t="respawnChooser+respTeam1"
  transform:m=[[0.590455, 0.0, 0.807071] [0.0, 1.0, 0.0] [-0.807071, 0.0, 0.590455] [-301.639, 4.05805, -470.478]]
  groupName:t="sector_2"
  active:b=no
  respawnBaseGroup:i=2
}

entity{
  _template:t="respawnChooser+respTeam2"
  transform:m=[[-0.992349, 0.0, 0.12346] [0.0, 1.0, 0.0] [-0.12346, 0.0, -0.992349] [-203.427, 4.48318, -289.956]]
  groupName:t="sector_2"
  active:b=no
}

entity{
  _template:t="respawnChooser+respTeam2"
  transform:m=[[-0.0819582, 0.0, -0.996635] [0.0, 1.0, 0.0] [0.996635, 0.0, -0.0819582] [-247.469, 3.87724, -255.136]]
  groupName:t="sector_2"
  active:b=no
  respawnBaseGroup:i=2
}

entity{
  _template:t="respawnChooser+respTeam1"
  transform:m=[[-0.245441, 0.0, 0.969411] [0.0, 1.0, 0.0] [-0.969411, 0.0, -0.245441] [-349.012, 5.82103, -459.749]]
  groupName:t="sector_2"
  active:b=no
  respawnBaseGroup:i=2
}

entity{
  _template:t="respawnChooser+respTeam2"
  transform:m=[[-0.536712, 0.0, -0.843765] [0.0, 1.0, 0.0] [0.843765, 0.0, -0.536712] [-251.558, 3.69717, -255.816]]
  groupName:t="sector_2"
  active:b=no
  respawnBaseGroup:i=2
}

entity{
  _template:t="respawnChooser+respTeam1"
  transform:m=[[0.998036, 0.0, 0.0626502] [0.0, 1.0, 0.0] [-0.0626502, 0.0, 0.998036] [-382.13, 5.31037, -400.868]]
  groupName:t="sector_2"
  active:b=no
}

entity{
  _template:t="respawnChooser+respTeam2"
  transform:m=[[-0.36352, 0.0, 0.931586] [0.0, 1.0, 0.0] [-0.931586, 0.0, -0.36352] [-210.635, 5.34687, -299.007]]
  groupName:t="sector_2"
  active:b=no
}

entity{
  _template:t="respawnChooser+respTeam1"
  transform:m=[[0.192039, 0.0, 0.981388] [0.0, 1.0, 0.0] [-0.981388, 0.0, 0.192039] [-387.364, 5.07045, -397.178]]
  respawnBaseGroup:i=1
  groupName:t="sector_2"
  active:b=no
}

entity{
  _template:t="respawnChooser+respTeam2"
  transform:m=[[-0.367021, 0.0, -0.930212] [0.0, 1.0, 0.0] [0.930212, 0.0, -0.367021] [-188.529, 18.9284, -185.39]]
  respawnBaseGroup:i=2
  groupName:t="sector_3"
  active:b=no
}

entity{
  _template:t="respawnChooser+respTeam2"
  transform:m=[[-0.630805, 0.0, -0.775941] [0.0, 1.0, 0.0] [0.775941, 0.0, -0.630805] [-146.767, 17.7321, -191.626]]
  respawnBaseGroup:i=1
  groupName:t="sector_3"
  active:b=no
}

entity{
  _template:t="respawnChooser+respTeam2"
  transform:m=[[-0.393903, 0.0, -0.919151] [0.0, 1.0, 0.0] [0.919151, 0.0, -0.393903] [-194.865, 18.9284, -185.034]]
  groupName:t="sector_3"
  active:b=no
  respawnBaseGroup:i=2
}

entity{
  _template:t="respawnChooser+respTeam1"
  transform:m=[[0.998712, 0.0, 0.0507219] [0.0, 1.0, 0.0] [-0.0507219, 0.0, 0.998712] [-336.779, 5.12363, -323.737]]
  groupName:t="sector_3"
  active:b=no
}

entity{
  _template:t="respawnChooser+respTeam1"
  transform:m=[[-0.0688494, 0.0, 0.997627] [0.0, 1.0, 0.0] [-0.997627, 0.0, -0.0688494] [-300.877, 6.01992, -376.973]]
  groupName:t="sector_3"
  active:b=no
  respawnBaseGroup:i=2
}

entity{
  _template:t="respawnChooser+respTeam2"
  transform:m=[[-0.337663, 0.0, -0.941267] [0.0, 1.0, 0.0] [0.941267, 0.0, -0.337663] [-155.657, 17.9863, -189.829]]
  groupName:t="sector_3"
  active:b=no
}

entity{
  _template:t="respawnChooser+respTeam1"
  transform:m=[[-0.344026, 0.0, 0.938959] [0.0, 1.0, 0.0] [-0.938959, 0.0, -0.344026] [-333.575, 5.12363, -317.239]]
  groupName:t="sector_3"
  active:b=no
}

entity{
  _template:t="respawnChooser+respTeam1"
  transform:m=[[0.686373, 0.0, 0.72725] [0.0, 1.0, 0.0] [-0.72725, 0.0, 0.686373] [-322.477, 6.01992, -354.53]]
  groupName:t="sector_3"
  active:b=no
  respawnBaseGroup:i=2
}

entity{
  _template:t="respawnChooser+respTeam2"
  transform:m=[[-0.955549, 0.0, -0.294831] [0.0, 1.0, 0.0] [0.294831, 0.0, -0.955549] [-25.4246, 18.4461, -53.9527]]
  groupName:t="sector_5"
  active:b=no
  respawnBaseGroup:i=1
}

entity{
  _template:t="respawnChooser+respVehicle"
  respTime:i=150
  groupName:t="sector_1"
  team:i=2
  maxVehicleOnSpawn:i=2
  transform:m=[[-0.607586, 0.0, -0.794254] [0.0, 1.0, 0.0] [0.794254, 0.0, -0.607586] [-229.155, 4.52596, -273.826]]
  active:b=no
  respawnBaseGroup:i=1
}

entity{
  _template:t="respawnChooser+respVehicle"
  respTime:i=150
  groupName:t="sector_1"
  team:i=1
  maxVehicleOnSpawn:i=2
  transform:m=[[-0.675296, 0.0, 0.737548] [0.0, 1.0, 0.0] [-0.737548, 0.0, -0.675296] [-314.388, 4.26453, -600.319]]
  active:b=no
  respawnBaseGroup:i=1
}

entity{
  _template:t="respawnChooser+respVehicle"
  respTime:i=150
  groupName:t="sector_2"
  team:i=2
  maxVehicleOnSpawn:i=2
  transform:m=[[-0.820724, 0.0, 0.571325] [0.0, 1.0, 0.0] [-0.571325, 0.0, -0.820724] [-170.437, 4.89644, -390.047]]
  active:b=no
  respawnBaseGroup:i=1
}

entity{
  _template:t="respawnChooser+respVehicle"
  respTime:i=150
  groupName:t="sector_2"
  team:i=1
  maxVehicleOnSpawn:i=2
  transform:m=[[-0.282694, 0.0, 0.959211] [0.0, 1.0, 0.0] [-0.959211, 0.0, -0.282694] [-352.258, 4.78824, -483.308]]
  active:b=no
  respawnBaseGroup:i=1
}

entity{
  _template:t="respawnChooser+respVehicle"
  respTime:i=150
  groupName:t="sector_3"
  team:i=2
  maxVehicleOnSpawn:i=2
  transform:m=[[-0.869461, 0.0, -0.494003] [0.0, 1.0, 0.0] [0.494003, 0.0, -0.869461] [-52.8809, 14.0969, -234.755]]
  active:b=no
  respawnBaseGroup:i=1
}

entity{
  _template:t="respawnChooser+respVehicle"
  respTime:i=150
  groupName:t="sector_3"
  team:i=1
  maxVehicleOnSpawn:i=2
  transform:m=[[0.828177, 0.0, 0.560468] [0.0, 1.0, 0.0] [-0.560468, 0.0, 0.828177] [-412.998, 3.71998, -415.858]]
  active:b=no
  respawnBaseGroup:i=1
}

entity{
  _template:t="respawnChooser+respTeam2"
  transform:m=[[-0.530644, 0.0, -0.847596] [0.0, 1.0, 0.0] [0.847596, 0.0, -0.530644] [-154.931, 15.9441, -71.6635]]
  respawnBaseGroup:i=2
  active:b=no
  groupName:t="sector_4"
}

entity{
  _template:t="respawnChooser+respTeam2"
  transform:m=[[-0.99272, 0.0, -0.120451] [0.0, 1.0, 0.0] [0.120451, 0.0, -0.99272] [-114.48, 16.4456, -89.7424]]
  groupName:t="sector_4"
  active:b=no
}

entity{
  _template:t="respawnChooser+respTeam1"
  transform:m=[[0.996416, 0.0, -0.0845865] [0.0, 1.0, 0.0] [0.0845865, 0.0, 0.996416] [-274.736, 5.22127, -282.106]]
  groupName:t="sector_4"
  active:b=no
}

entity{
  _template:t="respawnChooser+respTeam1"
  transform:m=[[-0.280956, 0.0, 0.95972] [0.0, 1.0, 0.0] [-0.95972, 0.0, -0.280956] [-253.044, 5.61974, -297.177]]
  groupName:t="sector_4"
  active:b=no
  respawnBaseGroup:i=2
}

entity{
  _template:t="respawnChooser+respTeam2"
  transform:m=[[-0.400703, 0.0, -0.916209] [0.0, 1.0, 0.0] [0.916209, 0.0, -0.400703] [-101.5, 17.3803, -114.987]]
  groupName:t="sector_4"
  active:b=no
}

entity{
  _template:t="respawnChooser+respTeam2"
  transform:m=[[0.1306, 0.0, -0.991436] [0.0, 1.0, 0.0] [0.991436, 0.0, 0.1306] [-202.321, 17.4549, -78.8608]]
  groupName:t="sector_4"
  active:b=no
  respawnBaseGroup:i=2
}

entity{
  _template:t="respawnChooser+respTeam1"
  transform:m=[[0.913962, 0.0, 0.405798] [0.0, 1.0, 0.0] [-0.405798, 0.0, 0.913962] [-212.758, 4.46369, -307.774]]
  groupName:t="sector_4"
  active:b=no
  respawnBaseGroup:i=2
}

entity{
  _template:t="respawnChooser+respTeam1"
  transform:m=[[0.462422, 0.0, 0.88666] [0.0, 1.0, 0.0] [-0.88666, 0.0, 0.462422] [-277.729, 5.22127, -276.831]]
  groupName:t="sector_4"
  active:b=no
}

entity{
  _template:t="respawnChooser+respTeam2"
  transform:m=[[-0.457363, 0.0, -0.88928] [0.0, 1.0, 0.0] [0.88928, 0.0, -0.457363] [-33.0635, 18.4388, -46.6884]]
  groupName:t="sector_5"
  active:b=no
}

entity{
  _template:t="respawnChooser+respTeam1"
  transform:m=[[0.336354, 0.0, 0.941735] [0.0, 1.0, 0.0] [-0.941735, 0.0, 0.336354] [-189.441, 18.6481, -188.994]]
  groupName:t="sector_5"
  active:b=no
}

entity{
  _template:t="respawnChooser+respTeam1"
  transform:m=[[0.372485, 0.0, 0.928038] [0.0, 1.0, 0.0] [-0.928038, 0.0, 0.372485] [-197.404, 18.6384, -178.345]]
  groupName:t="sector_5"
  active:b=no
}

entity{
  _template:t="respawnChooser+respTeam1"
  transform:m=[[-0.421512, 0.0, 0.906823] [0.0, 1.0, 0.0] [-0.906823, 0.0, -0.421512] [-93.9426, 18.1811, -221.325]]
  groupName:t="sector_5"
  active:b=no
  respawnBaseGroup:i=2
}

entity{
  _template:t="respawnChooser+respTeam1"
  transform:m=[[0.169965, 0.0, 0.98545] [0.0, 1.0, 0.0] [-0.98545, 0.0, 0.169965] [-103.916, 18.1811, -220.972]]
  groupName:t="sector_5"
  active:b=no
  respawnBaseGroup:i=2
}

entity{
  _template:t="respawnChooser+respTeam2"
  transform:m=[[-0.0777989, 0.0, -0.996969] [0.0, 1.0, 0.0] [0.996969, 0.0, -0.0777989] [-120.718, 18.3076, -6.71016]]
  groupName:t="sector_5"
  active:b=no
  respawnBaseGroup:i=2
}

entity{
  _template:t="respawnChooser+respTeam2"
  transform:m=[[0.554128, 0.0, -0.832431] [0.0, 1.0, 0.0] [0.832431, 0.0, 0.554128] [-130.806, 18.2568, -11.3569]]
  groupName:t="sector_5"
  active:b=no
  respawnBaseGroup:i=2
}

entity{
  _template:t="respawnChooser+respVehicle"
  transform:m=[[0.170179, 0.0, -0.985414] [0.0, 1.0, 0.0] [0.985414, 0.0, 0.170179] [-53.6265, 16.4992, -69.7503]]
  team:i=2
  respawnBaseGroup:i=1
  maxVehicleOnSpawn:i=2
  respTime:i=120
  groupName:t="sector_4"
  active:b=no
}

entity{
  _template:t="respawnChooser+respVehicle"
  transform:m=[[0.787201, 0.0, 0.616698] [0.0, 1.0, 0.0] [-0.616698, 0.0, 0.787201] [-306.34, 5.64466, -319.244]]
  team:i=1
  respawnBaseGroup:i=1
  maxVehicleOnSpawn:i=2
  respTime:i=120
  groupName:t="sector_4"
  active:b=no
}

entity{
  _template:t="respawnChooser+respVehicle"
  transform:m=[[0.865852, 0.0, -0.500302] [0.0, 1.0, 0.0] [0.500302, 0.0, 0.865852] [-141.054, 6.76381, 46.3053]]
  team:i=2
  respawnBaseGroup:i=1
  maxVehicleOnSpawn:i=2
  respTime:i=120
  groupName:t="sector_5"
  active:b=no
}

entity{
  _template:t="respawnChooser+respVehicle"
  transform:m=[[0.897258, 0.0, 0.441507] [0.0, 1.0, 0.0] [-0.441507, 0.0, 0.897258] [-278.613, 5.14666, -294.855]]
  team:i=1
  respawnBaseGroup:i=1
  maxVehicleOnSpawn:i=2
  respTime:i=120
  groupName:t="sector_5"
  active:b=no
}

entity{
  _template:t="aircraft_box_battle_area"
  transform:m=[[8000.54, 0.0, -8000.38] [0.0, 8000.36, 0.0] [8000.55, 0.0, 8000.12] [-133.617, 240.916, 428.499]]
  battle_area__team:i=-1
}

entity{
  _template:t="respAircraftInAir"
  respawnbaseType:t="aircraft_fighter"
  transform:m=[[-0.677979, 0.0, -0.735082] [0.0, 1.0, 0.0] [0.735082, 0.0, -0.677979] [1325.12, 1000.0, 1447.39]]
  team:i=2
  maxVehicleOnSpawn:i=1
  respTime:i=120
}

entity{
  _template:t="respAircraftInAir"
  respawnbaseType:t="aircraft_assault"
  transform:m=[[-0.677979, 0.0, -0.735082] [0.0, 1.0, 0.0] [0.735082, 0.0, -0.677979] [1203.08, 800.0, 1561.28]]
  team:i=2
  maxVehicleOnSpawn:i=1
  respTime:i=120
}

entity{
  _template:t="respAircraftInAir"
  respawnbaseType:t="aircraft_fighter"
  transform:m=[[-0.677979, 0.0, -0.735082] [0.0, 1.0, 0.0] [0.735082, 0.0, -0.677979] [1203.08, 1000.0, 1561.28]]
  team:i=2
  maxVehicleOnSpawn:i=1
  respTime:i=120
}

entity{
  _template:t="respAircraftInAir"
  respawnbaseType:t="aircraft_assault"
  transform:m=[[-0.677979, 0.0, -0.735082] [0.0, 1.0, 0.0] [0.735082, 0.0, -0.677979] [1346.02, 800.0, 1429.92]]
  team:i=2
  maxVehicleOnSpawn:i=1
  respTime:i=120
}

entity{
  _template:t="resupply_in_air_zone"
  transform:m=[[-0.157002, 0.0, -0.987599] [0.0, 1.0, 0.0] [0.987599, 0.0, -0.157002] [-1834.99, 1000.0, 2880.03]]
  resupply_zone__team:i=2
}

entity{
  _template:t="respAircraftInAir"
  respawnbaseType:t="aircraft_fighter"
  transform:m=[[0.569664, 0.0, 0.821877] [0.0, 1.0, 0.0] [-0.821877, 0.0, 0.569664] [-1427.69, 1000.0, -2298.76]]
  team:i=1
  maxVehicleOnSpawn:i=1
  respTime:i=120
}

entity{
  _template:t="respAircraftInAir"
  respawnbaseType:t="aircraft_assault"
  transform:m=[[0.569664, 0.0, 0.821877] [0.0, 1.0, 0.0] [-0.821877, 0.0, 0.569664] [-1427.69, 800.0, -2298.76]]
  team:i=1
  maxVehicleOnSpawn:i=1
  respTime:i=120
}

entity{
  _template:t="respAircraftInAir"
  respawnbaseType:t="aircraft_fighter"
  transform:m=[[0.569664, 0.0, 0.821877] [0.0, 1.0, 0.0] [-0.821877, 0.0, 0.569664] [-1528.38, 1000.0, -2217.8]]
  team:i=1
  maxVehicleOnSpawn:i=1
  respTime:i=120
}

entity{
  _template:t="respAircraftInAir"
  respawnbaseType:t="aircraft_assault"
  transform:m=[[0.628742, 0.0, 0.777613] [0.0, 1.0, 0.0] [-0.777613, 0.0, 0.628742] [-1553.79, 800.0, -2200.8]]
  team:i=1
  maxVehicleOnSpawn:i=1
  respTime:i=120
}

entity{
  _template:t="resupply_in_air_zone"
  transform:m=[[0.119539, 0.0, 0.992829] [0.0, 1.0, 0.0] [-0.992829, 0.0, 0.119539] [2022.8, 1000.0, -2404.91]]
  resupply_zone__team:i=1
}

entity{
  _template:t="poly_battle_area"
  transform:m=[[1.0, 0.0, 0.0] [0.0, 1.0, 0.0] [0.0, 0.0, 1.0] [0.0, 0.0, 0.0]]
  groupName:t="sector_1"
  active:b=no
  battle_area__team:i=1
  battleAreaId:t="area2_1"
}

entity{
  _template:t="battle_area_polygon_point"
  transform:m=[[0.859014, 0.0, 0.511952] [0.0, 1.0, 0.0] [-0.511952, 0.0, 0.859014] [-254.409, 2.88278, -633.359]]
  battle_area_polygon_point__id:t="point1"
  battle_area_polygon_point__nextId:t="point2"
  battle_area_polygon_point__forBattleAreaId:t="area2_1"
}

entity{
  _template:t="battle_area_polygon_point"
  transform:m=[[0.859014, 0.0, 0.511952] [0.0, 1.0, 0.0] [-0.511952, 0.0, 0.859014] [-201.48, 2.88278, -606.804]]
  battle_area_polygon_point__id:t="point2"
  battle_area_polygon_point__nextId:t="point3"
  battle_area_polygon_point__forBattleAreaId:t="area2_1"
}

entity{
  _template:t="battle_area_polygon_point"
  transform:m=[[0.859014, 0.0, 0.511952] [0.0, 1.0, 0.0] [-0.511952, 0.0, 0.859014] [-214.171, 2.88278, -543.965]]
  battle_area_polygon_point__id:t="point3"
  battle_area_polygon_point__nextId:t="point4"
  battle_area_polygon_point__forBattleAreaId:t="area2_1"
}

entity{
  _template:t="battle_area_polygon_point"
  transform:m=[[0.859014, 0.0, 0.511952] [0.0, 1.0, 0.0] [-0.511952, 0.0, 0.859014] [-271.405, 2.88278, -411.425]]
  battle_area_polygon_point__id:t="point4"
  battle_area_polygon_point__nextId:t="point5"
  battle_area_polygon_point__forBattleAreaId:t="area2_1"
}

entity{
  _template:t="battle_area_polygon_point"
  transform:m=[[0.859014, 0.0, 0.511952] [0.0, 1.0, 0.0] [-0.511952, 0.0, 0.859014] [-298.675, 2.88278, -358.515]]
  battle_area_polygon_point__id:t="point5"
  battle_area_polygon_point__nextId:t="point6"
  battle_area_polygon_point__forBattleAreaId:t="area2_1"
}

entity{
  _template:t="battle_area_polygon_point"
  transform:m=[[0.859014, 0.0, 0.511952] [0.0, 1.0, 0.0] [-0.511952, 0.0, 0.859014] [-398.288, 2.88278, -258.37]]
  battle_area_polygon_point__id:t="point6"
  battle_area_polygon_point__nextId:t="point7"
  battle_area_polygon_point__forBattleAreaId:t="area2_1"
}

entity{
  _template:t="battle_area_polygon_point"
  transform:m=[[0.859014, 0.0, 0.511952] [0.0, 1.0, 0.0] [-0.511952, 0.0, 0.859014] [-471.789, 2.88278, -289.573]]
  battle_area_polygon_point__id:t="point7"
  battle_area_polygon_point__nextId:t="point8"
  battle_area_polygon_point__forBattleAreaId:t="area2_1"
}

entity{
  _template:t="battle_area_polygon_point"
  transform:m=[[0.859014, 0.0, 0.511952] [0.0, 1.0, 0.0] [-0.511952, 0.0, 0.859014] [-493.632, 2.88278, -359.775]]
  battle_area_polygon_point__id:t="point8"
  battle_area_polygon_point__nextId:t="point9"
  battle_area_polygon_point__forBattleAreaId:t="area2_1"
}

entity{
  _template:t="battle_area_polygon_point"
  transform:m=[[0.859014, 0.0, 0.511952] [0.0, 1.0, 0.0] [-0.511952, 0.0, 0.859014] [-487.738, 2.88278, -611.267]]
  battle_area_polygon_point__id:t="point9"
  battle_area_polygon_point__nextId:t="point10"
  battle_area_polygon_point__forBattleAreaId:t="area2_1"
}

entity{
  _template:t="battle_area_polygon_point"
  transform:m=[[0.859014, 0.0, 0.511952] [0.0, 1.0, 0.0] [-0.511952, 0.0, 0.859014] [-405.493, 2.88278, -633.014]]
  battle_area_polygon_point__id:t="point10"
  battle_area_polygon_point__nextId:t="point1"
  battle_area_polygon_point__forBattleAreaId:t="area2_1"
}

entity{
  _template:t="poly_battle_area"
  transform:m=[[1.0, 0.0, 0.0] [0.0, 1.0, 0.0] [0.0, 0.0, 1.0] [0.0, 0.0, 0.0]]
  groupName:t="sector_2"
  active:b=no
  battle_area__team:i=1
  battleAreaId:t="area2_2"
}

entity{
  _template:t="battle_area_polygon_point"
  transform:m=[[0.859014, 0.0, 0.511952] [0.0, 1.0, 0.0] [-0.511952, 0.0, 0.859014] [-307.394, 2.88278, -574.563]]
  battle_area_polygon_point__id:t="point1"
  battle_area_polygon_point__nextId:t="point2"
  battle_area_polygon_point__forBattleAreaId:t="area2_2"
}

entity{
  _template:t="battle_area_polygon_point"
  transform:m=[[0.859014, 0.0, 0.511952] [0.0, 1.0, 0.0] [-0.511952, 0.0, 0.859014] [-257.65, 2.88278, -562.683]]
  battle_area_polygon_point__id:t="point2"
  battle_area_polygon_point__nextId:t="point3"
  battle_area_polygon_point__forBattleAreaId:t="area2_2"
}

entity{
  _template:t="battle_area_polygon_point"
  transform:m=[[0.859014, 0.0, 0.511952] [0.0, 1.0, 0.0] [-0.511952, 0.0, 0.859014] [-214.482, 2.88278, -543.505]]
  battle_area_polygon_point__id:t="point3"
  battle_area_polygon_point__nextId:t="point4"
  battle_area_polygon_point__forBattleAreaId:t="area2_2"
}

entity{
  _template:t="battle_area_polygon_point"
  transform:m=[[0.859014, 0.0, 0.511952] [0.0, 1.0, 0.0] [-0.511952, 0.0, 0.859014] [-249.358, 2.88278, -341.814]]
  battle_area_polygon_point__id:t="point4"
  battle_area_polygon_point__nextId:t="point5"
  battle_area_polygon_point__forBattleAreaId:t="area2_2"
}

entity{
  _template:t="battle_area_polygon_point"
  transform:m=[[0.859014, 0.0, 0.511952] [0.0, 1.0, 0.0] [-0.511952, 0.0, 0.859014] [-329.484, 2.88278, -224.372]]
  battle_area_polygon_point__id:t="point5"
  battle_area_polygon_point__nextId:t="point6"
  battle_area_polygon_point__forBattleAreaId:t="area2_2"
}

entity{
  _template:t="battle_area_polygon_point"
  transform:m=[[0.859014, 0.0, 0.511952] [0.0, 1.0, 0.0] [-0.511952, 0.0, 0.859014] [-405.314, 2.88278, -241.799]]
  battle_area_polygon_point__id:t="point6"
  battle_area_polygon_point__nextId:t="point7"
  battle_area_polygon_point__forBattleAreaId:t="area2_2"
}

entity{
  _template:t="battle_area_polygon_point"
  transform:m=[[0.859014, 0.0, 0.511952] [0.0, 1.0, 0.0] [-0.511952, 0.0, 0.859014] [-471.677, 2.88278, -289.565]]
  battle_area_polygon_point__id:t="point7"
  battle_area_polygon_point__nextId:t="point8"
  battle_area_polygon_point__forBattleAreaId:t="area2_2"
}

entity{
  _template:t="battle_area_polygon_point"
  transform:m=[[0.859014, 0.0, 0.511952] [0.0, 1.0, 0.0] [-0.511952, 0.0, 0.859014] [-493.489, 2.88278, -359.765]]
  battle_area_polygon_point__id:t="point8"
  battle_area_polygon_point__nextId:t="point9"
  battle_area_polygon_point__forBattleAreaId:t="area2_2"
}

entity{
