import{
  scene:t="content/enlisted/gamedata/scenes/_volokolamsk_sounds.blk"
}

entity{
  _template:t="minimap_battle_of_moscow_volokolamsk_countryside_winter"
}

entity{
  _template:t="ground_effect"
  ground_effect__fx_name:t="lava_field_sparks_a_fx"
  ground_effect__biome_group_name:t="burnt_field"
  ground_effect__grid_cell_size:r=8.0
  ground_effect__grid_world_origin:p2=0.0, 0.0
  ground_effect__vis_radius:r=25.0
  ground_effect__offset_y:p2=0.0, 0.0
  ground_effect__scale_x:p2=1.0, 0.0
  ground_effect__scale_y:p2=1.0, 0.0
  ground_effect__scale_z:p2=1.0, 0.0
}

entity{
  _template:t="wind"
}

entity{
  _template:t="postfx_color_grading_tonemap_death_alive_enlisted"
}

entity{
  _template:t="shaderVars"

  "shader_vars__vars:object"{
    hmap_displacement_up:r=0.3
    ocean1:c=142, 137, 71, 0
    ocean0:c=76, 63, 5, 0
    ocean_density:r=0.1
    land_selfillum_worldscale:r=0.9
    river1:c=142, 137, 71, 0
    river0:c=76, 63, 5, 0
    hmap_displacement_down:r=-0.15
    puddle_flat_hmap_reduce:r=0.03
    autodetect_land_selfillum_color:p4=0.53, 0.0, 0.0, 0.16
    paint_details_tex:t="volokolamsk_building_colors_tex_palette*"
    land_selfillum_strength:r=32.0
    water_color_noise_size:r=71.0
    river_density:r=0.3
  }
}

entity{
  _template:t="postfx_roundctrl"
}

entity{
  _template:t="door_mult_ent_generator"
  ri_extra_gen__blk:t="content/e_moscow/gamedata/volokolamsk_doors.blk"
}

entity{
  _template:t="session_finalizer"
  session_finalizer__timer:r=10.0
}

entity{
  _template:t="briefing_domination"
  transform:m=[[1.0, 0.0, 0.0] [0.0, 1.0, 0.0] [0.0, 0.0, 1.0] [0.0, 0.0, 0.0]]
  mission_name:t="volokolamsk_grove_dom"

  "loading_images:list<t>"{
    item:t="ui/volokolamsk_grove_01.jpg"
    item:t="ui/volokolamsk_grove_02.jpg"
    item:t="ui/volokolamsk_grove_03.jpg"
  }
}

entity{
  _template:t="team_ussr+team_narrator_domination+respawn_creators_team"
  team__id:i=1
  team__score:r=2500.0
  team__scoreCap:r=2500.0
  score_bleed__domBleed:r=4.0
  score_bleed__domBleedOn:b=no
  score_bleed__totalDomZoneCount:i=3
  score_bleed__totalDomBleedMul:r=2.0
  score_bleed__totalDomBleedOn:b=no
  team__briefing:t="domination/common_goals"
  team__numZonesCaptured:i=0
  team__deathPenalty:r=2.0
  team__spawnBotArmy:t="moscow_allies"
}

entity{
  _template:t="team_germany_winter+team_narrator_domination+respawn_creators_team"
  team__id:i=2
  team__score:r=2500.0
  team__scoreCap:r=2500.0
  score_bleed__domBleed:r=4.0
  score_bleed__domBleedOn:b=no
  score_bleed__totalDomZoneCount:i=3
  score_bleed__totalDomBleedMul:r=2.0
  score_bleed__totalDomBleedOn:b=no
  team__briefing:t="domination/common_goals"
  team__numZonesCaptured:i=0
  team__deathPenalty:r=2.0
  team__spawnBotArmy:t="moscow_axis"
}

entity{
  _template:t="poly_battle_area"
  transform:m=[[1.0, 0.0, 0.0] [0.0, 1.0, 0.0] [0.0, 0.0, 1.0] [0.0, 0.0, 0.0]]
  battle_area__timeToDamage:r=5.0
  battle_area__damage:r=3.0
  battle_area__team:i=1
  battleAreaId:t="area1"
}

entity{
  _template:t="battle_area_polygon_point"
  transform:m=[[1.0, 0.0, 0.0] [0.0, 1.0, 0.0] [0.0, 0.0, 1.0] [513.052, -2.922, 1632.11]]
  battle_area_polygon_point__id:t="point1"
  battle_area_polygon_point__nextId:t="point2"
  battle_area_polygon_point__forBattleAreaId:t="area1"
}

entity{
  _template:t="battle_area_polygon_point"
  transform:m=[[1.0, 0.0, 0.0] [0.0, 1.0, 0.0] [0.0, 0.0, 1.0] [570.725, -2.922, 1679.83]]
  battle_area_polygon_point__id:t="point2"
  battle_area_polygon_point__nextId:t="point3"
  battle_area_polygon_point__forBattleAreaId:t="area1"
}

entity{
  _template:t="battle_area_polygon_point"
  transform:m=[[1.0, 0.0, 0.0] [0.0, 1.0, 0.0] [0.0, 0.0, 1.0] [718.987, -2.922, 1794.6]]
  battle_area_polygon_point__id:t="point3"
  battle_area_polygon_point__nextId:t="point4"
  battle_area_polygon_point__forBattleAreaId:t="area1"
}

entity{
  _template:t="battle_area_polygon_point"
  transform:m=[[1.0, 0.0, 0.0] [0.0, 1.0, 0.0] [0.0, 0.0, 1.0] [667.909, -2.922, 1876.1]]
  battle_area_polygon_point__id:t="point4"
  battle_area_polygon_point__nextId:t="point5"
  battle_area_polygon_point__forBattleAreaId:t="area1"
}

entity{
  _template:t="battle_area_polygon_point"
  transform:m=[[1.0, 0.0, 0.0] [0.0, 1.0, 0.0] [0.0, 0.0, 1.0] [591.929, -2.922, 1935.45]]
  battle_area_polygon_point__id:t="point5"
  battle_area_polygon_point__nextId:t="point6"
  battle_area_polygon_point__forBattleAreaId:t="area1"
}

entity{
  _template:t="battle_area_polygon_point"
  transform:m=[[1.0, 0.0, 0.0] [0.0, 1.0, 0.0] [0.0, 0.0, 1.0] [447.975, -2.922, 1941.11]]
  battle_area_polygon_point__id:t="point6"
  battle_area_polygon_point__nextId:t="point7"
  battle_area_polygon_point__forBattleAreaId:t="area1"
}

entity{
  _template:t="battle_area_polygon_point"
  transform:m=[[1.0, 0.0, 0.0] [0.0, 1.0, 0.0] [0.0, 0.0, 1.0] [326.644, -2.922, 1857.14]]
  battle_area_polygon_point__id:t="point7"
  battle_area_polygon_point__nextId:t="point8"
  battle_area_polygon_point__forBattleAreaId:t="area1"
}

entity{
  _template:t="battle_area_polygon_point"
  transform:m=[[1.0, 0.0, 0.0] [0.0, 1.0, 0.0] [0.0, 0.0, 1.0] [364.357, -2.922, 1814.26]]
  battle_area_polygon_point__id:t="point8"
  battle_area_polygon_point__nextId:t="point9"
  battle_area_polygon_point__forBattleAreaId:t="area1"
}

entity{
  _template:t="battle_area_polygon_point"
  transform:m=[[1.0, 0.0, 0.0] [0.0, 1.0, 0.0] [0.0, 0.0, 1.0] [386.464, -2.922, 1702.98]]
  battle_area_polygon_point__id:t="point9"
  battle_area_polygon_point__nextId:t="point10"
  battle_area_polygon_point__forBattleAreaId:t="area1"
}

entity{
  _template:t="battle_area_polygon_point"
  transform:m=[[1.0, 0.0, 0.0] [0.0, 1.0, 0.0] [0.0, 0.0, 1.0] [408.544, -2.922, 1677.84]]
  battle_area_polygon_point__id:t="point10"
  battle_area_polygon_point__nextId:t="point1"
  battle_area_polygon_point__forBattleAreaId:t="area1"
}

entity{
  _template:t="poly_battle_area"
  transform:m=[[1.0, 0.0, 0.0] [0.0, 1.0, 0.0] [0.0, 0.0, 1.0] [0.0, 0.0, 0.0]]
  battle_area__timeToDamage:r=5.0
  battle_area__damage:r=3.0
  battle_area__team:i=2
  battleAreaId:t="area2"
}

entity{
  _template:t="battle_area_polygon_point"
  transform:m=[[1.0, 0.0, 0.0] [0.0, 1.0, 0.0] [0.0, 0.0, 1.0] [309.245, -2.922, 1627.84]]
  battle_area_polygon_point__id:t="point1"
  battle_area_polygon_point__nextId:t="point2"
  battle_area_polygon_point__forBattleAreaId:t="area2"
}

entity{
  _template:t="battle_area_polygon_point"
  transform:m=[[1.0, 0.0, 0.0] [0.0, 1.0, 0.0] [0.0, 0.0, 1.0] [389.531, -2.922, 1566.24]]
  battle_area_polygon_point__id:t="point2"
  battle_area_polygon_point__nextId:t="point3"
  battle_area_polygon_point__forBattleAreaId:t="area2"
}

entity{
  _template:t="battle_area_polygon_point"
  transform:m=[[1.0, 0.0, 0.0] [0.0, 1.0, 0.0] [0.0, 0.0, 1.0] [477.19, -2.922, 1539.59]]
  battle_area_polygon_point__id:t="point3"
  battle_area_polygon_point__nextId:t="point4"
  battle_area_polygon_point__forBattleAreaId:t="area2"
}

entity{
  _template:t="battle_area_polygon_point"
  transform:m=[[1.0, 0.0, 0.0] [0.0, 1.0, 0.0] [0.0, 0.0, 1.0] [616.159, -2.922, 1534.41]]
  battle_area_polygon_point__id:t="point4"
  battle_area_polygon_point__nextId:t="point5"
  battle_area_polygon_point__forBattleAreaId:t="area2"
}

entity{
  _template:t="battle_area_polygon_point"
  transform:m=[[1.0, 0.0, 0.0] [0.0, 1.0, 0.0] [0.0, 0.0, 1.0] [631.457, -2.922, 1728.08]]
  battle_area_polygon_point__id:t="point5"
  battle_area_polygon_point__nextId:t="point6"
  battle_area_polygon_point__forBattleAreaId:t="area2"
}

entity{
  _template:t="battle_area_polygon_point"
  transform:m=[[1.0, 0.0, 0.0] [0.0, 1.0, 0.0] [0.0, 0.0, 1.0] [540.806, -2.922, 1822.04]]
  battle_area_polygon_point__id:t="point6"
  battle_area_polygon_point__nextId:t="point7"
  battle_area_polygon_point__forBattleAreaId:t="area2"
}

entity{
  _template:t="battle_area_polygon_point"
  transform:m=[[1.0, 0.0, 0.0] [0.0, 1.0, 0.0] [0.0, 0.0, 1.0] [432.95, -2.922, 1858.75]]
  battle_area_polygon_point__id:t="point7"
  battle_area_polygon_point__nextId:t="point8"
  battle_area_polygon_point__forBattleAreaId:t="area2"
}

entity{
  _template:t="battle_area_polygon_point"
  transform:m=[[1.0, 0.0, 0.0] [0.0, 1.0, 0.0] [0.0, 0.0, 1.0] [400.235, -2.922, 1908.84]]
  battle_area_polygon_point__id:t="point8"
  battle_area_polygon_point__nextId:t="point9"
  battle_area_polygon_point__forBattleAreaId:t="area2"
}

entity{
  _template:t="battle_area_polygon_point"
  transform:m=[[1.0, 0.0, 0.0] [0.0, 1.0, 0.0] [0.0, 0.0, 1.0] [326.596, -2.922, 1857.35]]
  battle_area_polygon_point__id:t="point9"
  battle_area_polygon_point__nextId:t="point10"
  battle_area_polygon_point__forBattleAreaId:t="area2"
}

entity{
  _template:t="battle_area_polygon_point"
  transform:m=[[1.0, 0.0, 0.0] [0.0, 1.0, 0.0] [0.0, 0.0, 1.0] [243.601, -2.922, 1729.37]]
  battle_area_polygon_point__id:t="point10"
  battle_area_polygon_point__nextId:t="point1"
  battle_area_polygon_point__forBattleAreaId:t="area2"
}

entity{
  _template:t="level"
  level__blk:t="content/enlisted/levels/battle_of_moscow_volokolamsk_countryside_winter.blk"
  level__timeRange:p2=5.0, 19.2

  "level__timeVec:array"{
    level_timeVec:r=19.0
  }

  "level__weatherChoice:object"{
    "content/common/gamedata/weather/weather_gray_clouds.blk":r=1.0
  }
}

entity{
  _template:t="water"
  water__strength:r=1.3
}

entity{
  _template:t="enemy_attack_marker"
}

entity{
  _template:t="static_cam"
  camera__active:b=yes
  transform:m=[[-0.765447, 0.00670657, 0.643464] [-0.0909891, 0.988771, -0.118544] [-0.637034, -0.149287, -0.756243] [514.669, 21.0384, 1787.84]]
}

entity{
  _template:t="spawn_switcher"
  swapProbability:r=0.5
  team1:i=2
  team2:i=1
}

entity{
  _template:t="respawn_camera"
  respawnCameraForTeam:i=1
  moveCameraToHeight:r=150.0
  respawnSelectorDistanceMult:r=1.7
  transform:m=[[1.0, 0.0, 0.0] [0.0, 1.0, 0.0] [0.0, 0.0, 1.0] [770.555, 156.183, 1975.54]]
}

entity{
  _template:t="respawn_camera"
  respawnCameraForTeam:i=2
  moveCameraToHeight:r=150.0
  respawnSelectorDistanceMult:r=1.7
  transform:m=[[1.0, 0.0, 0.0] [0.0, 1.0, 0.0] [0.0, 0.0, 1.0] [301.55, 152.06, 1485.27]]
}

entity{
  _template:t="domination_sphere_capzone+capzone_projdecal"
  transform:m=[[0.999962, 0.0084932, 0.0017888] [-0.00852864, 0.999747, 0.0208321] [-0.00161142, -0.0208465, 0.999781] [530.272, 5.6898, 1769.39]]
  capzone__title:t="A"
  capzone__caption:t="capzone/headquarters"
  sphere_zone__radius:r=13.5
  decal__height:r=1.5
  decal__thickness:r=0.4
  capzone__acivateRespawnGroup:i=3
  capzone__iconOffsetY:r=3.0
}

entity{
  _template:t="domination_sphere_capzone+capzone_projdecal"
  transform:m=[[1.0, 0.0, 0.0] [0.0, 0.995566, -0.0940666] [0.0, 0.0940666, 0.995566] [392.458, 6.62146, 1841.27]]
  sphere_zone__radius:r=15.8
  capzone__title:t="B"
  capzone__caption:t="capzone/trench_bunker"
  decal__height:r=2.0
  decal__thickness:r=0.4
  capzone__acivateRespawnGroup:i=4
}

entity{
  _template:t="domination_sphere_capzone+capzone_projdecal"
  transform:m=[[0.999962, 0.0084932, 0.0017888] [-0.00852864, 0.999747, 0.0208321] [-0.00161142, -0.0208465, 0.999781] [447.662, 2.5582, 1701.15]]
  capzone__title:t="C"
  capzone__caption:t="capzone/church"
  sphere_zone__radius:r=13.1
  decal__height:r=1.0
  decal__thickness:r=0.4
  capzone__acivateRespawnGroup:i=5
  capzone__iconOffsetY:r=2.0
}

entity{
  _template:t="respawnChooser+respTeam1"
  transform:m=[[-0.683031, 0.0, -0.73039] [0.0, 1.0, 0.0] [0.73039, 0.0, -0.683031] [470.863, 3.92146, 1876.1]]
  respawnBaseGroup:i=1
}

entity{
  _template:t="respawnChooser+respTeam1"
  transform:m=[[0.0981416, 0.0, -0.995172] [0.0, 1.0, 0.0] [0.995172, 0.0, 0.0981416] [472.995, 3.84789, 1877.89]]
  respawnBaseGroup:i=1
}

entity{
  _template:t="respawnChooser+respTeam1"
  transform:m=[[-0.902381, 0.0, 0.43094] [0.0, 1.0, 0.0] [-0.43094, 0.0, -0.902381] [633.92, 9.40181, 1819.86]]
  respawnBaseGroup:i=2
}

entity{
  _template:t="respawnChooser+respTeam1"
  transform:m=[[-0.449714, 0.000210518, -0.893172] [-0.000367549, 1.0, 0.000420758] [0.893172, 0.000517506, -0.449714] [597.319, 2.20958, 1861.78]]
  respawnBaseGroup:i=2
}

entity{
  _template:t="respawnChooser+respTeam2"
  transform:m=[[-0.263559, 0.0, 0.964645] [0.0, 1.0, 0.0] [-0.964645, 0.0, -0.263559] [367.595, 1.85887, 1612.02]]
  respawnBaseGroup:i=1
}

entity{
  _template:t="respawnChooser+respTeam2"
  transform:m=[[0.786171, 0.0, -0.618012] [0.0, 1.0, 0.0] [0.618012, 0.0, 0.786171] [334.47, 4.54736, 1673.68]]
  respawnBaseGroup:i=1
}

entity{
  _template:t="respawnChooser+respTeam2"
  transform:m=[[0.680285, 0.0, 0.73295] [0.0, 1.0, 0.0] [-0.73295, 0.0, 0.680285] [345.234, 4.06787, 1768.2]]
  respawnBaseGroup:i=2
}

entity{
  _template:t="respawnChooser+respTeam2"
  transform:m=[[0.9787, 0.0, 0.205302] [0.0, 1.0, 0.0] [-0.205302, 0.0, 0.9787] [343.491, 4.57225, 1761.18]]
  respawnBaseGroup:i=2
}

entity{
  _template:t="respawnChooser+respVehicle"
  transform:m=[[-0.999996, 0.0, -0.00275034] [0.0, 1.0, 0.0] [0.00275034, 0.0, -0.999996] [682.899, 10.9372, 1806.06]]
  team:i=1
  respawnBaseGroup:i=1
  maxVehicleOnSpawn:i=2
  respTime:i=120
}

entity{
  _template:t="respawnChooser+respVehicle"
  transform:m=[[0.307571, 0.0, 0.951526] [0.0, 1.0, 0.0] [-0.951526, 0.0, 0.307571] [577.326, 9.08592, 1561.45]]
  team:i=2
  maxVehicleOnSpawn:i=2
  respawnBaseGroup:i=1
  respTime:i=120
}

entity{
  _template:t="aircraft_box_battle_area"
  transform:m=[[8000.38, 0.0, -8000.53] [0.0, 8000.03, 0.0] [8000.12, 0.0, 8000.72] [417.373, 240.916, 1805.53]]
  battle_area__timeToDamage:r=30.0
  battle_area__damage:r=3.0
  battle_area__team:i=-1
}

entity{
  _template:t="respAircraftInAir"
  respawnbaseType:t="aircraft_fighter"
  transform:m=[[-0.762074, 0.0, -0.64749] [0.0, 1.0, 0.0] [0.64749, 0.0, -0.762074] [2204.3, 1000.0, 3112.31]]
  team:i=1
  maxVehicleOnSpawn:i=1
  respTime:i=120
}

entity{
  _template:t="respAircraftInAir"
  respawnbaseType:t="aircraft_assault"
  transform:m=[[-0.762074, 0.0, -0.64749] [0.0, 1.0, 0.0] [0.64749, 0.0, -0.762074] [2192.79, 800.0, 3112.71]]
  team:i=1
  maxVehicleOnSpawn:i=1
  respTime:i=120
}

entity{
  _template:t="respAircraftInAir"
  respawnbaseType:t="aircraft_fighter"
  transform:m=[[-0.762074, 0.0, -0.64749] [0.0, 1.0, 0.0] [0.64749, 0.0, -0.762074] [2081.78, 1000.0, 3230.17]]
  team:i=1
  maxVehicleOnSpawn:i=1
  respTime:i=120
}

entity{
  _template:t="respAircraftInAir"
  respawnbaseType:t="aircraft_assault"
  transform:m=[[-0.762074, 0.0, -0.64749] [0.0, 1.0, 0.0] [0.64749, 0.0, -0.762074] [2081.78, 800.0, 3230.17]]
  team:i=1
  maxVehicleOnSpawn:i=1
  respTime:i=120
}

entity{
  _template:t="resupply_in_air_zone"
  transform:m=[[-0.762074, 0.0, -0.64749] [0.0, 1.0, 0.0] [0.64749, 0.0, -0.762074] [2369.51, 1000.0, 4560.9]]
  resupply_zone__team:i=1
}

entity{
  _template:t="respAircraftInAir"
  respawnbaseType:t="aircraft_fighter"
  transform:m=[[0.758609, 0.0, 0.651546] [0.0, 1.0, 0.0] [-0.651546, 0.0, 0.758609] [-1248.88, 1000.0, 413.846]]
  team:i=2
  maxVehicleOnSpawn:i=1
  respTime:i=120
}

entity{
  _template:t="respAircraftInAir"
  respawnbaseType:t="aircraft_assault"
  transform:m=[[0.758609, 0.0, 0.651546] [0.0, 1.0, 0.0] [-0.651546, 0.0, 0.758609] [-1248.88, 800.0, 413.846]]
  team:i=2
  maxVehicleOnSpawn:i=1
  respTime:i=120
}

entity{
  _template:t="respAircraftInAir"
  respawnbaseType:t="aircraft_fighter"
  transform:m=[[0.758609, 0.0, 0.651546] [0.0, 1.0, 0.0] [-0.651546, 0.0, 0.758609] [-1340.31, 1000.0, 510.116]]
  team:i=2
  maxVehicleOnSpawn:i=1
  respTime:i=120
}

entity{
  _template:t="respAircraftInAir"
  respawnbaseType:t="aircraft_assault"
  transform:m=[[0.758609, 0.0, 0.651546] [0.0, 1.0, 0.0] [-0.651546, 0.0, 0.758609] [-1342.91, 800.0, 521.142]]
  team:i=2
  maxVehicleOnSpawn:i=1
  respTime:i=120
}

entity{
  _template:t="resupply_in_air_zone"
  transform:m=[[0.758609, 0.0, 0.651546] [0.0, 1.0, 0.0] [-0.651546, 0.0, 0.758609] [-1604.22, 1000.0, -965.938]]
  resupply_zone__team:i=2
}

entity{
  _template:t="bonfire_effect_big"
  transform:m=[[-0.830539, 0.105122, 0.546951] [-0.00416435, 0.980827, -0.194835] [-0.556945, -0.164096, -0.814177] [496.847, 9.52862, 1760.25]]
  dmgzone__teamToDamage:i=-1
}

entity{
  _template:t="bonfire_effect_big"
  transform:m=[[-0.830539, 0.105122, 0.546951] [-0.00416435, 0.980827, -0.194835] [-0.556945, -0.164096, -0.814177] [495.703, 9.69166, 1787.54]]
  dmgzone__teamToDamage:i=-1
}

entity{
  _template:t="bonfire_effect_big"
  transform:m=[[-0.830539, 0.105122, 0.546951] [-0.00416435, 0.980827, -0.194835] [-0.556945, -0.164096, -0.814177] [492.713, 9.69166, 1790.84]]
  dmgzone__teamToDamage:i=-1
}

entity{
  _template:t="bonfire_effect_big"
  transform:m=[[-0.830539, 0.105122, 0.546951] [-0.00416435, 0.980827, -0.194835] [-0.556945, -0.164096, -0.814177] [528.978, 7.88285, 1804.41]]
  dmgzone__teamToDamage:i=-1
}

entity{
  _template:t="bonfire_effect_big"
  transform:m=[[-0.830539, 0.105122, 0.546951] [-0.00416435, 0.980827, -0.194835] [-0.556945, -0.164096, -0.814177] [531.553, 8.73788, 1795.33]]
  dmgzone__teamToDamage:i=-1
}

entity{
  _template:t="bonfire_effect_big"
  transform:m=[[-0.830539, 0.105122, 0.546951] [-0.00416435, 0.980827, -0.194835] [-0.556945, -0.164096, -0.814177] [481.818, 5.51313, 1719.1]]
  dmgzone__teamToDamage:i=-1
}

entity{
  _template:t="bonfire_effect_big"
  transform:m=[[-0.830539, 0.105122, 0.546951] [-0.00416435, 0.980827, -0.194835] [-0.556945, -0.164096, -0.814177] [469.685, 9.61573, 1751.64]]
  dmgzone__teamToDamage:i=-1
}

entity{
  _template:t="bonfire_effect_big"
  transform:m=[[-0.830539, 0.105122, 0.546951] [-0.00416435, 0.980827, -0.194835] [-0.556945, -0.164096, -0.814177] [499.027, 4.8925, 1795.72]]
  dmgzone__teamToDamage:i=-1
}

entity{
  _template:t="bonfire_effect_big"
  transform:m=[[-0.830539, 0.105122, 0.546951] [-0.00416435, 0.980827, -0.194835] [-0.556945, -0.164096, -0.814177] [497.13, 11.2081, 1792.71]]
  dmgzone__teamToDamage:i=-1
}

entity{
  _template:t="bonfire_effect_big"
  transform:m=[[-0.830539, 0.105122, 0.546951] [-0.00416435, 0.980827, -0.194835] [-0.556945, -0.164096, -0.814177] [538.58, 6.05121, 1797.27]]
  dmgzone__teamToDamage:i=-1
}

entity{
  _template:t="bonfire_effect_big"
  transform:m=[[-0.830539, 0.105122, 0.546951] [-0.00416435, 0.980827, -0.194835] [-0.556945, -0.164096, -0.814177] [525.994, 12.349, 1747.6]]
  dmgzone__teamToDamage:i=-1
}

entity{
  _template:t="bonfire_effect_big"
  transform:m=[[-0.830539, 0.105122, 0.546951] [-0.00416435, 0.980827, -0.194835] [-0.556945, -0.164096, -0.814177] [523.316, 11.9484, 1737.58]]
  dmgzone__teamToDamage:i=-1
}

entity{
  _template:t="bonfire_effect_big"
  transform:m=[[-0.830539, 0.105122, 0.546951] [-0.00416435, 0.980827, -0.194835] [-0.556945, -0.164096, -0.814177] [499.524, 5.90892, 1763.76]]
  dmgzone__teamToDamage:i=-1
}

entity{
  _template:t="bonfire_effect_big"
  transform:m=[[-0.830539, 0.105122, 0.546951] [-0.00416435, 0.980827, -0.194835] [-0.556945, -0.164096, -0.814177] [504.835, 9.25578, 1760.19]]
  dmgzone__teamToDamage:i=-1
}

entity{
  _template:t="bonfire_effect_big"
  transform:m=[[-0.830539, 0.105122, 0.546951] [-0.00416435, 0.980827, -0.194835] [-0.556945, -0.164096, -0.814177] [500.491, 4.79008, 1787.73]]
  dmgzone__teamToDamage:i=-1
}

entity{
  _template:t="bonfire_effect_big"
  transform:m=[[-0.830539, 0.105122, 0.546951] [-0.00416435, 0.980827, -0.194835] [-0.556945, -0.164096, -0.814177] [490.905, 5.92775, 1788.08]]
  dmgzone__teamToDamage:i=-1
}

entity{
  _template:t="bonfire_effect"
  transform:m=[[-0.830539, 0.105122, 0.546951] [-0.00416435, 0.980827, -0.194835] [-0.556945, -0.164096, -0.814177] [532.247, 11.0545, 1797.17]]
}

entity{
  _template:t="bonfire_effect"
  transform:m=[[-0.830539, 0.105122, 0.546951] [-0.00416435, 0.980827, -0.194835] [-0.556945, -0.164096, -0.814177] [500.559, 6.3854, 1759.13]]
}

entity{
  _template:t="bonfire_effect"
  transform:m=[[-0.830539, 0.105122, 0.546951] [-0.00416435, 0.980827, -0.194835] [-0.556945, -0.164096, -0.814177] [529.756, 8.33002, 1803.58]]
}

entity{
  _template:t="bonfire_effect"
  transform:m=[[-0.830539, 0.105122, 0.546951] [-0.00416435, 0.980827, -0.194835] [-0.556945, -0.164096, -0.814177] [505.368, 9.52862, 1760.65]]
}

entity{
  _template:t="bonfire_effect"
  transform:m=[[-0.830539, 0.105122, 0.546951] [-0.00416435, 0.980827, -0.194835] [-0.556945, -0.164096, -0.814177] [525.23, 12.349, 1746.23]]
}

entity{
  _template:t="bonfire_effect"
  transform:m=[[-0.830539, 0.105122, 0.546951] [-0.00416435, 0.980827, -0.194835] [-0.556945, -0.164096, -0.814177] [499.995, 9.14827, 1789.79]]
}

entity{
  _template:t="bonfire_effect"
  transform:m=[[-0.830539, 0.105122, 0.546951] [-0.00416435, 0.980827, -0.194835] [-0.556945, -0.164096, -0.814177] [467.759, 7.19723, 1753.74]]
}

entity{
  _template:t="bonfire_effect"
  transform:m=[[-0.830539, 0.105122, 0.546951] [-0.00416435, 0.980827, -0.194835] [-0.556945, -0.164096, -0.814177] [467.883, 9.926, 1753.04]]
}

entity{
  _template:t="bonfire_effect"
  transform:m=[[-0.830539, 0.105122, 0.546951] [-0.00416435, 0.980827, -0.194835] [-0.556945, -0.164096, -0.814177] [500.491, 10.3124, 1764.46]]
}

entity{
  _template:t="mbs_desktop_stuff_a"
  transform:m=[[0.35956, 0.0, 0.556264] [0.0, 0.662354, 0.0] [-0.556264, 0.0, 0.35956] [525.413, 10.8858, 1776.19]]
}

entity{
  _template:t="mbs_ger_radio_feld_fu+still_obstacle"
  transform:m=[[0.500739, 0.0, 0.433559] [0.0, 0.662354, 0.0] [-0.433559, 0.0, 0.500739] [525.064, 10.8858, 1776.62]]
}

entity{
  _template:t="bonfire_effect"
  transform:m=[[-0.830539, 0.105122, 0.546951] [-0.00416435, 0.980827, -0.194835] [-0.556945, -0.164096, -0.814177] [471.42, 9.8076, 1723.24]]
}

entity{
  _template:t="respawnChooser+respTeam2"
  transform:m=[[-0.220192, 0.0, 0.975459] [0.0, 1.0, 0.0] [-0.975459, 0.0, -0.220192] [467.358, 1.72042, 1684.96]]
  respawnBaseGroup:i=5
  active:b=no
}

entity{
  _template:t="respawnChooser+respTeam2"
  transform:m=[[0.626937, 0.0, 0.779072] [0.0, 1.0, 0.0] [-0.779072, 0.0, 0.626937] [471.884, 1.85887, 1686.66]]
  respawnBaseGroup:i=5
  active:b=no
}

entity{
  _template:t="respawnChooser+respTeam2"
  transform:m=[[0.233468, 0.0, 0.972367] [0.0, 1.0, 0.0] [-0.972367, 0.0, 0.233468] [524.647, 6.90311, 1736.65]]
  respawnBaseGroup:i=3
  active:b=no
}

entity{
  _template:t="respawnChooser+respTeam2"
  transform:m=[[0.872545, 0.0, -0.488537] [0.0, 1.0, 0.0] [0.488537, 0.0, 0.872545] [352.183, 2.53157, 1814.06]]
  respawnBaseGroup:i=4
  active:b=no
}

entity{
  _template:t="respawnChooser+respTeam1"
  transform:m=[[0.300017, 0.0, -0.953934] [0.0, 1.0, 0.0] [0.953934, 0.0, 0.300017] [551.909, 7.7824, 1784.92]]
  respawnBaseGroup:i=3
  active:b=no
}

entity{
  _template:t="respawnChooser+respTeam2"
  transform:m=[[0.172024, 0.0, 0.985095] [0.0, 1.0, 0.0] [-0.985095, 0.0, 0.172024] [527.459, 6.90311, 1735.82]]
  respawnBaseGroup:i=3
  active:b=no
}

entity{
  _template:t="respawnChooser+respTeam1"
  transform:m=[[0.17811, 0.0, -0.984013] [0.0, 1.0, 0.0] [0.984013, 0.0, 0.17811] [441.568, 5.19315, 1866.58]]
  respawnBaseGroup:i=4
  active:b=no
}

entity{
  _template:t="respawnChooser+respTeam1"
  transform:m=[[-0.238806, 0.0, -0.971069] [0.0, 1.0, 0.0] [0.971069, 0.0, -0.238806] [437.091, 5.10108, 1864.6]]
  respawnBaseGroup:i=4
  active:b=no
}

entity{
  _template:t="bonfire_effect"
  transform:m=[[-0.830539, 0.105122, 0.546951] [-0.00416435, 0.980827, -0.194835] [-0.556945, -0.164096, -0.814177] [391.671, 7.64777, 1830.82]]
}

entity{
  _template:t="respawnChooser+respTeam1"
  transform:m=[[-0.9522, 0.000210518, 0.305475] [0.00035854, 1.0, 0.000428461] [-0.305475, 0.000517506, -0.9522] [632.016, 11.7698, 1784.41]]
  respawnBaseGroup:i=2
}

entity{
  _template:t="respawnChooser+respTeam2"
  transform:m=[[0.43624, 0.0, 0.899833] [0.0, 1.0, 0.0] [-0.899833, 0.0, 0.43624] [371.33, 2.37636, 1618.5]]
  respawnBaseGroup:i=1
}

entity{
  _template:t="resupply_for_ground_vehicle_zone"
  transform:m=[[0.43624, 0.0, 0.899833] [0.0, 1.0, 0.0] [-0.899833, 0.0, 0.43624] [517.36, 4.72105, 1883.11]]
  resupply_zone__team:i=1
}

entity{
  _template:t="resupply_for_ground_vehicle_zone"
  transform:m=[[0.43624, 0.0, 0.899833] [0.0, 1.0, 0.0] [-0.899833, 0.0, 0.43624] [320.371, 4.42612, 1691.37]]
  resupply_zone__team:i=2
}

entity{
  _template:t="bonfire_effect_big"
  transform:m=[[-0.830539, 0.105122, 0.546951] [-0.00416435, 0.980827, -0.194835] [-0.556945, -0.164096, -0.814177] [475.288, 4.77798, 1723.54]]
}

entity{
  _template:t="respawnChooser+respMotorcycle"
  transform:m=[[-0.999996, 0.0, -0.00275034] [0.0, 1.0, 0.0] [0.00275034, 0.0, -0.999996] [682.899, 10.9372, 1806.06]]
  team:i=1
}

entity{
  _template:t="respawnChooser+respMotorcycle"
  transform:m=[[0.307571, 0.0, 0.951526] [0.0, 1.0, 0.0] [-0.951526, 0.0, 0.307571] [577.326, 9.08592, 1561.45]]
  team:i=2
}

entity{
  _template:t="bonfire_effect_big"
  transform:m=[[-0.830539, 0.105122, 0.546951] [-0.00416435, 0.980827, -0.194835] [-0.556945, -0.164096, -0.814177] [572.812, 1.24996, 1753.05]]
}

entity{
  _template:t="bonfire_effect_big"
  transform:m=[[-0.830539, 0.105122, 0.546951] [-0.00416435, 0.980827, -0.194835] [-0.556945, -0.164096, -0.814177] [601.765, 10.2979, 1777.65]]
}

entity{
  _template:t="bonfire_effect_big"
  transform:m=[[-0.830539, 0.105122, 0.546951] [-0.00416435, 0.980827, -0.194835] [-0.556945, -0.164096, -0.814177] [623.866, 1.51511, 1787.4]]
}

entity{
  _template:t="bonfire_effect_big"
  transform:m=[[-0.830539, 0.105122, 0.546951] [-0.00416435, 0.980827, -0.194835] [-0.556945, -0.164096, -0.814177] [627.973, 8.83786, 1812.09]]
}

entity{
  _template:t="bonfire_effect_big"
  transform:m=[[-0.830539, 0.105122, 0.546951] [-0.00416435, 0.980827, -0.194835] [-0.556945, -0.164096, -0.814177] [604.579, 6.81054, 1840.2]]
}

entity{
  _template:t="bonfire_effect_big"
  transform:m=[[-0.830539, 0.105122, 0.546951] [-0.00416435, 0.980827, -0.194835] [-0.556945, -0.164096, -0.814177] [611.999, 6.81054, 1846.08]]
}

entity{
  _template:t="bonfire_effect_big"
  transform:m=[[-0.830539, 0.105122, 0.546951] [-0.00416435, 0.980827, -0.194835] [-0.556945, -0.164096, -0.814177] [651.792, 10.3399, 1818.57]]
}

entity{
  _template:t="bonfire_effect_big"
  transform:m=[[-0.830539, 0.105122, 0.546951] [-0.00416435, 0.980827, -0.194835] [-0.556945, -0.164096, -0.814177] [655.263, 11.9389, 1771.29]]
}

entity{
  _template:t="bonfire_effect_big"
  transform:m=[[-0.830539, 0.105122, 0.546951] [-0.00416435, 0.980827, -0.194835] [-0.556945, -0.164096, -0.814177] [729.724, 8.40889, 1824.79]]
}

entity{
  _template:t="bonfire_effect_big"
  transform:m=[[-0.830539, 0.105122, 0.546951] [-0.00416435, 0.980827, -0.194835] [-0.556945, -0.164096, -0.814177] [736.313, 8.40889, 1779.07]]
}

entity{
  _template:t="bonfire_effect_big"
  transform:m=[[-0.830539, 0.105122, 0.546951] [-0.00416435, 0.980827, -0.194835] [-0.556945, -0.164096, -0.814177] [689.451, 10.4975, 1788.44]]
}