import{
  scene:t="content/enlisted/gamedata/scenes/_volokolamsk_sounds.blk"
  scene:t="content/enlisted/gamedata/scenes/_volokolamsk_winter_biome_fx.blk"
}

entity{
  _template:t="poly_battle_area"
  transform:m=[[1.0, 0.0, 0.0] [0.0, 1.0, 0.0] [0.0, 0.0, 1.0] [0.0, 0.0, 0.0]]
  groupName:t="sector_1"
  active:b=no
  battle_area__team:i=2
  battleAreaId:t="area1_2"
}

entity{
  _template:t="battle_area_polygon_point"
  transform:m=[[0.606046, 0.0, 0.79543] [0.0, 1.0, 0.0] [-0.79543, 0.0, 0.606046] [-484.619, -2.45697, 1622.26]]
  battle_area_polygon_point__id:t="point1"
  battle_area_polygon_point__nextId:t="point2"
  battle_area_polygon_point__forBattleAreaId:t="area1_2"
}

entity{
  _template:t="battle_area_polygon_point"
  transform:m=[[0.606046, 0.0, 0.79543] [0.0, 1.0, 0.0] [-0.79543, 0.0, 0.606046] [-679.218, -2.45697, 1429.64]]
  battle_area_polygon_point__id:t="point2"
  battle_area_polygon_point__nextId:t="point3"
  battle_area_polygon_point__forBattleAreaId:t="area1_2"
}

entity{
  _template:t="battle_area_polygon_point"
  transform:m=[[0.606046, 0.0, 0.79543] [0.0, 1.0, 0.0] [-0.79543, 0.0, 0.606046] [-499.711, -2.45697, 1235.66]]
  battle_area_polygon_point__id:t="point3"
  battle_area_polygon_point__nextId:t="point4"
  battle_area_polygon_point__forBattleAreaId:t="area1_2"
}

entity{
  _template:t="battle_area_polygon_point"
  transform:m=[[0.606046, 0.0, 0.79543] [0.0, 1.0, 0.0] [-0.79543, 0.0, 0.606046] [-423.445, -2.45697, 1197.84]]
  battle_area_polygon_point__id:t="point4"
  battle_area_polygon_point__nextId:t="point5"
  battle_area_polygon_point__forBattleAreaId:t="area1_2"
}

entity{
  _template:t="battle_area_polygon_point"
  transform:m=[[0.606046, 0.0, 0.79543] [0.0, 1.0, 0.0] [-0.79543, 0.0, 0.606046] [-355.938, -2.45697, 1271.06]]
  battle_area_polygon_point__id:t="point5"
  battle_area_polygon_point__nextId:t="point6"
  battle_area_polygon_point__forBattleAreaId:t="area1_2"
}

entity{
  _template:t="battle_area_polygon_point"
  transform:m=[[0.606046, 0.0, 0.79543] [0.0, 1.0, 0.0] [-0.79543, 0.0, 0.606046] [-338.222, -2.45697, 1293.75]]
  battle_area_polygon_point__id:t="point6"
  battle_area_polygon_point__nextId:t="point7"
  battle_area_polygon_point__forBattleAreaId:t="area1_2"
}

entity{
  _template:t="battle_area_polygon_point"
  transform:m=[[0.606046, 0.0, 0.79543] [0.0, 1.0, 0.0] [-0.79543, 0.0, 0.606046] [-241.933, -2.45697, 1395.53]]
  battle_area_polygon_point__id:t="point7"
  battle_area_polygon_point__nextId:t="point1"
  battle_area_polygon_point__forBattleAreaId:t="area1_2"
}

entity{
  _template:t="poly_battle_area"
  transform:m=[[1.0, 0.0, 0.0] [0.0, 1.0, 0.0] [0.0, 0.0, 1.0] [0.0, 0.0, 0.0]]
  groupName:t="sector_1"
  active:b=no
  battle_area__team:i=1
  battleAreaId:t="area1_1"
}

entity{
  _template:t="battle_area_polygon_point"
  transform:m=[[0.606046, 0.0, 0.79543] [0.0, 1.0, 0.0] [-0.79543, 0.0, 0.606046] [-298.608, -2.45697, 1466.5]]
  battle_area_polygon_point__id:t="point1"
  battle_area_polygon_point__nextId:t="point2"
  battle_area_polygon_point__forBattleAreaId:t="area1_1"
}

entity{
  _template:t="battle_area_polygon_point"
  transform:m=[[0.606046, 0.0, 0.79543] [0.0, 1.0, 0.0] [-0.79543, 0.0, 0.606046] [-371.162, -2.45697, 1375.43]]
  battle_area_polygon_point__id:t="point2"
  battle_area_polygon_point__nextId:t="point3"
  battle_area_polygon_point__forBattleAreaId:t="area1_1"
}

entity{
  _template:t="battle_area_polygon_point"
  transform:m=[[0.606046, 0.0, 0.79543] [0.0, 1.0, 0.0] [-0.79543, 0.0, 0.606046] [-400.633, -2.45697, 1363.56]]
  battle_area_polygon_point__id:t="point3"
  battle_area_polygon_point__nextId:t="point4"
  battle_area_polygon_point__forBattleAreaId:t="area1_1"
}

entity{
  _template:t="battle_area_polygon_point"
  transform:m=[[0.606046, 0.0, 0.79543] [0.0, 1.0, 0.0] [-0.79543, 0.0, 0.606046] [-434.187, -2.45697, 1334.52]]
  battle_area_polygon_point__id:t="point4"
  battle_area_polygon_point__nextId:t="point5"
  battle_area_polygon_point__forBattleAreaId:t="area1_1"
}

entity{
  _template:t="battle_area_polygon_point"
  transform:m=[[0.606046, 0.0, 0.79543] [0.0, 1.0, 0.0] [-0.79543, 0.0, 0.606046] [-456.738, -2.45697, 1293.53]]
  battle_area_polygon_point__id:t="point5"
  battle_area_polygon_point__nextId:t="point6"
  battle_area_polygon_point__forBattleAreaId:t="area1_1"
}

entity{
  _template:t="battle_area_polygon_point"
  transform:m=[[0.606046, 0.0, 0.79543] [0.0, 1.0, 0.0] [-0.79543, 0.0, 0.606046] [-461.238, -2.45697, 1257.0]]
  battle_area_polygon_point__id:t="point6"
  battle_area_polygon_point__nextId:t="point7"
  battle_area_polygon_point__forBattleAreaId:t="area1_1"
}

entity{
  _template:t="battle_area_polygon_point"
  transform:m=[[0.606046, 0.0, 0.79543] [0.0, 1.0, 0.0] [-0.79543, 0.0, 0.606046] [-480.296, -2.45697, 1228.93]]
  battle_area_polygon_point__id:t="point7"
  battle_area_polygon_point__nextId:t="point8"
  battle_area_polygon_point__forBattleAreaId:t="area1_1"
}

entity{
  _template:t="battle_area_polygon_point"
  transform:m=[[0.606046, 0.0, 0.79543] [0.0, 1.0, 0.0] [-0.79543, 0.0, 0.606046] [-455.331, -2.45697, 1217.37]]
  battle_area_polygon_point__id:t="point8"
  battle_area_polygon_point__nextId:t="point9"
  battle_area_polygon_point__forBattleAreaId:t="area1_1"
}

entity{
  _template:t="battle_area_polygon_point"
  transform:m=[[0.606046, 0.0, 0.79543] [0.0, 1.0, 0.0] [-0.79543, 0.0, 0.606046] [-259.911, -2.45697, 1120.94]]
  battle_area_polygon_point__id:t="point9"
  battle_area_polygon_point__nextId:t="point10"
  battle_area_polygon_point__forBattleAreaId:t="area1_1"
}

entity{
  _template:t="battle_area_polygon_point"
  transform:m=[[0.606046, 0.0, 0.79543] [0.0, 1.0, 0.0] [-0.79543, 0.0, 0.606046] [-160.268, -2.45697, 1309.7]]
  battle_area_polygon_point__id:t="point10"
  battle_area_polygon_point__nextId:t="point11"
  battle_area_polygon_point__forBattleAreaId:t="area1_1"
}

entity{
  _template:t="battle_area_polygon_point"
  transform:m=[[0.606046, 0.0, 0.79543] [0.0, 1.0, 0.0] [-0.79543, 0.0, 0.606046] [-243.827, -2.45697, 1417.87]]
  battle_area_polygon_point__id:t="point11"
  battle_area_polygon_point__nextId:t="point12"
  battle_area_polygon_point__forBattleAreaId:t="area1_1"
}

entity{
  _template:t="poly_battle_area"
  transform:m=[[1.0, 0.0, 0.0] [0.0, 1.0, 0.0] [0.0, 0.0, 1.0] [0.0, 0.0, 0.0]]
  groupName:t="sector_2"
  active:b=no
  battle_area__team:i=2
  battleAreaId:t="area2_2"
}

entity{
  _template:t="battle_area_polygon_point"
  transform:m=[[0.606046, 0.0, 0.79543] [0.0, 1.0, 0.0] [-0.79543, 0.0, 0.606046] [-328.95, -2.45697, 1478.01]]
  battle_area_polygon_point__id:t="point1"
  battle_area_polygon_point__nextId:t="point2"
  battle_area_polygon_point__forBattleAreaId:t="area2_2"
}

entity{
  _template:t="battle_area_polygon_point"
  transform:m=[[0.606046, 0.0, 0.79543] [0.0, 1.0, 0.0] [-0.79543, 0.0, 0.606046] [-560.94, -2.45697, 1313.25]]
  battle_area_polygon_point__id:t="point2"
  battle_area_polygon_point__nextId:t="point3"
  battle_area_polygon_point__forBattleAreaId:t="area2_2"
}

entity{
  _template:t="battle_area_polygon_point"
  transform:m=[[0.606046, 0.0, 0.79543] [0.0, 1.0, 0.0] [-0.79543, 0.0, 0.606046] [-479.435, -2.45697, 1223.08]]
  battle_area_polygon_point__id:t="point3"
  battle_area_polygon_point__nextId:t="point4"
  battle_area_polygon_point__forBattleAreaId:t="area2_2"
}

entity{
  _template:t="battle_area_polygon_point"
  transform:m=[[0.606046, 0.0, 0.79543] [0.0, 1.0, 0.0] [-0.79543, 0.0, 0.606046] [-318.439, -2.45697, 1137.39]]
  battle_area_polygon_point__id:t="point4"
  battle_area_polygon_point__nextId:t="point5"
  battle_area_polygon_point__forBattleAreaId:t="area2_2"
}

entity{
  _template:t="battle_area_polygon_point"
  transform:m=[[0.606046, 0.0, 0.79543] [0.0, 1.0, 0.0] [-0.79543, 0.0, 0.606046] [-284.469, -2.45697, 1174.27]]
  battle_area_polygon_point__id:t="point5"
  battle_area_polygon_point__nextId:t="point6"
  battle_area_polygon_point__forBattleAreaId:t="area2_2"
}

entity{
  _template:t="battle_area_polygon_point"
  transform:m=[[0.606046, 0.0, 0.79543] [0.0, 1.0, 0.0] [-0.79543, 0.0, 0.606046] [-260.923, -2.19799, 1207.69]]
  battle_area_polygon_point__id:t="point6"
  battle_area_polygon_point__nextId:t="point7"
  battle_area_polygon_point__forBattleAreaId:t="area2_2"
}

entity{
  _template:t="battle_area_polygon_point"
  transform:m=[[0.606046, 0.0, 0.79543] [0.0, 1.0, 0.0] [-0.79543, 0.0, 0.606046] [-223.988, -2.45697, 1273.79]]
  battle_area_polygon_point__id:t="point7"
  battle_area_polygon_point__nextId:t="point8"
  battle_area_polygon_point__forBattleAreaId:t="area2_2"
}

entity{
  _template:t="battle_area_polygon_point"
  transform:m=[[0.606046, 0.0, 0.79543] [0.0, 1.0, 0.0] [-0.79543, 0.0, 0.606046] [-202.226, -2.45697, 1365.36]]
  battle_area_polygon_point__id:t="point8"
  battle_area_polygon_point__nextId:t="point9"
  battle_area_polygon_point__forBattleAreaId:t="area2_2"
}

entity{
  _template:t="battle_area_polygon_point"
  transform:m=[[0.606046, 0.0, 0.79543] [0.0, 1.0, 0.0] [-0.79543, 0.0, 0.606046] [-236.395, -2.45697, 1416.76]]
  battle_area_polygon_point__id:t="point9"
  battle_area_polygon_point__nextId:t="point1"
  battle_area_polygon_point__forBattleAreaId:t="area2_2"
}

entity{
  _template:t="poly_battle_area"
  transform:m=[[1.0, 0.0, 0.0] [0.0, 1.0, 0.0] [0.0, 0.0, 1.0] [0.0, 0.0, 0.0]]
  groupName:t="sector_2"
  active:b=no
  battle_area__team:i=1
  battleAreaId:t="area2_1"
}

entity{
  _template:t="battle_area_polygon_point"
  transform:m=[[0.606046, 0.0, 0.79543] [0.0, 1.0, 0.0] [-0.79543, 0.0, 0.606046] [-114.096, -2.45697, 1253.41]]
  battle_area_polygon_point__id:t="point1"
  battle_area_polygon_point__nextId:t="point2"
  battle_area_polygon_point__forBattleAreaId:t="area2_1"
}

entity{
  _template:t="battle_area_polygon_point"
  transform:m=[[0.606046, 0.0, 0.79543] [0.0, 1.0, 0.0] [-0.79543, 0.0, 0.606046] [-160.556, -2.45697, 1308.56]]
  battle_area_polygon_point__id:t="point2"
  battle_area_polygon_point__nextId:t="point3"
  battle_area_polygon_point__forBattleAreaId:t="area2_1"
}

entity{
  _template:t="battle_area_polygon_point"
  transform:m=[[0.606046, 0.0, 0.79543] [0.0, 1.0, 0.0] [-0.79543, 0.0, 0.606046] [-219.746, -2.45697, 1386.14]]
  battle_area_polygon_point__id:t="point3"
  battle_area_polygon_point__nextId:t="point4"
  battle_area_polygon_point__forBattleAreaId:t="area2_1"
}

entity{
  _template:t="battle_area_polygon_point"
  transform:m=[[0.606046, 0.0, 0.79543] [0.0, 1.0, 0.0] [-0.79543, 0.0, 0.606046] [-348.577, -2.45697, 1289.1]]
  battle_area_polygon_point__id:t="point4"
  battle_area_polygon_point__nextId:t="point5"
  battle_area_polygon_point__forBattleAreaId:t="area2_1"
}

entity{
  _template:t="battle_area_polygon_point"
  transform:m=[[0.606046, 0.0, 0.79543] [0.0, 1.0, 0.0] [-0.79543, 0.0, 0.606046] [-394.271, -2.45697, 1187.03]]
  battle_area_polygon_point__id:t="point5"
  battle_area_polygon_point__nextId:t="point6"
  battle_area_polygon_point__forBattleAreaId:t="area2_1"
}

entity{
  _template:t="battle_area_polygon_point"
  transform:m=[[0.606046, 0.0, 0.79543] [0.0, 1.0, 0.0] [-0.79543, 0.0, 0.606046] [-332.21, -2.45697, 1153.96]]
  battle_area_polygon_point__id:t="point6"
  battle_area_polygon_point__nextId:t="point7"
  battle_area_polygon_point__forBattleAreaId:t="area2_1"
}

entity{
  _template:t="battle_area_polygon_point"
  transform:m=[[0.606046, 0.0, 0.79543] [0.0, 1.0, 0.0] [-0.79543, 0.0, 0.606046] [-120.128, -2.45697, 1034.81]]
  battle_area_polygon_point__id:t="point7"
  battle_area_polygon_point__nextId:t="point8"
  battle_area_polygon_point__forBattleAreaId:t="area2_1"
}

entity{
  _template:t="battle_area_polygon_point"
  transform:m=[[0.606046, 0.0, 0.79543] [0.0, 1.0, 0.0] [-0.79543, 0.0, 0.606046] [-26.0613, -2.45697, 1165.85]]
  battle_area_polygon_point__id:t="point8"
  battle_area_polygon_point__nextId:t="point1"
  battle_area_polygon_point__forBattleAreaId:t="area2_1"
}

entity{
  _template:t="poly_battle_area"
  transform:m=[[1.0, 0.0, 0.0] [0.0, 1.0, 0.0] [0.0, 0.0, 1.0] [0.0, 0.0, 0.0]]
  groupName:t="sector_3"
  active:b=no
  battle_area__team:i=2
  battleAreaId:t="area3_2"
}

entity{
  _template:t="battle_area_polygon_point"
  transform:m=[[0.606046, 0.0, 0.79543] [0.0, 1.0, 0.0] [-0.79543, 0.0, 0.606046] [-287.5, -2.45697, 1423.13]]
  battle_area_polygon_point__id:t="point1"
  battle_area_polygon_point__nextId:t="point2"
  battle_area_polygon_point__forBattleAreaId:t="area3_2"
}

entity{
  _template:t="battle_area_polygon_point"
  transform:m=[[0.606046, 0.0, 0.79543] [0.0, 1.0, 0.0] [-0.79543, 0.0, 0.606046] [-461.513, -2.45697, 1213.35]]
  battle_area_polygon_point__id:t="point2"
  battle_area_polygon_point__nextId:t="point3"
  battle_area_polygon_point__forBattleAreaId:t="area3_2"
}

entity{
  _template:t="battle_area_polygon_point"
  transform:m=[[0.606046, 0.0, 0.79543] [0.0, 1.0, 0.0] [-0.79543, 0.0, 0.606046] [-225.113, -2.45697, 1086.75]]
  battle_area_polygon_point__id:t="point3"
  battle_area_polygon_point__nextId:t="point4"
  battle_area_polygon_point__forBattleAreaId:t="area3_2"
}

entity{
  _template:t="battle_area_polygon_point"
  transform:m=[[0.606046, 0.0, 0.79543] [0.0, 1.0, 0.0] [-0.79543, 0.0, 0.606046] [-104.679, -2.45697, 1245.21]]
  battle_area_polygon_point__id:t="point4"
  battle_area_polygon_point__nextId:t="point1"
  battle_area_polygon_point__forBattleAreaId:t="area3_2"
}

entity{
  _template:t="poly_battle_area"
  transform:m=[[1.0, 0.0, 0.0] [0.0, 1.0, 0.0] [0.0, 0.0, 1.0] [0.0, 0.0, 0.0]]
  groupName:t="sector_3"
  active:b=no
  battle_area__team:i=1
  battleAreaId:t="area3_1"
}

entity{
  _template:t="battle_area_polygon_point"
  transform:m=[[0.606046, 0.0, 0.79543] [0.0, 1.0, 0.0] [-0.79543, 0.0, 0.606046] [-178.16, -2.45697, 1308.39]]
  battle_area_polygon_point__id:t="point1"
  battle_area_polygon_point__nextId:t="point2"
  battle_area_polygon_point__forBattleAreaId:t="area3_1"
}

entity{
  _template:t="battle_area_polygon_point"
  transform:m=[[0.606046, 0.0, 0.79543] [0.0, 1.0, 0.0] [-0.79543, 0.0, 0.606046] [-308.11, -2.45697, 1140.3]]
  battle_area_polygon_point__id:t="point2"
  battle_area_polygon_point__nextId:t="point3"
  battle_area_polygon_point__forBattleAreaId:t="area3_1"
}

entity{
  _template:t="battle_area_polygon_point"
  transform:m=[[0.606046, 0.0, 0.79543] [0.0, 1.0, 0.0] [-0.79543, 0.0, 0.606046] [-27.9239, -2.45697, 976.571]]
  battle_area_polygon_point__id:t="point3"
  battle_area_polygon_point__nextId:t="point4"
  battle_area_polygon_point__forBattleAreaId:t="area3_1"
}

entity{
  _template:t="battle_area_polygon_point"
  transform:m=[[0.606046, 0.0, 0.79543] [0.0, 1.0, 0.0] [-0.79543, 0.0, 0.606046] [81.6244, -2.45697, 1063.78]]
  battle_area_polygon_point__id:t="point4"
  battle_area_polygon_point__nextId:t="point1"
  battle_area_polygon_point__forBattleAreaId:t="area3_1"
}

entity{
  _template:t="poly_battle_area"
  transform:m=[[1.0, 0.0, 0.0] [0.0, 1.0, 0.0] [0.0, 0.0, 1.0] [0.0, 0.0, 0.0]]
  groupName:t="sector_4"
  active:b=no
  battle_area__team:i=2
  battleAreaId:t="area4_2"
}

entity{
  _template:t="battle_area_polygon_point"
  transform:m=[[0.606046, 0.0, 0.79543] [0.0, 1.0, 0.0] [-0.79543, 0.0, 0.606046] [-221.646, -2.45697, 1359.22]]
  battle_area_polygon_point__id:t="point1"
  battle_area_polygon_point__nextId:t="point2"
  battle_area_polygon_point__forBattleAreaId:t="area4_2"
}

entity{
  _template:t="battle_area_polygon_point"
  transform:m=[[0.606046, 0.0, 0.79543] [0.0, 1.0, 0.0] [-0.79543, 0.0, 0.606046] [-372.592, -2.45697, 1166.06]]
  battle_area_polygon_point__id:t="point2"
  battle_area_polygon_point__nextId:t="point3"
  battle_area_polygon_point__forBattleAreaId:t="area4_2"
}

entity{
  _template:t="battle_area_polygon_point"
  transform:m=[[0.606046, 0.0, 0.79543] [0.0, 1.0, 0.0] [-0.79543, 0.0, 0.606046] [-114.498, -2.45697, 1028.62]]
  battle_area_polygon_point__id:t="point3"
  battle_area_polygon_point__nextId:t="point4"
  battle_area_polygon_point__forBattleAreaId:t="area4_2"
}

entity{
  _template:t="battle_area_polygon_point"
  transform:m=[[0.606046, 0.0, 0.79543] [0.0, 1.0, 0.0] [-0.79543, 0.0, 0.606046] [-13.0863, -2.45697, 1157.52]]
  battle_area_polygon_point__id:t="point4"
  battle_area_polygon_point__nextId:t="point1"
  battle_area_polygon_point__forBattleAreaId:t="area4_2"
}

entity{
  _template:t="poly_battle_area"
  transform:m=[[1.0, 0.0, 0.0] [0.0, 1.0, 0.0] [0.0, 0.0, 1.0] [0.0, 0.0, 0.0]]
  groupName:t="sector_4"
  active:b=no
  battle_area__team:i=1
  battleAreaId:t="area4_1"
}

entity{
  _template:t="battle_area_polygon_point"
  transform:m=[[0.606046, 0.0, 0.79543] [0.0, 1.0, 0.0] [-0.79543, 0.0, 0.606046] [-37.6641, -2.45697, 1245.48]]
  battle_area_polygon_point__id:t="point1"
  battle_area_polygon_point__nextId:t="point2"
  battle_area_polygon_point__forBattleAreaId:t="area4_1"
}

entity{
  _template:t="battle_area_polygon_point"
  transform:m=[[0.606046, 0.0, 0.79543] [0.0, 1.0, 0.0] [-0.79543, 0.0, 0.606046] [-105.826, -2.45697, 1249.34]]
  battle_area_polygon_point__id:t="point2"
  battle_area_polygon_point__nextId:t="point3"
  battle_area_polygon_point__forBattleAreaId:t="area4_1"
}

entity{
  _template:t="battle_area_polygon_point"
  transform:m=[[0.606046, 0.0, 0.79543] [0.0, 1.0, 0.0] [-0.79543, 0.0, 0.606046] [-198.378, -2.45697, 1129.14]]
  battle_area_polygon_point__id:t="point3"
  battle_area_polygon_point__nextId:t="point4"
  battle_area_polygon_point__forBattleAreaId:t="area4_1"
}

entity{
  _template:t="battle_area_polygon_point"
  transform:m=[[0.606046, 0.0, 0.79543] [0.0, 1.0, 0.0] [-0.79543, 0.0, 0.606046] [-185.71, -2.45697, 1073.39]]
  battle_area_polygon_point__id:t="point4"
  battle_area_polygon_point__nextId:t="point5"
  battle_area_polygon_point__forBattleAreaId:t="area4_1"
}

entity{
  _template:t="battle_area_polygon_point"
  transform:m=[[0.606046, 0.0, 0.79543] [0.0, 1.0, 0.0] [-0.79543, 0.0, 0.606046] [-73.2072, -2.45697, 1009.86]]
  battle_area_polygon_point__id:t="point5"
  battle_area_polygon_point__nextId:t="point6"
  battle_area_polygon_point__forBattleAreaId:t="area4_1"
}

entity{
  _template:t="battle_area_polygon_point"
  transform:m=[[0.606046, 0.0, 0.79543] [0.0, 1.0, 0.0] [-0.79543, 0.0, 0.606046] [29.984, -2.45697, 939.505]]
  battle_area_polygon_point__id:t="point6"
  battle_area_polygon_point__nextId:t="point7"
  battle_area_polygon_point__forBattleAreaId:t="area4_1"
}

entity{
  _template:t="battle_area_polygon_point"
  transform:m=[[0.606046, 0.0, 0.79543] [0.0, 1.0, 0.0] [-0.79543, 0.0, 0.606046] [85.0385, -2.45697, 977.348]]
  battle_area_polygon_point__id:t="point7"
  battle_area_polygon_point__nextId:t="point8"
  battle_area_polygon_point__forBattleAreaId:t="area4_1"
}

entity{
  _template:t="battle_area_polygon_point"
  transform:m=[[0.606046, 0.0, 0.79543] [0.0, 1.0, 0.0] [-0.79543, 0.0, 0.606046] [112.221, -2.45697, 1029.03]]
  battle_area_polygon_point__id:t="point8"
  battle_area_polygon_point__nextId:t="point9"
  battle_area_polygon_point__forBattleAreaId:t="area4_1"
}

entity{
  _template:t="battle_area_polygon_point"
  transform:m=[[0.606046, 0.0, 0.79543] [0.0, 1.0, 0.0] [-0.79543, 0.0, 0.606046] [104.541, -2.45697, 1093.3]]
  battle_area_polygon_point__id:t="point9"
  battle_area_polygon_point__nextId:t="point1"
  battle_area_polygon_point__forBattleAreaId:t="area4_1"
}

entity{
  _template:t="poly_battle_area"
  transform:m=[[1.0, 0.0, 0.0] [0.0, 1.0, 0.0] [0.0, 0.0, 1.0] [0.0, 0.0, 0.0]]
  groupName:t="sector_5"
  active:b=no
  battle_area__team:i=2
  battleAreaId:t="area5_2"
}

entity{
  _template:t="battle_area_polygon_point"
  transform:m=[[0.606046, 0.0, 0.79543] [0.0, 1.0, 0.0] [-0.79543, 0.0, 0.606046] [-116.133, -2.45697, 1452.52]]
  battle_area_polygon_point__id:t="point1"
  battle_area_polygon_point__nextId:t="point2"
  battle_area_polygon_point__forBattleAreaId:t="area5_2"
}

entity{
  _template:t="battle_area_polygon_point"
  transform:m=[[0.606046, 0.0, 0.79543] [0.0, 1.0, 0.0] [-0.79543, 0.0, 0.606046] [-187.719, -2.45697, 1401.36]]
  battle_area_polygon_point__id:t="point2"
  battle_area_polygon_point__nextId:t="point3"
  battle_area_polygon_point__forBattleAreaId:t="area5_2"
}

entity{
  _template:t="battle_area_polygon_point"
  transform:m=[[0.606046, 0.0, 0.79543] [0.0, 1.0, 0.0] [-0.79543, 0.0, 0.606046] [-222.232, -2.45697, 1358.28]]
  battle_area_polygon_point__id:t="point3"
  battle_area_polygon_point__nextId:t="point4"
  battle_area_polygon_point__forBattleAreaId:t="area5_2"
}

entity{
  _template:t="battle_area_polygon_point"
  transform:m=[[0.606046, 0.0, 0.79543] [0.0, 1.0, 0.0] [-0.79543, 0.0, 0.606046] [-211.315, -2.45697, 1294.42]]
  battle_area_polygon_point__id:t="point4"
  battle_area_polygon_point__nextId:t="point5"
  battle_area_polygon_point__forBattleAreaId:t="area5_2"
}

entity{
  _template:t="battle_area_polygon_point"
  transform:m=[[0.606046, 0.0, 0.79543] [0.0, 1.0, 0.0] [-0.79543, 0.0, 0.606046] [-225.598, -2.45697, 1237.34]]
  battle_area_polygon_point__id:t="point5"
  battle_area_polygon_point__nextId:t="point6"
  battle_area_polygon_point__forBattleAreaId:t="area5_2"
}

entity{
  _template:t="battle_area_polygon_point"
  transform:m=[[0.606046, 0.0, 0.79543] [0.0, 1.0, 0.0] [-0.79543, 0.0, 0.606046] [-242.626, -2.45697, 1170.11]]
  battle_area_polygon_point__id:t="point6"
  battle_area_polygon_point__nextId:t="point7"
  battle_area_polygon_point__forBattleAreaId:t="area5_2"
}

entity{
  _template:t="battle_area_polygon_point"
  transform:m=[[0.606046, 0.0, 0.79543] [0.0, 1.0, 0.0] [-0.79543, 0.0, 0.606046] [-189.605, -2.45697, 1068.01]]
  battle_area_polygon_point__id:t="point7"
  battle_area_polygon_point__nextId:t="point8"
  battle_area_polygon_point__forBattleAreaId:t="area5_2"
}

entity{
  _template:t="battle_area_polygon_point"
  transform:m=[[0.606046, 0.0, 0.79543] [0.0, 1.0, 0.0] [-0.79543, 0.0, 0.606046] [-114.689, -2.45697, 1029.5]]
  battle_area_polygon_point__id:t="point8"
  battle_area_polygon_point__nextId:t="point9"
  battle_area_polygon_point__forBattleAreaId:t="area5_2"
}

entity{
  _template:t="battle_area_polygon_point"
  transform:m=[[0.606046, 0.0, 0.79543] [0.0, 1.0, 0.0] [-0.79543, 0.0, 0.606046] [4.88226, -2.45697, 1045.37]]
  battle_area_polygon_point__id:t="point9"
  battle_area_polygon_point__nextId:t="point10"
  battle_area_polygon_point__forBattleAreaId:t="area5_2"
}

entity{
  _template:t="battle_area_polygon_point"
  transform:m=[[0.606046, 0.0, 0.79543] [0.0, 1.0, 0.0] [-0.79543, 0.0, 0.606046] [105.268, -2.45697, 1176.6]]
  battle_area_polygon_point__id:t="point10"
  battle_area_polygon_point__nextId:t="point11"
  battle_area_polygon_point__forBattleAreaId:t="area5_2"
}

entity{
  _template:t="battle_area_polygon_point"
  transform:m=[[0.606046, 0.0, 0.79543] [0.0, 1.0, 0.0] [-0.79543, 0.0, 0.606046] [73.0901, -2.45697, 1243.59]]
  battle_area_polygon_point__id:t="point11"
  battle_area_polygon_point__nextId:t="point12"
  battle_area_polygon_point__forBattleAreaId:t="area5_2"
}

entity{
  _template:t="battle_area_polygon_point"
  transform:m=[[0.606046, 0.0, 0.79543] [0.0, 1.0, 0.0] [-0.79543, 0.0, 0.606046] [48.6196, -2.45697, 1287.45]]
  battle_area_polygon_point__id:t="point12"
  battle_area_polygon_point__nextId:t="point13"
  battle_area_polygon_point__forBattleAreaId:t="area5_2"
}

entity{
  _template:t="battle_area_polygon_point"
  transform:m=[[0.606046, 0.0, 0.79543] [0.0, 1.0, 0.0] [-0.79543, 0.0, 0.606046] [44.7638, -2.45697, 1316.08]]
  battle_area_polygon_point__id:t="point13"
  battle_area_polygon_point__nextId:t="point14"
  battle_area_polygon_point__forBattleAreaId:t="area5_2"
}

entity{
  _template:t="battle_area_polygon_point"
  transform:m=[[0.606046, 0.0, 0.79543] [0.0, 1.0, 0.0] [-0.79543, 0.0, 0.606046] [33.864, -2.45697, 1362.92]]
  battle_area_polygon_point__id:t="point14"
  battle_area_polygon_point__nextId:t="point15"
  battle_area_polygon_point__forBattleAreaId:t="area5_2"
}

entity{
  _template:t="battle_area_polygon_point"
  transform:m=[[0.606046, 0.0, 0.79543] [0.0, 1.0, 0.0] [-0.79543, 0.0, 0.606046] [-18.6297, -2.45697, 1374.34]]
  battle_area_polygon_point__id:t="point15"
  battle_area_polygon_point__nextId:t="point16"
  battle_area_polygon_point__forBattleAreaId:t="area5_2"
}

entity{
  _template:t="battle_area_polygon_point"
  transform:m=[[0.606046, 0.0, 0.79543] [0.0, 1.0, 0.0] [-0.79543, 0.0, 0.606046] [-84.589, -2.45697, 1416.57]]
  battle_area_polygon_point__id:t="point16"
  battle_area_polygon_point__nextId:t="point1"
  battle_area_polygon_point__forBattleAreaId:t="area5_2"
}

entity{
  _template:t="poly_battle_area"
  transform:m=[[1.0, 0.0, 0.0] [0.0, 1.0, 0.0] [0.0, 0.0, 1.0] [0.0, 0.0, 0.0]]
  groupName:t="sector_5"
  active:b=no
  battle_area__team:i=1
  battleAreaId:t="area5_1"
}

entity{
  _template:t="battle_area_polygon_point"
  transform:m=[[0.606046, 0.0, 0.79543] [0.0, 1.0, 0.0] [-0.79543, 0.0, 0.606046] [141.026, -2.45697, 1436.45]]
  battle_area_polygon_point__id:t="point1"
  battle_area_polygon_point__nextId:t="point2"
  battle_area_polygon_point__forBattleAreaId:t="area5_1"
}

entity{
  _template:t="battle_area_polygon_point"
  transform:m=[[0.606046, 0.0, 0.79543] [0.0, 1.0, 0.0] [-0.79543, 0.0, 0.606046] [-30.3059, -2.45697, 1514.81]]
  battle_area_polygon_point__id:t="point2"
  battle_area_polygon_point__nextId:t="point3"
  battle_area_polygon_point__forBattleAreaId:t="area5_1"
}

entity{
  _template:t="battle_area_polygon_point"
  transform:m=[[0.606046, 0.0, 0.79543] [0.0, 1.0, 0.0] [-0.79543, 0.0, 0.606046] [-77.9939, -2.45697, 1483.34]]
  battle_area_polygon_point__id:t="point3"
  battle_area_polygon_point__nextId:t="point4"
  battle_area_polygon_point__forBattleAreaId:t="area5_1"
}

entity{
  _template:t="battle_area_polygon_point"
  transform:m=[[0.606046, 0.0, 0.79543] [0.0, 1.0, 0.0] [-0.79543, 0.0, 0.606046] [-121.077, -2.45697, 1455.88]]
  battle_area_polygon_point__id:t="point4"
  battle_area_polygon_point__nextId:t="point5"
  battle_area_polygon_point__forBattleAreaId:t="area5_1"
}

entity{
  _template:t="battle_area_polygon_point"
  transform:m=[[0.606046, 0.0, 0.79543] [0.0, 1.0, 0.0] [-0.79543, 0.0, 0.606046] [-187.351, -2.45697, 1402.87]]
  battle_area_polygon_point__id:t="point5"
  battle_area_polygon_point__nextId:t="point6"
  battle_area_polygon_point__forBattleAreaId:t="area5_1"
}

entity{
  _template:t="battle_area_polygon_point"
  transform:m=[[0.606046, 0.0, 0.79543] [0.0, 1.0, 0.0] [-0.79543, 0.0, 0.606046] [-147.995, -2.45697, 1293.87]]
  battle_area_polygon_point__id:t="point6"
  battle_area_polygon_point__nextId:t="point7"
  battle_area_polygon_point__forBattleAreaId:t="area5_1"
}

entity{
  _template:t="battle_area_polygon_point"
  transform:m=[[0.606046, 0.0, 0.79543] [0.0, 1.0, 0.0] [-0.79543, 0.0, 0.606046] [-64.493, -2.45697, 1198.46]]
  battle_area_polygon_point__id:t="point7"
  battle_area_polygon_point__nextId:t="point8"
  battle_area_polygon_point__forBattleAreaId:t="area5_1"
}

entity{
  _template:t="battle_area_polygon_point"
  transform:m=[[0.606046, 0.0, 0.79543] [0.0, 1.0, 0.0] [-0.79543, 0.0, 0.606046] [83.3733, -2.45697, 1056.29]]
  battle_area_polygon_point__id:t="point8"
  battle_area_polygon_point__nextId:t="point9"
  battle_area_polygon_point__forBattleAreaId:t="area5_1"
}

entity{
  _template:t="battle_area_polygon_point"
  transform:m=[[0.606046, 0.0, 0.79543] [0.0, 1.0, 0.0] [-0.79543, 0.0, 0.606046] [188.081, -2.45697, 1216.55]]
  battle_area_polygon_point__id:t="point9"
  battle_area_polygon_point__nextId:t="point10"
  battle_area_polygon_point__forBattleAreaId:t="area5_1"
}

entity{
  _template:t="battle_area_polygon_point"
  transform:m=[[0.606046, 0.0, 0.79543] [0.0, 1.0, 0.0] [-0.79543, 0.0, 0.606046] [274.144, -2.45697, 1367.52]]
  battle_area_polygon_point__id:t="point10"
  battle_area_polygon_point__nextId:t="point1"
  battle_area_polygon_point__forBattleAreaId:t="area5_1"
}

entity{
  _template:t="poly_battle_area"
  transform:m=[[1.0, 0.0, 0.0] [0.0, 1.0, 0.0] [0.0, 0.0, 1.0] [0.0, 0.0, 0.0]]
  groupName:t="sector_2_b"
  active:b=no
  battle_area__team:i=2
  battleAreaId:t="area2_b_2"
}

entity{
  _template:t="battle_area_polygon_point"
  transform:m=[[0.606046, 0.0, 0.79543] [0.0, 1.0, 0.0] [-0.79543, 0.0, 0.606046] [-328.168, -2.45697, 1478.84]]
  battle_area_polygon_point__id:t="point1"
  battle_area_polygon_point__nextId:t="point2"
  battle_area_polygon_point__forBattleAreaId:t="area2_b_2"
}

entity{
  _template:t="battle_area_polygon_point"
  transform:m=[[0.606046, 0.0, 0.79543] [0.0, 1.0, 0.0] [-0.79543, 0.0, 0.606046] [-561.041, -2.45697, 1313.2]]
  battle_area_polygon_point__id:t="point2"
  battle_area_polygon_point__nextId:t="point3"
  battle_area_polygon_point__forBattleAreaId:t="area2_b_2"
}

entity{
  _template:t="battle_area_polygon_point"
  transform:m=[[0.606046, 0.0, 0.79543] [0.0, 1.0, 0.0] [-0.79543, 0.0, 0.606046] [-478.705, -2.45697, 1224.0]]
  battle_area_polygon_point__id:t="point3"
  battle_area_polygon_point__nextId:t="point4"
  battle_area_polygon_point__forBattleAreaId:t="area2_b_2"
}

entity{
  _template:t="battle_area_polygon_point"
  transform:m=[[0.606046, 0.0, 0.79543] [0.0, 1.0, 0.0] [-0.79543, 0.0, 0.606046] [-316.54, -2.45697, 1140.31]]
  battle_area_polygon_point__id:t="point4"
  battle_area_polygon_point__nextId:t="point5"
  battle_area_polygon_point__forBattleAreaId:t="area2_b_2"
}

entity{
  _template:t="battle_area_polygon_point"
  transform:m=[[0.606046, 0.0, 0.79543] [0.0, 1.0, 0.0] [-0.79543, 0.0, 0.606046] [-292.181, -2.45697, 1181.24]]
  battle_area_polygon_point__id:t="point5"
  battle_area_polygon_point__nextId:t="point6"
  battle_area_polygon_point__forBattleAreaId:t="area2_b_2"
}

entity{
  _template:t="battle_area_polygon_point"
  transform:m=[[0.606046, 0.0, 0.79543] [0.0, 1.0, 0.0] [-0.79543, 0.0, 0.606046] [-225.156, -2.45697, 1211.82]]
  battle_area_polygon_point__id:t="point6"
  battle_area_polygon_point__nextId:t="point7"
  battle_area_polygon_point__forBattleAreaId:t="area2_b_2"
}

entity{
  _template:t="battle_area_polygon_point"
  transform:m=[[0.606046, 0.0, 0.79543] [0.0, 1.0, 0.0] [-0.79543, 0.0, 0.606046] [-198.173, -2.45697, 1257.46]]
  battle_area_polygon_point__id:t="point7"
  battle_area_polygon_point__nextId:t="point8"
  battle_area_polygon_point__forBattleAreaId:t="area2_b_2"
}

entity{
  _template:t="battle_area_polygon_point"
  transform:m=[[0.606046, 0.0, 0.79543] [0.0, 1.0, 0.0] [-0.79543, 0.0, 0.606046] [-188.567, -2.45697, 1327.43]]
  battle_area_polygon_point__id:t="point8"
  battle_area_polygon_point__nextId:t="point9"
  battle_area_polygon_point__forBattleAreaId:t="area2_b_2"
}

entity{
  _template:t="battle_area_polygon_point"
  transform:m=[[0.606046, 0.0, 0.79543] [0.0, 1.0, 0.0] [-0.79543, 0.0, 0.606046] [-239.31, -2.45697, 1407.14]]
  battle_area_polygon_point__id:t="point9"
  battle_area_polygon_point__nextId:t="point1"
  battle_area_polygon_point__forBattleAreaId:t="area2_b_2"
}

entity{
  _template:t="poly_battle_area"
  transform:m=[[1.0, 0.0, 0.0] [0.0, 1.0, 0.0] [0.0, 0.0, 1.0] [0.0, 0.0, 0.0]]
  groupName:t="sector_2_b"
  active:b=no
  battle_area__team:i=1
  battleAreaId:t="area2_b_1"
}

entity{
  _template:t="battle_area_polygon_point"
  transform:m=[[0.606046, 0.0, 0.79543] [0.0, 1.0, 0.0] [-0.79543, 0.0, 0.606046] [-120.57, -2.45697, 1262.67]]
  battle_area_polygon_point__id:t="point1"
  battle_area_polygon_point__nextId:t="point2"
  battle_area_polygon_point__forBattleAreaId:t="area2_b_1"
}

entity{
  _template:t="battle_area_polygon_point"
  transform:m=[[0.606046, 0.0, 0.79543] [0.0, 1.0, 0.0] [-0.79543, 0.0, 0.606046] [-178.994, -2.45697, 1345.76]]
  battle_area_polygon_point__id:t="point2"
  battle_area_polygon_point__nextId:t="point3"
  battle_area_polygon_point__forBattleAreaId:t="area2_b_1"
}

entity{
  _template:t="battle_area_polygon_point"
  transform:m=[[0.606046, 0.0, 0.79543] [0.0, 1.0, 0.0] [-0.79543, 0.0, 0.606046] [-229.201, -2.45697, 1399.68]]
  battle_area_polygon_point__id:t="point3"
  battle_area_polygon_point__nextId:t="point4"
  battle_area_polygon_point__forBattleAreaId:t="area2_b_1"
}

entity{
  _template:t="battle_area_polygon_point"
  transform:m=[[0.606046, 0.0, 0.79543] [0.0, 1.0, 0.0] [-0.79543, 0.0, 0.606046] [-342.533, -2.45697, 1302.52]]
  battle_area_polygon_point__id:t="point4"
  battle_area_polygon_point__nextId:t="point5"
  battle_area_polygon_point__forBattleAreaId:t="area2_b_1"
}

entity{
  _template:t="battle_area_polygon_point"
  transform:m=[[0.606046, 0.0, 0.79543] [0.0, 1.0, 0.0] [-0.79543, 0.0, 0.606046] [-383.494, -2.45697, 1181.77]]
  battle_area_polygon_point__id:t="point5"
  battle_area_polygon_point__nextId:t="point6"
  battle_area_polygon_point__forBattleAreaId:t="area2_b_1"
}

entity{
  _template:t="battle_area_polygon_point"
  transform:m=[[0.606046, 0.0, 0.79543] [0.0, 1.0, 0.0] [-0.79543, 0.0, 0.606046] [-307.983, -2.45697, 1141.12]]
  battle_area_polygon_point__id:t="point6"
  battle_area_polygon_point__nextId:t="point7"
  battle_area_polygon_point__forBattleAreaId:t="area2_b_1"
}

entity{
  _template:t="battle_area_polygon_point"
  transform:m=[[0.606046, 0.0, 0.79543] [0.0, 1.0, 0.0] [-0.79543, 0.0, 0.606046] [-112.619, -2.45697, 1031.19]]
  battle_area_polygon_point__id:t="point7"
  battle_area_polygon_point__nextId:t="point8"
  battle_area_polygon_point__forBattleAreaId:t="area2_b_1"
}

entity{
  _template:t="battle_area_polygon_point"
  transform:m=[[0.606046, 0.0, 0.79543] [0.0, 1.0, 0.0] [-0.79543, 0.0, 0.606046] [-15.8175, -2.45697, 1156.45]]
  battle_area_polygon_point__id:t="point8"
  battle_area_polygon_point__nextId:t="point1"
  battle_area_polygon_point__forBattleAreaId:t="area2_b_1"
}

entity{
  _template:t="poly_battle_area"
  transform:m=[[1.0, 0.0, 0.0] [0.0, 1.0, 0.0] [0.0, 0.0, 1.0] [0.0, 0.0, 0.0]]
  groupName:t="sector_4_b"
  active:b=no
  battle_area__team:i=2
  battleAreaId:t="area4_b_2"
}

entity{
  _template:t="battle_area_polygon_point"
  transform:m=[[0.606046, 0.0, 0.79543] [0.0, 1.0, 0.0] [-0.79543, 0.0, 0.606046] [-221.697, -2.45697, 1359.25]]
  battle_area_polygon_point__id:t="point1"
  battle_area_polygon_point__nextId:t="point2"
  battle_area_polygon_point__forBattleAreaId:t="area4_b_2"
}

entity{
  _template:t="battle_area_polygon_point"
  transform:m=[[0.606046, 0.0, 0.79543] [0.0, 1.0, 0.0] [-0.79543, 0.0, 0.606046] [-362.823, -2.45697, 1159.94]]
  battle_area_polygon_point__id:t="point2"
  battle_area_polygon_point__nextId:t="point3"
  battle_area_polygon_point__forBattleAreaId:t="area4_b_2"
}

entity{
  _template:t="battle_area_polygon_point"
  transform:m=[[0.606046, 0.0, 0.79543] [0.0, 1.0, 0.0] [-0.79543, 0.0, 0.606046] [-147.979, -2.45697, 1044.65]]
  battle_area_polygon_point__id:t="point3"
  battle_area_polygon_point__nextId:t="point4"
  battle_area_polygon_point__forBattleAreaId:t="area4_b_2"
}

entity{
  _template:t="battle_area_polygon_point"
  transform:m=[[0.606046, 0.0, 0.79543] [0.0, 1.0, 0.0] [-0.79543, 0.0, 0.606046] [-30.7934, -2.45697, 1192.93]]
  battle_area_polygon_point__id:t="point4"
  battle_area_polygon_point__nextId:t="point1"
  battle_area_polygon_point__forBattleAreaId:t="area4_b_2"
}

entity{
  _template:t="poly_battle_area"
  transform:m=[[1.0, 0.0, 0.0] [0.0, 1.0, 0.0] [0.0, 0.0, 1.0] [0.0, 0.0, 0.0]]
  groupName:t="sector_4_b"
  active:b=no
  battle_area__team:i=1
  battleAreaId:t="area4_b_1"
}

entity{
  _template:t="battle_area_polygon_point"
  transform:m=[[0.606046, 0.0, 0.79543] [0.0, 1.0, 0.0] [-0.79543, 0.0, 0.606046] [-41.6062, -2.45697, 1252.31]]
  battle_area_polygon_point__id:t="point1"
  battle_area_polygon_point__nextId:t="point2"
  battle_area_polygon_point__forBattleAreaId:t="area4_b_1"
}

entity{
  _template:t="battle_area_polygon_point"
  transform:m=[[0.606046, 0.0, 0.79543] [0.0, 1.0, 0.0] [-0.79543, 0.0, 0.606046] [-123.222, -2.45697, 1267.98]]
  battle_area_polygon_point__id:t="point2"
  battle_area_polygon_point__nextId:t="point3"
  battle_area_polygon_point__forBattleAreaId:t="area4_b_1"
}

entity{
  _template:t="battle_area_polygon_point"
  transform:m=[[0.606046, 0.0, 0.79543] [0.0, 1.0, 0.0] [-0.79543, 0.0, 0.606046] [-220.145, -2.45697, 1145.46]]
  battle_area_polygon_point__id:t="point3"
  battle_area_polygon_point__nextId:t="point4"
  battle_area_polygon_point__forBattleAreaId:t="area4_b_1"
}

entity{
  _template:t="battle_area_polygon_point"
  transform:m=[[0.606046, 0.0, 0.79543] [0.0, 1.0, 0.0] [-0.79543, 0.0, 0.606046] [-187.175, -2.45697, 1071.31]]
  battle_area_polygon_point__id:t="point4"
  battle_area_polygon_point__nextId:t="point5"
  battle_area_polygon_point__forBattleAreaId:t="area4_b_1"
}

entity{
  _template:t="battle_area_polygon_point"
  transform:m=[[0.606046, 0.0, 0.79543] [0.0, 1.0, 0.0] [-0.79543, 0.0, 0.606046] [-74.7376, -2.45697, 1007.95]]
  battle_area_polygon_point__id:t="point5"
  battle_area_polygon_point__nextId:t="point6"
  battle_area_polygon_point__forBattleAreaId:t="area4_b_1"
}

entity{
  _template:t="battle_area_polygon_point"
  transform:m=[[0.606046, 0.0, 0.79543] [0.0, 1.0, 0.0] [-0.79543, 0.0, 0.606046] [29.809, -2.45697, 938.55]]
  battle_area_polygon_point__id:t="point6"
  battle_area_polygon_point__nextId:t="point7"
  battle_area_polygon_point__forBattleAreaId:t="area4_b_1"
}

entity{
  _template:t="battle_area_polygon_point"
  transform:m=[[0.606046, 0.0, 0.79543] [0.0, 1.0, 0.0] [-0.79543, 0.0, 0.606046] [85.1861, -2.45697, 977.183]]
  battle_area_polygon_point__id:t="point7"
  battle_area_polygon_point__nextId:t="point8"
  battle_area_polygon_point__forBattleAreaId:t="area4_b_1"
}

entity{
  _template:t="battle_area_polygon_point"
  transform:m=[[0.606046, 0.0, 0.79543] [0.0, 1.0, 0.0] [-0.79543, 0.0, 0.606046] [114.049, -2.45697, 1028.75]]
  battle_area_polygon_point__id:t="point8"
  battle_area_polygon_point__nextId:t="point9"
  battle_area_polygon_point__forBattleAreaId:t="area4_b_1"
}

entity{
  _template:t="battle_area_polygon_point"
  transform:m=[[0.606046, 0.0, 0.79543] [0.0, 1.0, 0.0] [-0.79543, 0.0, 0.606046] [106.332, -2.45697, 1092.11]]
  battle_area_polygon_point__id:t="point9"
  battle_area_polygon_point__nextId:t="point1"
  battle_area_polygon_point__forBattleAreaId:t="area4_b_1"
}

entity{
  _template:t="level"
  level__blk:t="content/enlisted/levels/battle_of_moscow_volokolamsk_countryside_winter.blk"
  level__timeRange:p2=5.0, 19.2

  "level__weatherChoice:object"{
    weather_cloudy_a:r=1.0
    weather_overcast_b:r=1.0
  }

  "level__timeVec:array"{
    level_timeVec:r=5.6
    level_timeVec:r=6.5
    level_timeVec:r=17.0
    level_timeVec:r=19.2
  }
}

entity{
  _template:t="minimap_battle_of_moscow_volokolamsk_countryside_winter"
}

entity{
  _template:t="water"
  water__strength:r=0.1
  waterTrail__fadeInTime:r=1.0
}

entity{
  _template:t="wind"
}

entity{
  _template:t="postfx_color_grading_tonemap_death_alive_enlisted"
}

entity{
  _template:t="shaderVars"

  "shader_vars__vars:object"{
    envi_cover_specular_color:p4=1.0, 1.0, 1.0, 0.0
    hmap_displacement_up:r=0.3
    ocean1:c=142, 137, 71, 0
    ocean0:c=76, 63, 5, 0
    ocean_density:r=0.1
    layered_fog_density:r=0.001
    envi_cover_intensity_map_top_left_bottom_right:p4=-2048.0, -2048.0, 2048.0, 2048.0
    river1:c=142, 137, 71, 0
    river0:c=76, 63, 5, 0
    hmap_displacement_down:r=-0.15
    envi_cover_normal_mask_threshold:r=0.5
    envi_cover_intensity_map:t="volokolamsk_countryside_winter_det_snow_cover_tex_m*"
    envi_cover_noise_high_frequency:r=8.0
    puddle_flat_hmap_reduce:r=0.03
    envi_cover_translucency:r=1.0
    paint_details_tex:t="volokolamsk_building_colors_tex_palette*"
    envi_cover_normal_infl:r=0.3
    envi_cover_normal:p4=0.0, 1.0, 0.1, 0.0
    water_color_noise_size:r=71.0
    envi_cover_smoothness:r=0.1
    envi_cover:i=1
    river_density:r=0.3
    envi_cover_albedo:p4=0.729, 0.961, 1.0, 0.0
  }
}

entity{
  _template:t="camera_snow_heavy_template"
}

entity{
