import{
  scene:t="content/enlisted/gamedata/scenes/_volokolamsk_sounds.blk"
  scene:t="content/enlisted/gamedata/scenes/_volokolamsk_winter_biome_fx.blk"
}

entity{
  _template:t="battle_area_polygon_point"
  transform:m=[[1.0, 0.0, 0.0] [0.0, 1.0, 0.0] [0.0, 0.0, 1.0] [-393.985, 3.6961, 835.126]]
  battle_area_polygon_point__id:t="point1"
  battle_area_polygon_point__nextId:t="point2"
  battle_area_polygon_point__forBattleAreaId:t="area3_2"
}

entity{
  _template:t="battle_area_polygon_point"
  transform:m=[[1.0, 0.0, 0.0] [0.0, 1.0, 0.0] [0.0, 0.0, 1.0] [-588.046, 3.6961, 827.227]]
  battle_area_polygon_point__id:t="point2"
  battle_area_polygon_point__nextId:t="point3"
  battle_area_polygon_point__forBattleAreaId:t="area3_2"
}

entity{
  _template:t="battle_area_polygon_point"
  transform:m=[[1.0, 0.0, 0.0] [0.0, 1.0, 0.0] [0.0, 0.0, 1.0] [-613.275, 3.6961, 754.669]]
  battle_area_polygon_point__id:t="point3"
  battle_area_polygon_point__nextId:t="point4"
  battle_area_polygon_point__forBattleAreaId:t="area3_2"
}

entity{
  _template:t="battle_area_polygon_point"
  transform:m=[[1.0, 0.0, 0.0] [0.0, 1.0, 0.0] [0.0, 0.0, 1.0] [-644.563, 3.6961, 696.417]]
  battle_area_polygon_point__id:t="point4"
  battle_area_polygon_point__nextId:t="point5"
  battle_area_polygon_point__forBattleAreaId:t="area3_2"
}

entity{
  _template:t="battle_area_polygon_point"
  transform:m=[[1.0, 0.0, 0.0] [0.0, 1.0, 0.0] [0.0, 0.0, 1.0] [-654.283, 3.6961, 669.878]]
  battle_area_polygon_point__id:t="point5"
  battle_area_polygon_point__nextId:t="point6"
  battle_area_polygon_point__forBattleAreaId:t="area3_2"
}

entity{
  _template:t="battle_area_polygon_point"
  transform:m=[[1.0, 0.0, 0.0] [0.0, 1.0, 0.0] [0.0, 0.0, 1.0] [-655.8, 3.6961, 585.764]]
  battle_area_polygon_point__id:t="point6"
  battle_area_polygon_point__nextId:t="point7"
  battle_area_polygon_point__forBattleAreaId:t="area3_2"
}

entity{
  _template:t="battle_area_polygon_point"
  transform:m=[[1.0, 0.0, 0.0] [0.0, 1.0, 0.0] [0.0, 0.0, 1.0] [-657.221, 3.6961, 523.034]]
  battle_area_polygon_point__id:t="point7"
  battle_area_polygon_point__nextId:t="point8"
  battle_area_polygon_point__forBattleAreaId:t="area3_2"
}

entity{
  _template:t="battle_area_polygon_point"
  transform:m=[[1.0, 0.0, 0.0] [0.0, 1.0, 0.0] [0.0, 0.0, 1.0] [-648.322, 3.6961, 499.251]]
  battle_area_polygon_point__id:t="point8"
  battle_area_polygon_point__nextId:t="point9"
  battle_area_polygon_point__forBattleAreaId:t="area3_2"
}

entity{
  _template:t="battle_area_polygon_point"
  transform:m=[[1.0, 0.0, 0.0] [0.0, 1.0, 0.0] [0.0, 0.0, 1.0] [-618.139, 3.6961, 449.361]]
  battle_area_polygon_point__id:t="point9"
  battle_area_polygon_point__nextId:t="point10"
  battle_area_polygon_point__forBattleAreaId:t="area3_2"
}

entity{
  _template:t="battle_area_polygon_point"
  transform:m=[[1.0, 0.0, 0.0] [0.0, 1.0, 0.0] [0.0, 0.0, 1.0] [-604.395, 3.6961, 378.444]]
  battle_area_polygon_point__id:t="point10"
  battle_area_polygon_point__nextId:t="point11"
  battle_area_polygon_point__forBattleAreaId:t="area3_2"
}

entity{
  _template:t="battle_area_polygon_point"
  transform:m=[[1.0, 0.0, 0.0] [0.0, 1.0, 0.0] [0.0, 0.0, 1.0] [-378.888, 3.6961, 390.364]]
  battle_area_polygon_point__id:t="point11"
  battle_area_polygon_point__nextId:t="point1"
  battle_area_polygon_point__forBattleAreaId:t="area3_2"
}

entity{
  _template:t="battle_area_polygon_point"
  transform:m=[[1.0, 0.0, 0.0] [0.0, 1.0, 0.0] [0.0, 0.0, 1.0] [-510.317, 6.61963, 828.893]]
  battle_area_polygon_point__forBattleAreaId:t="area1_2"
  battle_area_polygon_point__id:t="point1"
  battle_area_polygon_point__nextId:t="point2"
}

entity{
  _template:t="battle_area_polygon_point"
  transform:m=[[1.0, 0.0, 0.0] [0.0, 1.0, 0.0] [0.0, 0.0, 1.0] [-508.41, 6.61963, 650.368]]
  battle_area_polygon_point__forBattleAreaId:t="area1_2"
  battle_area_polygon_point__id:t="point2"
  battle_area_polygon_point__nextId:t="point3"
}

entity{
  _template:t="battle_area_polygon_point"
  transform:m=[[1.0, 0.0, 0.0] [0.0, 1.0, 0.0] [0.0, 0.0, 1.0] [-507.423, 6.61963, 520.704]]
  battle_area_polygon_point__forBattleAreaId:t="area1_2"
  battle_area_polygon_point__id:t="point3"
  battle_area_polygon_point__nextId:t="point4"
}

entity{
  _template:t="battle_area_polygon_point"
  transform:m=[[1.0, 0.0, 0.0] [0.0, 1.0, 0.0] [0.0, 0.0, 1.0] [-504.416, 6.61963, 378.934]]
  battle_area_polygon_point__forBattleAreaId:t="area1_2"
  battle_area_polygon_point__id:t="point4"
  battle_area_polygon_point__nextId:t="point5"
}

entity{
  _template:t="battle_area_polygon_point"
  transform:m=[[1.0, 0.0, 0.0] [0.0, 1.0, 0.0] [0.0, 0.0, 1.0] [-274.853, 6.61963, 353.781]]
  battle_area_polygon_point__forBattleAreaId:t="area1_2"
  battle_area_polygon_point__id:t="point5"
  battle_area_polygon_point__nextId:t="point6"
}

entity{
  _template:t="battle_area_polygon_point"
  transform:m=[[1.0, 0.0, 0.0] [0.0, 1.0, 0.0] [0.0, 0.0, 1.0] [-222.854, 6.61963, 359.599]]
  battle_area_polygon_point__forBattleAreaId:t="area1_2"
  battle_area_polygon_point__id:t="point6"
  battle_area_polygon_point__nextId:t="point7"
}

entity{
  _template:t="battle_area_polygon_point"
  transform:m=[[1.0, 0.0, 0.0] [0.0, 1.0, 0.0] [0.0, 0.0, 1.0] [-208.882, 6.61963, 390.968]]
  battle_area_polygon_point__forBattleAreaId:t="area1_2"
  battle_area_polygon_point__id:t="point7"
  battle_area_polygon_point__nextId:t="point8"
}

entity{
  _template:t="battle_area_polygon_point"
  transform:m=[[1.0, 0.0, 0.0] [0.0, 1.0, 0.0] [0.0, 0.0, 1.0] [-208.882, 6.61963, 433.353]]
  battle_area_polygon_point__forBattleAreaId:t="area1_2"
  battle_area_polygon_point__id:t="point8"
  battle_area_polygon_point__nextId:t="point9"
}

entity{
  _template:t="battle_area_polygon_point"
  transform:m=[[1.0, 0.0, 0.0] [0.0, 1.0, 0.0] [0.0, 0.0, 1.0] [-212.949, 6.61963, 448.937]]
  battle_area_polygon_point__forBattleAreaId:t="area1_2"
  battle_area_polygon_point__id:t="point9"
  battle_area_polygon_point__nextId:t="point10"
}

entity{
  _template:t="battle_area_polygon_point"
  transform:m=[[1.0, 0.0, 0.0] [0.0, 1.0, 0.0] [0.0, 0.0, 1.0] [-212.949, 6.61963, 624.677]]
  battle_area_polygon_point__forBattleAreaId:t="area1_2"
  battle_area_polygon_point__id:t="point10"
  battle_area_polygon_point__nextId:t="point11"
}

entity{
  _template:t="battle_area_polygon_point"
  transform:m=[[1.0, 0.0, 0.0] [0.0, 1.0, 0.0] [0.0, 0.0, 1.0] [-202.506, 6.61963, 680.441]]
  battle_area_polygon_point__forBattleAreaId:t="area1_2"
  battle_area_polygon_point__id:t="point11"
  battle_area_polygon_point__nextId:t="point12"
}

entity{
  _template:t="battle_area_polygon_point"
  transform:m=[[1.0, 0.0, 0.0] [0.0, 1.0, 0.0] [0.0, 0.0, 1.0] [-195.292, 6.61963, 700.461]]
  battle_area_polygon_point__forBattleAreaId:t="area1_2"
  battle_area_polygon_point__id:t="point12"
  battle_area_polygon_point__nextId:t="point13"
}

entity{
  _template:t="battle_area_polygon_point"
  transform:m=[[1.0, 0.0, 0.0] [0.0, 1.0, 0.0] [0.0, 0.0, 1.0] [-189.535, 6.61963, 705.357]]
  battle_area_polygon_point__forBattleAreaId:t="area1_2"
  battle_area_polygon_point__id:t="point13"
  battle_area_polygon_point__nextId:t="point14"
}

entity{
  _template:t="battle_area_polygon_point"
  transform:m=[[1.0, 0.0, 0.0] [0.0, 1.0, 0.0] [0.0, 0.0, 1.0] [-178.923, 6.61963, 736.116]]
  battle_area_polygon_point__forBattleAreaId:t="area1_2"
  battle_area_polygon_point__id:t="point14"
  battle_area_polygon_point__nextId:t="point15"
}

entity{
  _template:t="battle_area_polygon_point"
  transform:m=[[1.0, 0.0, 0.0] [0.0, 1.0, 0.0] [0.0, 0.0, 1.0] [-213.728, 6.61963, 838.284]]
  battle_area_polygon_point__forBattleAreaId:t="area1_2"
  battle_area_polygon_point__id:t="point15"
  battle_area_polygon_point__nextId:t="point1"
}

entity{
  _template:t="battle_area_polygon_point"
  transform:m=[[1.0, 0.0, 0.0] [0.0, 1.0, 0.0] [0.0, 0.0, 1.0] [-669.219, 1.10261, 379.329]]
  battle_area_polygon_point__forBattleAreaId:t="area1_1"
  battle_area_polygon_point__id:t="point1"
  battle_area_polygon_point__nextId:t="point2"
}

entity{
  _template:t="battle_area_polygon_point"
  transform:m=[[1.0, 0.0, 0.0] [0.0, 1.0, 0.0] [0.0, 0.0, 1.0] [-362.229, 1.10261, 389.555]]
  battle_area_polygon_point__forBattleAreaId:t="area1_1"
  battle_area_polygon_point__id:t="point2"
  battle_area_polygon_point__nextId:t="point3"
}

entity{
  _template:t="battle_area_polygon_point"
  transform:m=[[1.0, 0.0, 0.0] [0.0, 1.0, 0.0] [0.0, 0.0, 1.0] [-378.179, 1.10261, 827.116]]
  battle_area_polygon_point__forBattleAreaId:t="area1_1"
  battle_area_polygon_point__id:t="point3"
  battle_area_polygon_point__nextId:t="point4"
}

entity{
  _template:t="battle_area_polygon_point"
  transform:m=[[1.0, 0.0, 0.0] [0.0, 1.0, 0.0] [0.0, 0.0, 1.0] [-520.95, 1.10261, 823.071]]
  battle_area_polygon_point__forBattleAreaId:t="area1_1"
  battle_area_polygon_point__id:t="point4"
  battle_area_polygon_point__nextId:t="point5"
}

entity{
  _template:t="battle_area_polygon_point"
  transform:m=[[1.0, 0.0, 0.0] [0.0, 1.0, 0.0] [0.0, 0.0, 1.0] [-685.111, 1.10261, 836.083]]
  battle_area_polygon_point__forBattleAreaId:t="area1_1"
  battle_area_polygon_point__id:t="point5"
  battle_area_polygon_point__nextId:t="point1"
}

entity{
  _template:t="battle_area_polygon_point"
  transform:m=[[1.0, 0.0, 0.0] [0.0, 1.0, 0.0] [0.0, 0.0, 1.0] [-609.546, 6.15884, 555.391]]
  battle_area_polygon_point__forBattleAreaId:t="area2_2"
  battle_area_polygon_point__id:t="point1"
  battle_area_polygon_point__nextId:t="point2"
}

entity{
  _template:t="battle_area_polygon_point"
  transform:m=[[1.0, 0.0, 0.0] [0.0, 1.0, 0.0] [0.0, 0.0, 1.0] [-626.14, 6.15884, 555.391]]
  battle_area_polygon_point__forBattleAreaId:t="area2_2"
  battle_area_polygon_point__id:t="point2"
  battle_area_polygon_point__nextId:t="point3"
}

entity{
  _template:t="battle_area_polygon_point"
  transform:m=[[1.0, 0.0, 0.0] [0.0, 1.0, 0.0] [0.0, 0.0, 1.0] [-626.14, 6.15884, 480.56]]
  battle_area_polygon_point__forBattleAreaId:t="area2_2"
  battle_area_polygon_point__id:t="point3"
  battle_area_polygon_point__nextId:t="point4"
}

entity{
  _template:t="battle_area_polygon_point"
  transform:m=[[1.0, 0.0, 0.0] [0.0, 1.0, 0.0] [0.0, 0.0, 1.0] [-593.942, 6.15884, 377.033]]
  battle_area_polygon_point__forBattleAreaId:t="area2_2"
  battle_area_polygon_point__id:t="point4"
  battle_area_polygon_point__nextId:t="point5"
}

entity{
  _template:t="battle_area_polygon_point"
  transform:m=[[1.0, 0.0, 0.0] [0.0, 1.0, 0.0] [0.0, 0.0, 1.0] [-317.951, 6.15884, 377.033]]
  battle_area_polygon_point__forBattleAreaId:t="area2_2"
  battle_area_polygon_point__id:t="point5"
  battle_area_polygon_point__nextId:t="point6"
}

entity{
  _template:t="battle_area_polygon_point"
  transform:m=[[1.0, 0.0, 0.0] [0.0, 1.0, 0.0] [0.0, 0.0, 1.0] [-317.951, 6.15884, 828.989]]
  battle_area_polygon_point__forBattleAreaId:t="area2_2"
  battle_area_polygon_point__id:t="point6"
  battle_area_polygon_point__nextId:t="point7"
}

entity{
  _template:t="battle_area_polygon_point"
  transform:m=[[1.0, 0.0, 0.0] [0.0, 1.0, 0.0] [0.0, 0.0, 1.0] [-594.214, 6.15884, 828.989]]
  battle_area_polygon_point__forBattleAreaId:t="area2_2"
  battle_area_polygon_point__id:t="point7"
  battle_area_polygon_point__nextId:t="point8"
}

entity{
  _template:t="battle_area_polygon_point"
  transform:m=[[1.0, 0.0, 0.0] [0.0, 1.0, 0.0] [0.0, 0.0, 1.0] [-620.482, 6.15884, 767.572]]
  battle_area_polygon_point__forBattleAreaId:t="area2_2"
  battle_area_polygon_point__id:t="point8"
  battle_area_polygon_point__nextId:t="point9"
}

entity{
  _template:t="battle_area_polygon_point"
  transform:m=[[1.0, 0.0, 0.0] [0.0, 1.0, 0.0] [0.0, 0.0, 1.0] [-626.693, 6.15884, 638.483]]
  battle_area_polygon_point__forBattleAreaId:t="area2_2"
  battle_area_polygon_point__id:t="point9"
  battle_area_polygon_point__nextId:t="point10"
}

entity{
  _template:t="battle_area_polygon_point"
  transform:m=[[1.0, 0.0, 0.0] [0.0, 1.0, 0.0] [0.0, 0.0, 1.0] [-626.693, 6.15884, 617.277]]
  battle_area_polygon_point__forBattleAreaId:t="area2_2"
  battle_area_polygon_point__id:t="point10"
  battle_area_polygon_point__nextId:t="point11"
}

entity{
  _template:t="battle_area_polygon_point"
  transform:m=[[1.0, 0.0, 0.0] [0.0, 1.0, 0.0] [0.0, 0.0, 1.0] [-609.214, 6.15884, 617.277]]
  battle_area_polygon_point__forBattleAreaId:t="area2_2"
  battle_area_polygon_point__id:t="point11"
  battle_area_polygon_point__nextId:t="point12"
}

entity{
  _template:t="battle_area_polygon_point"
  transform:m=[[1.0, 0.0, 0.0] [0.0, 1.0, 0.0] [0.0, 0.0, 1.0] [-775.533, 9.62939, 829.791]]
  battle_area_polygon_point__forBattleAreaId:t="area2_1"
  battle_area_polygon_point__id:t="point1"
  battle_area_polygon_point__nextId:t="point2"
}

entity{
  _template:t="battle_area_polygon_point"
  transform:m=[[1.0, 0.0, 0.0] [0.0, 1.0, 0.0] [0.0, 0.0, 1.0] [-775.533, 9.62939, 343.849]]
  battle_area_polygon_point__forBattleAreaId:t="area2_1"
  battle_area_polygon_point__id:t="point2"
  battle_area_polygon_point__nextId:t="point3"
}

entity{
  _template:t="battle_area_polygon_point"
  transform:m=[[1.0, 0.0, 0.0] [0.0, 1.0, 0.0] [0.0, 0.0, 1.0] [-496.347, 9.62939, 343.849]]
  battle_area_polygon_point__forBattleAreaId:t="area2_1"
  battle_area_polygon_point__id:t="point3"
  battle_area_polygon_point__nextId:t="point4"
}

entity{
  _template:t="battle_area_polygon_point"
  transform:m=[[1.0, 0.0, 0.0] [0.0, 1.0, 0.0] [0.0, 0.0, 1.0] [-496.347, 9.62939, 507.87]]
  battle_area_polygon_point__forBattleAreaId:t="area2_1"
  battle_area_polygon_point__id:t="point4"
  battle_area_polygon_point__nextId:t="point5"
}

entity{
  _template:t="battle_area_polygon_point"
  transform:m=[[1.0, 0.0, 0.0] [0.0, 1.0, 0.0] [0.0, 0.0, 1.0] [-496.347, 9.62939, 671.624]]
  battle_area_polygon_point__forBattleAreaId:t="area2_1"
  battle_area_polygon_point__id:t="point5"
  battle_area_polygon_point__nextId:t="point6"
}

entity{
  _template:t="battle_area_polygon_point"
  transform:m=[[1.0, 0.0, 0.0] [0.0, 1.0, 0.0] [0.0, 0.0, 1.0] [-496.347, 9.62939, 833.532]]
  battle_area_polygon_point__forBattleAreaId:t="area2_1"
  battle_area_polygon_point__id:t="point6"
  battle_area_polygon_point__nextId:t="point1"
}

entity{
  _template:t="battle_area_polygon_point"
  transform:m=[[1.0, 0.0, 0.0] [0.0, 1.0, 0.0] [0.0, 0.0, 1.0] [-585.692, 0.152168, 313.533]]
  battle_area_polygon_point__forBattleAreaId:t="area3_1"
  battle_area_polygon_point__id:t="point1"
  battle_area_polygon_point__nextId:t="point2"
}

entity{
  _template:t="battle_area_polygon_point"
  transform:m=[[1.0, 0.0, 0.0] [0.0, 1.0, 0.0] [0.0, 0.0, 1.0] [-586.58, 0.152168, 509.834]]
  battle_area_polygon_point__forBattleAreaId:t="area3_1"
  battle_area_polygon_point__id:t="point2"
  battle_area_polygon_point__nextId:t="point3"
}

entity{
  _template:t="battle_area_polygon_point"
  transform:m=[[1.0, 0.0, 0.0] [0.0, 1.0, 0.0] [0.0, 0.0, 1.0] [-586.58, 0.152168, 663.863]]
  battle_area_polygon_point__forBattleAreaId:t="area3_1"
  battle_area_polygon_point__id:t="point3"
  battle_area_polygon_point__nextId:t="point4"
}

entity{
  _template:t="battle_area_polygon_point"
  transform:m=[[1.0, 0.0, 0.0] [0.0, 1.0, 0.0] [0.0, 0.0, 1.0] [-589.077, 0.152168, 727.098]]
  battle_area_polygon_point__forBattleAreaId:t="area3_1"
  battle_area_polygon_point__id:t="point4"
  battle_area_polygon_point__nextId:t="point5"
}

entity{
  _template:t="battle_area_polygon_point"
  transform:m=[[1.0, 0.0, 0.0] [0.0, 1.0, 0.0] [0.0, 0.0, 1.0] [-589.077, 0.152168, 839.751]]
  battle_area_polygon_point__forBattleAreaId:t="area3_1"
  battle_area_polygon_point__id:t="point5"
  battle_area_polygon_point__nextId:t="point6"
}

entity{
  _template:t="battle_area_polygon_point"
  transform:m=[[1.0, 0.0, 0.0] [0.0, 1.0, 0.0] [0.0, 0.0, 1.0] [-841.759, 0.152168, 839.751]]
  battle_area_polygon_point__forBattleAreaId:t="area3_1"
  battle_area_polygon_point__id:t="point6"
  battle_area_polygon_point__nextId:t="point7"
}

entity{
  _template:t="battle_area_polygon_point"
  transform:m=[[1.0, 0.0, 0.0] [0.0, 1.0, 0.0] [0.0, 0.0, 1.0] [-841.759, 0.152168, 291.86]]
  battle_area_polygon_point__forBattleAreaId:t="area3_1"
  battle_area_polygon_point__id:t="point7"
  battle_area_polygon_point__nextId:t="point8"
}

entity{
  _template:t="battle_area_polygon_point"
  transform:m=[[1.0, 0.0, 0.0] [0.0, 1.0, 0.0] [0.0, 0.0, 1.0] [-726.92, 0.152168, 307.949]]
  battle_area_polygon_point__forBattleAreaId:t="area3_1"
  battle_area_polygon_point__id:t="point8"
  battle_area_polygon_point__nextId:t="point9"
}

entity{
  _template:t="battle_area_polygon_point"
  transform:m=[[1.0, 0.0, 0.0] [0.0, 1.0, 0.0] [0.0, 0.0, 1.0] [-699.265, 0.152168, 303.414]]
  battle_area_polygon_point__forBattleAreaId:t="area3_1"
  battle_area_polygon_point__id:t="point9"
  battle_area_polygon_point__nextId:t="point10"
}

entity{
  _template:t="battle_area_polygon_point"
  transform:m=[[1.0, 0.0, 0.0] [0.0, 1.0, 0.0] [0.0, 0.0, 1.0] [-688.749, 0.152168, 291.079]]
  battle_area_polygon_point__forBattleAreaId:t="area3_1"
  battle_area_polygon_point__id:t="point10"
  battle_area_polygon_point__nextId:t="point11"
}

entity{
  _template:t="battle_area_polygon_point"
  transform:m=[[1.0, 0.0, 0.0] [0.0, 1.0, 0.0] [0.0, 0.0, 1.0] [-661.694, 0.152168, 283.836]]
  battle_area_polygon_point__forBattleAreaId:t="area3_1"
  battle_area_polygon_point__id:t="point11"
  battle_area_polygon_point__nextId:t="point1"
}

entity{
  _template:t="battle_area_polygon_point"
  transform:m=[[1.0, 0.0, 0.0] [0.0, 1.0, 0.0] [0.0, 0.0, 1.0] [-609.214, 6.15884, 603.029]]
  battle_area_polygon_point__forBattleAreaId:t="area2_2"
  battle_area_polygon_point__id:t="point12"
  battle_area_polygon_point__nextId:t="point13"
}

entity{
  _template:t="battle_area_polygon_point"
  transform:m=[[1.0, 0.0, 0.0] [0.0, 1.0, 0.0] [0.0, 0.0, 1.0] [-599.843, 6.15884, 603.029]]
  battle_area_polygon_point__forBattleAreaId:t="area2_2"
  battle_area_polygon_point__id:t="point13"
  battle_area_polygon_point__nextId:t="point14"
}

entity{
  _template:t="battle_area_polygon_point"
  transform:m=[[1.0, 0.0, 0.0] [0.0, 1.0, 0.0] [0.0, 0.0, 1.0] [-599.843, 6.15884, 570.172]]
  battle_area_polygon_point__forBattleAreaId:t="area2_2"
  battle_area_polygon_point__id:t="point14"
  battle_area_polygon_point__nextId:t="point15"
}

entity{
  _template:t="battle_area_polygon_point"
  transform:m=[[1.0, 0.0, 0.0] [0.0, 1.0, 0.0] [0.0, 0.0, 1.0] [-608.956, 6.15884, 570.172]]
  battle_area_polygon_point__forBattleAreaId:t="area2_2"
  battle_area_polygon_point__id:t="point15"
  battle_area_polygon_point__nextId:t="point1"
}

entity{
  _template:t="poly_battle_area"
  transform:m=[[1.0, 0.0, 0.0] [0.0, 1.0, 0.0] [0.0, 0.0, 1.0] [0.0, 0.0, 0.0]]
  groupName:t="sector_3"
  active:b=no
  battle_area__team:i=2
  battleAreaId:t="area3_2"
}

entity{
  _template:t="poly_battle_area"
  transform:m=[[1.0, 0.0, 0.0] [0.0, 1.0, 0.0] [0.0, 0.0, 1.0] [-308.615, 4.33833, 654.918]]
  battleAreaId:t="area1_2"
  battle_area__team:i=2
  groupName:t="sector_1"
  active:b=no
}

entity{
  _template:t="poly_battle_area"
  transform:m=[[1.0, 0.0, 0.0] [0.0, 1.0, 0.0] [0.0, 0.0, 1.0] [-306.957, 4.33833, 655.178]]
  battleAreaId:t="area1_1"
  battle_area__team:i=1
  groupName:t="sector_1"
  active:b=no
}

entity{
  _template:t="poly_battle_area"
  transform:m=[[1.0, 0.0, 0.0] [0.0, 1.0, 0.0] [0.0, 0.0, 1.0] [-578.856, 6.01919, 590.144]]
  battleAreaId:t="area2_2"
  battle_area__team:i=2
  groupName:t="sector_2"
  active:b=no
}

entity{
  _template:t="poly_battle_area"
  transform:m=[[1.0, 0.0, 0.0] [0.0, 1.0, 0.0] [0.0, 0.0, 1.0] [-579.394, 6.01919, 591.053]]
  battleAreaId:t="area2_1"
  battle_area__team:i=1
  groupName:t="sector_2"
  active:b=no
}

entity{
  _template:t="poly_battle_area"
  transform:m=[[1.0, 0.0, 0.0] [0.0, 1.0, 0.0] [0.0, 0.0, 1.0] [-603.019, 5.03276, 464.25]]
  battleAreaId:t="area3_1"
  battle_area__team:i=1
  groupName:t="sector_3"
  active:b=no
}

entity{
  _template:t="aircraft_box_battle_area"
  transform:m=[[6642.91, 0.0, -21.0972] [0.0, 3713.36, 0.0] [25.7975, 0.0, 8118.79] [-610.334, 240.916, 582.135]]
  battle_area__team:i=-1
}

entity{
  _template:t="briefing_assault"
  mission_name:t="volokolamsk_manor_assault"

  "loading_images:list<t>"{
    item:t="ui/volokolamsk_manor_01.jpg"
    item:t="ui/volokolamsk_manor_02.jpg"
    item:t="ui/volokolamsk_manor_03.jpg"
  }
}

entity{
  _template:t="enemy_attack_marker"
}

entity{
  _template:t="static_cam"
  camera__active:b=yes
  transform:m=[[0.179713, -0.000935749, 0.983718] [-0.0947831, 0.99533, 0.0182625] [-0.979142, -0.0965224, 0.178785] [-476.262, 21.4795, 571.179]]
}

entity{
  _template:t="minimap_battle_of_moscow_volokolamsk_countryside_winter"
}

entity{
  _template:t="wind"
}

entity{
  _template:t="postfx_color_grading_tonemap_death_alive_enlisted"
}

entity{
  _template:t="shaderVars"

  "shader_vars__vars:object"{
    hmap_displacement_up:r=0.3
    ocean1:c=142, 137, 71, 0
    ocean0:c=76, 63, 5, 0
    ocean_density:r=0.1
    river1:c=142, 137, 71, 0
    river0:c=76, 63, 5, 0
    hmap_displacement_down:r=-0.15
    puddle_flat_hmap_reduce:r=0.03
    paint_details_tex:t="volokolamsk_building_colors_tex_palette*"
    level:r=-0.1
    water_color_noise_size:r=71.0
    river_density:r=0.3
  }
}

entity{
  _template:t="postfx_roundctrl"
}

entity{
  _template:t="door_mult_ent_generator"
  ri_extra_gen__blk:t="content/e_moscow/gamedata/volokolamsk_doors.blk"
}

entity{
  _template:t="session_finalizer"
  session_finalizer__timer:r=10.0
}

entity{
  _template:t="respawn_camera"
  respawnCameraForTeam:i=1
  transform:m=[[1.0, 0.0, 0.0] [0.0, 1.0, 0.0] [0.0, 0.0, 1.0] [-774.732, 299.899, 559.248]]
}

entity{
  _template:t="respawn_camera"
  respawnCameraForTeam:i=2
  transform:m=[[1.0, 0.0, 0.0] [0.0, 1.0, 0.0] [0.0, 0.0, 1.0] [-121.18, 307.399, 619.751]]
}

entity{
  _template:t="volokolamsk_level"
  level__blk:t="content/enlisted/levels/battle_of_moscow_volokolamsk_countryside_winter.blk"
}

entity{
  _template:t="clouds_hole_target"
  transform:m=[[1.0, 0.0, 0.0] [0.0, 1.0, 0.0] [0.0, 0.0, 1.0] [0.0, 0.0, 0.0]]
}

entity{
  _template:t="water"
  water__strength:r=1.3
  water__level:r=-0.1
}

entity{
  _template:t="team_ussr+team_narrator_assault_defence+respawn_creators_team"
  team__countAdd:r=0.5
  team__memberCount:r=0.5
  team__scoreCap:r=3000.0
  team__capturePenalty:r=1001.0
  team__score:r=3000.0
  team__id:i=1
  team__briefing:t="assault/defenders_goals"
  team__winSubtitle:t="debriefing/won_defence_subtitle"
  team__loseSubtitle:t="debriefing/lost_defence_subtitle"
  team__winTitle:t="debriefing/ussr_won_defence"
  team__spawnBotArmy:t="moscow_allies"
}

entity{
  _template:t="team_germany_winter+team_narrator_assault_attack+respawn_creators_team"
  team__memberCount:r=0.0
  team__scoreCap:r=4000.0
  team__score:r=4000.0
  team__squadSpawnCost:i=250
  team__firstSpawnCostMul:r=0.0
  team__zeroScoreFailTimer:r=60.0
  team__id:i=2
  team__briefing:t="assault/attackers_goals"
  team__winSubtitle:t="debriefing/won_invasion_subtitle"
  team__loseSubtitle:t="debriefing/lost_invasion_subtitle"
  team__winTitle:t="debriefing/ger_won_invasion"
  team__spawnBotArmy:t="moscow_axis"
}

entity{
  _template:t="group_activator"

  "activator__activateChoice:object"{
    sector_1:r=1.0
  }
}

entity{
  _template:t="defend_zone_chained_box+defend_zone_respawnbase"
  capzone__capRewardPartCap:r=1.8
  capzone__mustBeCapturedByTeam:i=2
  capzone__curTeamCapturingZone:i=-1
  groupName:t="sector_1"
  capzone__capTime:r=20.0
  capzone__capTeam:i=1
  capzone__progress:r=1.0
  transform:m=[[16.8631, 0.0, -22.2073] [0.0, 3.34256, 0.0] [9.81743, 0.0, 7.45484] [-422.567, 10.7672, 547.919]]
  active:b=no
  capzone__decapTime:r=10.0
  capzone__autoDecap:b=no
  capzone__autoCap:b=no
  ui_order:i=1
  capzone__capReward:r=500.0
  capzone__title:t="A"
  capzone__caption:t="capzone/field_headquarters"
  capzone__checkAllZonesInGroup:b=yes
  decal__thickness:r=0.4
  decal__height:r=0.7
  capzone__deactivateAfterTimeout:r=0.0
  capzone__spawnAtZoneTimeout:r=35.0
  capzone__createRespawnBaseForTeam:i=1
  capzone__createRespawnBase:t="respawnBaseGroupActivator"
  capzone__createdRespawnBaseGroup:i=3

  "capzone__activateChoice:object"{
    sector_2:r=1.0
  }
}

entity{
  _template:t="defend_zone_chained_box+defend_zone_respawnbase"
  capzone__capRewardPartCap:r=1.8
  capzone__mustBeCapturedByTeam:i=2
  capzone__curTeamCapturingZone:i=-1
  groupName:t="sector_1"
  capzone__capTime:r=20.0
  capzone__capTeam:i=1
  capzone__progress:r=1.0
  transform:m=[[4.19101, 0.0, -7.93304] [0.0, 3.34256, 0.0] [26.6017, 0.0, 14.0536] [-445.323, 8.50834, 644.823]]
  active:b=no
  capzone__decapTime:r=10.0
  capzone__autoDecap:b=no
  capzone__autoCap:b=no
  ui_order:i=2
  capzone__capReward:r=500.0
  capzone__title:t="B"
  capzone__caption:t="capzone/stable"
  capzone__checkAllZonesInGroup:b=yes
  decal__thickness:r=0.4
  decal__height:r=0.2
  capzone__deactivateAfterTimeout:r=0.0
  capzone__spawnAtZoneTimeout:r=35.0
  capzone__createRespawnBaseForTeam:i=1
  capzone__createRespawnBase:t="respawnBaseGroupActivator"
  capzone__createdRespawnBaseGroup:i=4

  "capzone__activateChoice:object"{
    sector_2:r=1.0
  }
}

entity{
  _template:t="defend_zone_chained_box+defend_zone_respawnbase"
  capzone__capRewardPartCap:r=1.8
  capzone__mustBeCapturedByTeam:i=2
  capzone__curTeamCapturingZone:i=-1
  groupName:t="sector_2"
  capzone__capTime:r=20.0
  capzone__capTeam:i=1
  capzone__progress:r=1.0
  transform:m=[[29.9385, 0.0, -0.147536] [0.0, 3.34256, 0.0] [0.0914462, 0.0, 18.5566] [-563.839, 9.44829, 511.938]]
  active:b=no
  capzone__decapTime:r=10.0
  capzone__autoDecap:b=no
  capzone__autoCap:b=no
  ui_order:i=3
  capzone__capReward:r=500.0
  capzone__title:t="C"
  capzone__caption:t="capzone/north_wing"
  capzone__checkAllZonesInGroup:b=yes
  decal__height:r=0.3
  decal__thickness:r=0.4
  capzone__deactivateAfterTimeout:r=0.0
  capzone__spawnAtZoneTimeout:r=35.0
  capzone__createRespawnBaseForTeam:i=1
  capzone__createRespawnBase:t="respawnBaseGroupActivator"
  capzone__createdRespawnBaseGroup:i=5

  "capzone__activateChoice:object"{
    sector_3:r=1.0
  }
}

entity{
  _template:t="defend_zone_chained_box+defend_zone_respawnbase"
  capzone__capRewardPartCap:r=1.8
  capzone__mustBeCapturedByTeam:i=2
  capzone__curTeamCapturingZone:i=-1
  groupName:t="sector_2"
  capzone__capTime:r=20.0
  capzone__capTeam:i=1
  capzone__progress:r=1.0
  transform:m=[[29.9503, 0.0, -0.0720664] [0.0, 3.72014, 0.0] [0.0455239, 0.0, 18.9189] [-563.879, 9.6313, 660.942]]
  active:b=no
  capzone__decapTime:r=10.0
  capzone__autoDecap:b=no
  capzone__autoCap:b=no
  ui_order:i=4
  capzone__capReward:r=500.0
  capzone__title:t="D"
  capzone__caption:t="capzone/south_wing"
  capzone__checkAllZonesInGroup:b=yes
  decal__height:r=0.3
  decal__thickness:r=0.4
  capzone__deactivateAfterTimeout:r=0.0
  capzone__spawnAtZoneTimeout:r=35.0
  capzone__createRespawnBaseForTeam:i=1
  capzone__createRespawnBase:t="respawnBaseGroupActivator"
  capzone__createdRespawnBaseGroup:i=6

  "capzone__activateChoice:object"{
    sector_3:r=1.0
  }
}

entity{
  _template:t="defend_zone_chained_box+defend_zone_respawnbase"
  capzone__capRewardPartCap:r=1.8
  capzone__mustBeCapturedByTeam:i=2
  capzone__curTeamCapturingZone:i=-1
  groupName:t="sector_3"
  capzone__capTime:r=30.0
  capzone__capTeam:i=1
  capzone__progress:r=1.0
  transform:m=[[25.8943, 0.0, -0.0189031] [0.0, 3.41681, 0.0] [0.0485041, 0.0, 31.2872] [-612.883, 9.38184, 586.413]]
  active:b=no
  capzone__decapTime:r=15.0
  capzone__autoDecap:b=no
  capzone__autoCap:b=no
  ui_order:i=5
  capzone__capReward:r=250.0
  capzone__title:t="E"
  capzone__caption:t="capzone/central_hall"
  capzone__checkAllZonesInGroup:b=yes
  decal__height:r=0.1
  decal__thickness:r=0.4
  capzone__deactivateAfterTimeout:r=0.0
  capzone__spawnAtZoneTimeout:r=35.0
  capzone__createRespawnBaseForTeam:i=1
  capzone__createRespawnBase:t="respawnBaseGroupActivator"
  capzone__createdRespawnBaseGroup:i=7
}

entity{
  _template:t="vw_kubelwagen"
  transform:m=[[0.823412, 0.000648556, 0.567444] [-0.00262242, 0.999993, 0.00266244] [-0.567438, -0.00368036, 0.823408] [-572.284, 6.17267, 555.081]]
}

entity{
  _template:t="vw_kubelwagen"
  transform:m=[[-0.848695, -0.00784048, -0.528824] [-0.0309783, 0.99891, 0.0349061] [0.527974, 0.0460067, -0.848013] [-435.27, 7.12642, 579.86]]
}

entity{
  _template:t="vw_kubelwagen"
  transform:m=[[0.84478, -0.181919, 0.503242] [0.101504, 0.977842, 0.183092] [-0.525399, -0.103592, 0.844527] [-548.094, 4.88801, 677.509]]
}

entity{
  _template:t="vw_kubelwagen"
  transform:m=[[0.860822, -0.0195068, -0.508532] [0.00886319, 0.999688, -0.0233438] [0.508829, 0.0155876, 0.860727] [-536.481, 5.79714, 497.572]]
}

entity{
  _template:t="vw_kubelwagen"
  transform:m=[[-0.675426, 0.00689941, 0.737396] [0.0795673, 0.9948, 0.0635728] [-0.733123, 0.101611, -0.672463] [-318.597, 5.31544, 622.982]]
}

entity{
  _template:t="vw_kubelwagen"
  transform:m=[[0.745722, 0.00409654, -0.666245] [0.000951221, 0.999974, 0.00721322] [0.666257, -0.0060128, 0.745698] [-576.483, 6.03001, 616.099]]
}

entity{
  _template:t="vw_kubelwagen"
  transform:m=[[0.700598, -0.00463072, -0.713541] [-0.0010531, 0.999971, -0.00752359] [0.713555, 0.00602245, 0.700573] [-569.935, 6.04025, 616.418]]
}

entity{
  _template:t="vw_kubelwagen"
  transform:m=[[0.742069, 0.00942642, 0.670257] [-0.00300236, 0.999938, -0.010739] [-0.670317, 0.00595671, 0.742051] [-578.553, 6.12917, 554.974]]
}

entity{
  _template:t="respAircraftInAir"
  respawnbaseType:t="aircraft_fighter"
  transform:m=[[-0.918455, 0.0, -0.395526] [0.0, 1.0, 0.0] [0.395526, 0.0, -0.918455] [1425.34, 1000.0, 1388.43]]
  team:i=2
  maxVehicleOnSpawn:i=1
  respTime:i=120
}

entity{
  _template:t="respAircraftInAir"
  respawnbaseType:t="aircraft_assault"
  transform:m=[[-0.906596, 0.0, -0.421999] [0.0, 1.0, 0.0] [0.421999, 0.0, -0.906596] [1360.22, 800.0, 1542.12]]
  team:i=2
  maxVehicleOnSpawn:i=1
  respTime:i=120
}

entity{
  _template:t="respAircraftInAir"
  respawnbaseType:t="aircraft_fighter"
  transform:m=[[-0.910927, 0.0, -0.412568] [0.0, 1.0, 0.0] [0.412568, 0.0, -0.910927] [1360.22, 1000.0, 1542.12]]
  team:i=2
  maxVehicleOnSpawn:i=1
  respTime:i=120
}

entity{
  _template:t="respAircraftInAir"
  respawnbaseType:t="aircraft_assault"
  transform:m=[[-0.906584, 0.0, -0.422026] [0.0, 1.0, 0.0] [0.422026, 0.0, -0.906584] [1437.33, 800.0, 1363.96]]
  team:i=2
  maxVehicleOnSpawn:i=1
  respTime:i=120
}

entity{
  _template:t="resupply_in_air_zone"
  transform:m=[[-0.157002, 0.0, -0.987599] [0.0, 1.0, 0.0] [0.987599, 0.0, -0.157002] [1058.78, 1000.0, 2785.86]]
  resupply_zone__team:i=2
}

entity{
  _template:t="respAircraftInAir"
  respawnbaseType:t="aircraft_fighter"
  transform:m=[[0.835531, 0.0, 0.549441] [0.0, 1.0, 0.0] [-0.549441, 0.0, 0.835531] [-2297.94, 1000.0, -699.234]]
  team:i=1
  maxVehicleOnSpawn:i=1
  respTime:i=120
}

entity{
  _template:t="respAircraftInAir"
  respawnbaseType:t="aircraft_assault"
  transform:m=[[0.830488, 0.0, 0.557036] [0.0, 1.0, 0.0] [-0.557036, 0.0, 0.830488] [-2297.94, 800.0, -699.234]]
  team:i=1
  maxVehicleOnSpawn:i=1
  respTime:i=120
}

entity{
  _template:t="respAircraftInAir"
  respawnbaseType:t="aircraft_fighter"
  transform:m=[[0.837085, 0.0, 0.547072] [0.0, 1.0, 0.0] [-0.547072, 0.0, 0.837085] [-2385.81, 1000.0, -604.514]]
  team:i=1
  maxVehicleOnSpawn:i=1
  respTime:i=120
}

entity{
  _template:t="respAircraftInAir"
  respawnbaseType:t="aircraft_assault"
  transform:m=[[0.835266, 0.0, 0.549846] [0.0, 1.0, 0.0] [-0.549846, 0.0, 0.835266] [-2408.48, 800.0, -584.004]]
  team:i=1
  maxVehicleOnSpawn:i=1
  respTime:i=120
}

entity{
  _template:t="resupply_in_air_zone"
  transform:m=[[0.119539, 0.0, 0.992829] [0.0, 1.0, 0.0] [-0.992829, 0.0, 0.119539] [711.375, 1000.0, -1840.26]]
  resupply_zone__team:i=1
}

entity{
  _template:t="searchlight_no_base"
  transform:m=[[-0.862644, 0.418461, -0.28414] [0.398326, 0.908231, 0.128265] [0.311739, -0.00253313, -0.950164] [-639.247, 6.72218, 622.553]]
}

entity{
  _template:t="searchlight_no_base"
  transform:m=[[0.521055, 0.418461, 0.743903] [-0.242355, 0.908231, -0.341145] [-0.818392, -0.00253313, 0.574654] [-579.185, 6.72218, 584.843]]
}

entity{
  _template:t="respawnChooser+respTeam2"
  transform:m=[[-0.82054, 0.0, -0.571589] [0.0, 1.0, 0.0] [0.571589, 0.0, -0.82054] [-303.097, 7.97412, 611.458]]
  groupName:t="sector_1"
  respawnBaseGroup:i=1
  active:b=no
}

entity{
  _template:t="respawnChooser+respTeam2"
  transform:m=[[-0.848413, 0.0, 0.529336] [0.0, 1.0, 0.0] [-0.529336, 0.0, -0.848413] [-290.091, 12.8001, 510.247]]
  groupName:t="sector_1"
  respawnBaseGroup:i=1
  active:b=no
}

entity{
  _template:t="respawnChooser+respTeam2"
  transform:m=[[-0.867671, 0.0, 0.497139] [0.0, 1.0, 0.0] [-0.497139, 0.0, -0.867671] [-318.539, 6.23934, 720.527]]
  groupName:t="sector_1"
  respawnBaseGroup:i=2
  active:b=no
}

entity{
  _template:t="respawnChooser+respTeam2"
  transform:m=[[-0.862084, 0.0, -0.506765] [0.0, 1.0, 0.0] [0.506765, 0.0, -0.862084] [-321.381, 7.39074, 712.714]]
  groupName:t="sector_1"
  respawnBaseGroup:i=2
  active:b=no
}

entity{
  _template:t="respawnChooser+respVehicle"
  respTime:i=150
  groupName:t="sector_1"
  team:i=2
  maxVehicleOnSpawn:i=2
  transform:m=[[-0.129667, 0.0, 0.991559] [0.0, 1.0, 0.0] [-0.991559, 0.0, -0.129667] [-253.156, 12.2896, 397.337]]
  respawnBaseGroup:i=1
  active:b=no
}

entity{
  _template:t="respawnChooser+respTeam1"
  transform:m=[[0.9511, 0.0, -0.308879] [0.0, 1.0, 0.0] [0.308879, 0.0, 0.9511] [-560.284, 5.87691, 546.22]]
  groupName:t="sector_1"
  respawnBaseGroup:i=2
  active:b=no
}

entity{
  _template:t="respawnChooser+respTeam1"
  transform:m=[[0.945289, 0.0, 0.32623] [0.0, 1.0, 0.0] [-0.32623, 0.0, 0.945289] [-557.19, 8.89192, 519.312]]
  groupName:t="sector_1"
  respawnBaseGroup:i=2
  active:b=no
}

entity{
  _template:t="respawnChooser+respTeam1"
  transform:m=[[0.965996, 0.0, -0.258554] [0.0, 1.0, 0.0] [0.258554, 0.0, 0.965996] [-555.74, 8.89192, 505.734]]
  groupName:t="sector_1"
  respawnBaseGroup:i=2
  active:b=no
}

entity{
  _template:t="respawnChooser+respTeam1"
  transform:m=[[0.988851, 0.0, -0.148901] [0.0, 1.0, 0.0] [0.148901, 0.0, 0.988851] [-570.24, 8.89192, 655.323]]
  groupName:t="sector_1"
  respawnBaseGroup:i=1
  active:b=no
}

entity{
  _template:t="respawnChooser+respTeam1"
  transform:m=[[0.999962, 0.0, 0.00857513] [0.0, 1.0, 0.0] [-0.00857513, 0.0, 0.999962] [-570.55, 8.89192, 667.014]]
  groupName:t="sector_1"
  respawnBaseGroup:i=1
  active:b=no
}

entity{
  _template:t="respawnChooser+respTeam1"
  transform:m=[[0.904812, 0.0, -0.425808] [0.0, 1.0, 0.0] [0.425808, 0.0, 0.904812] [-565.72, 5.58627, 628.708]]
  groupName:t="sector_1"
  respawnBaseGroup:i=1
  active:b=no
}

entity{
  _template:t="respawnChooser+respVehicle"
  respTime:i=150
  groupName:t="sector_1"
  team:i=1
  maxVehicleOnSpawn:i=2
  transform:m=[[0.696407, 0.0, -0.717649] [0.0, 1.0, 0.0] [0.717649, 0.0, 0.696407] [-648.366, 6.37562, 698.114]]
  respawnBaseGroup:i=1
  active:b=no
}

entity{
  _template:t="respawnChooser+respTeam2"
  transform:m=[[-0.803194, 0.0, -0.595718] [0.0, 1.0, 0.0] [0.595718, 0.0, -0.803194] [-414.575, 10.6875, 544.061]]
  groupName:t="sector_2"
  respawnBaseGroup:i=1
  active:b=no
}

entity{
  _template:t="respawnChooser+respTeam2"
  transform:m=[[-0.819233, 0.0, -0.573462] [0.0, 1.0, 0.0] [0.573462, 0.0, -0.819233] [-421.527, 10.8707, 552.959]]
  groupName:t="sector_2"
  respawnBaseGroup:i=1
  active:b=no
}

entity{
  _template:t="respawnChooser+respTeam2"
  transform:m=[[-0.894397, 0.0, 0.447274] [0.0, 1.0, 0.0] [-0.447274, 0.0, -0.894397] [-396.57, 7.80236, 626.22]]
  groupName:t="sector_2"
  respawnBaseGroup:i=2
  active:b=no
}

entity{
  _template:t="respawnChooser+respTeam2"
  transform:m=[[-0.950334, 0.0, 0.311232] [0.0, 1.0, 0.0] [-0.311232, 0.0, -0.950334] [-403.778, 6.66128, 663.814]]
  groupName:t="sector_2"
  respawnBaseGroup:i=2
  active:b=no
}

entity{
  _template:t="respawnChooser+respVehicle"
  respTime:i=150
  groupName:t="sector_2"
  team:i=2
  maxVehicleOnSpawn:i=2
  transform:m=[[-0.773387, 0.0, -0.633937] [0.0, 1.0, 0.0] [0.633937, 0.0, -0.773387] [-371.405, 6.56162, 644.016]]
  respawnBaseGroup:i=1
  active:b=no
}

entity{
  _template:t="respawnChooser+respTeam1"
  transform:m=[[0.815686, 0.0, -0.578493] [0.0, 1.0, 0.0] [0.578493, 0.0, 0.815686] [-676.998, 4.12685, 713.273]]
  groupName:t="sector_2"
  respawnBaseGroup:i=1
  active:b=no
}

entity{
  _template:t="respawnChooser+respTeam1"
  transform:m=[[0.982783, 0.0, -0.18476] [0.0, 1.0, 0.0] [0.18476, 0.0, 0.982783] [-681.988, 3.43192, 683.31]]
  groupName:t="sector_2"
  respawnBaseGroup:i=1
  active:b=no
}

entity{
  _template:t="respawnChooser+respTeam1"
  transform:m=[[0.471236, 0.0, 0.882006] [0.0, 1.0, 0.0] [-0.882006, 0.0, 0.471236] [-703.233, 3.57983, 508.011]]
  groupName:t="sector_2"
  respawnBaseGroup:i=2
  active:b=no
}

entity{
  _template:t="respawnChooser+respTeam1"
  transform:m=[[0.983275, 0.0, 0.182125] [0.0, 1.0, 0.0] [-0.182125, 0.0, 0.983275] [-692.03, 4.50899, 473.859]]
  groupName:t="sector_2"
  respawnBaseGroup:i=2
  active:b=no
}

entity{
  _template:t="respawnChooser+respVehicle"
  respTime:i=150
  groupName:t="sector_2"
  team:i=1
  maxVehicleOnSpawn:i=2
  transform:m=[[-0.0521173, 0.0, 0.998642] [0.0, 1.0, 0.0] [-0.998642, 0.0, -0.0521173] [-673.185, 3.32163, 445.414]]
  respawnBaseGroup:i=1
  active:b=no
}

entity{
  _template:t="respawnChooser+respTeam2"
  transform:m=[[-0.863699, 0.0, -0.504008] [0.0, 1.0, 0.0] [0.504008, 0.0, -0.863699] [-482.642, 6.75029, 557.595]]
  groupName:t="sector_3"
  respawnBaseGroup:i=1
  active:b=no
}

entity{
  _template:t="respawnChooser+respTeam2"
  transform:m=[[-0.461492, 0.0, -0.887145] [0.0, 1.0, 0.0] [0.887145, 0.0, -0.461492] [-495.6, 6.56852, 629.606]]
  groupName:t="sector_3"
  respawnBaseGroup:i=2
  active:b=no
}

entity{
  _template:t="respawnChooser+respTeam2"
  transform:m=[[-0.910108, 0.0, -0.414371] [0.0, 1.0, 0.0] [0.414371, 0.0, -0.910108] [-553.213, 5.97202, 707.507]]
  groupName:t="sector_3"
  respawnBaseGroup:i=2
  active:b=no
}

entity{
  _template:t="respawnChooser+respVehicle"
  respTime:i=150
  groupName:t="sector_3"
  team:i=2
  maxVehicleOnSpawn:i=2
  transform:m=[[-0.798364, 0.0, -0.602178] [0.0, 1.0, 0.0] [0.602178, 0.0, -0.798364] [-407.872, 7.34536, 600.253]]
  respawnBaseGroup:i=1
  active:b=no
}

entity{
  _template:t="respawnChooser+respTeam1"
  transform:m=[[0.786483, 0.0, -0.61761] [0.0, 1.0, 0.0] [0.61761, 0.0, 0.786483] [-698.132, 3.43192, 681.433]]
  groupName:t="sector_3"
  respawnBaseGroup:i=1
  active:b=no
}

entity{
  _template:t="respawnChooser+respTeam1"
  transform:m=[[0.311894, 0.0, -0.950117] [0.0, 1.0, 0.0] [0.950117, 0.0, 0.311894] [-717.281, 0.717687, 665.12]]
  groupName:t="sector_3"
  respawnBaseGroup:i=1
  active:b=no
}

entity{
  _template:t="respawnChooser+respTeam1"
  transform:m=[[0.562402, 0.0, -0.826863] [0.0, 1.0, 0.0] [0.826863, 0.0, 0.562402] [-736.586, 3.54862, 604.938]]
  groupName:t="sector_3"
  respawnBaseGroup:i=1
  active:b=no
}

entity{
  _template:t="respawnChooser+respTeam1"
  transform:m=[[0.5884, 0.0, 0.808569] [0.0, 1.0, 0.0] [-0.808569, 0.0, 0.5884] [-734.79, 2.62314, 566.924]]
  groupName:t="sector_3"
  respawnBaseGroup:i=2
  active:b=no
}

entity{
  _template:t="respawnChooser+respTeam1"
  transform:m=[[0.489339, 0.0, 0.872093] [0.0, 1.0, 0.0] [-0.872093, 0.0, 0.489339] [-726.464, 2.2363, 536.849]]
  groupName:t="sector_3"
  respawnBaseGroup:i=2
  active:b=no
}

entity{
  _template:t="respawnChooser+respTeam1"
  transform:m=[[0.941151, 0.0, -0.337985] [0.0, 1.0, 0.0] [0.337985, 0.0, 0.941151] [-724.887, 1.15396, 529.839]]
  groupName:t="sector_3"
  respawnBaseGroup:i=2
  active:b=no
}

entity{
  _template:t="respawnChooser+respTeam2"
