import{
  scene:t="content/enlisted/gamedata/scenes/_volokolamsk_sounds.blk"
  scene:t="content/enlisted/gamedata/scenes/_volokolamsk_winter_biome_fx.blk"
}

entity{
  _template:t="poly_battle_area"
  transform:m=[[1.0, 0.0, 0.0] [0.0, 1.0, 0.0] [0.0, 0.0, 1.0] [0.0, 0.0, 0.0]]
  groupName:t="sector_1"
  active:b=no
  battle_area__team:i=2
  battleAreaId:t="area1_2"
}

entity{
  _template:t="battle_area_polygon_point"
  transform:m=[[0.606046, 0.0, 0.79543] [0.0, 1.0, 0.0] [-0.79543, 0.0, 0.606046] [-425.33, -2.45689, 1674.33]]
  battle_area_polygon_point__id:t="point1"
  battle_area_polygon_point__nextId:t="point2"
  battle_area_polygon_point__forBattleAreaId:t="area1_2"
}

entity{
  _template:t="battle_area_polygon_point"
  transform:m=[[0.606046, 0.0, 0.79543] [0.0, 1.0, 0.0] [-0.79543, 0.0, 0.606046] [-698.76, -2.45697, 1410.49]]
  battle_area_polygon_point__id:t="point2"
  battle_area_polygon_point__nextId:t="point3"
  battle_area_polygon_point__forBattleAreaId:t="area1_2"
}

entity{
  _template:t="battle_area_polygon_point"
  transform:m=[[0.606046, 0.0, 0.79543] [0.0, 1.0, 0.0] [-0.79543, 0.0, 0.606046] [-516.576, -2.45697, 1208.36]]
  battle_area_polygon_point__id:t="point3"
  battle_area_polygon_point__nextId:t="point4"
  battle_area_polygon_point__forBattleAreaId:t="area1_2"
}

entity{
  _template:t="battle_area_polygon_point"
  transform:m=[[0.606046, 0.0, 0.79543] [0.0, 1.0, 0.0] [-0.79543, 0.0, 0.606046] [-440.31, -2.45697, 1170.54]]
  battle_area_polygon_point__id:t="point4"
  battle_area_polygon_point__nextId:t="point5"
  battle_area_polygon_point__forBattleAreaId:t="area1_2"
}

entity{
  _template:t="battle_area_polygon_point"
  transform:m=[[0.606046, 0.0, 0.79543] [0.0, 1.0, 0.0] [-0.79543, 0.0, 0.606046] [-344.088, -2.45697, 1251.08]]
  battle_area_polygon_point__id:t="point5"
  battle_area_polygon_point__nextId:t="point6"
  battle_area_polygon_point__forBattleAreaId:t="area1_2"
}

entity{
  _template:t="battle_area_polygon_point"
  transform:m=[[0.606046, 0.0, 0.79543] [0.0, 1.0, 0.0] [-0.79543, 0.0, 0.606046] [-317.911, -2.457, 1282.77]]
  battle_area_polygon_point__id:t="point6"
  battle_area_polygon_point__nextId:t="point7"
  battle_area_polygon_point__forBattleAreaId:t="area1_2"
}

entity{
  _template:t="battle_area_polygon_point"
  transform:m=[[0.606046, 0.0, 0.79543] [0.0, 1.0, 0.0] [-0.79543, 0.0, 0.606046] [-182.644, -2.45689, 1447.6]]
  battle_area_polygon_point__id:t="point7"
  battle_area_polygon_point__nextId:t="point1"
  battle_area_polygon_point__forBattleAreaId:t="area1_2"
}

entity{
  _template:t="poly_battle_area"
  transform:m=[[1.0, 0.0, 0.0] [0.0, 1.0, 0.0] [0.0, 0.0, 1.0] [0.0, 0.0, 0.0]]
  groupName:t="sector_1"
  active:b=no
  battle_area__team:i=1
  battleAreaId:t="area1_1"
}

entity{
  _template:t="battle_area_polygon_point"
  transform:m=[[0.606046, 0.0, 0.79543] [0.0, 1.0, 0.0] [-0.79543, 0.0, 0.606046] [-219.8, -2.45689, 1499.57]]
  battle_area_polygon_point__id:t="point1"
  battle_area_polygon_point__nextId:t="point2"
  battle_area_polygon_point__forBattleAreaId:t="area1_1"
}

entity{
  _template:t="battle_area_polygon_point"
  transform:m=[[0.606046, 0.0, 0.79543] [0.0, 1.0, 0.0] [-0.79543, 0.0, 0.606046] [-337.396, -2.45697, 1425.62]]
  battle_area_polygon_point__id:t="point2"
  battle_area_polygon_point__nextId:t="point3"
  battle_area_polygon_point__forBattleAreaId:t="area1_1"
}

entity{
  _template:t="battle_area_polygon_point"
  transform:m=[[0.606046, 0.0, 0.79543] [0.0, 1.0, 0.0] [-0.79543, 0.0, 0.606046] [-410.014, -2.45697, 1380.36]]
  battle_area_polygon_point__id:t="point3"
  battle_area_polygon_point__nextId:t="point4"
  battle_area_polygon_point__forBattleAreaId:t="area1_1"
}

entity{
  _template:t="battle_area_polygon_point"
  transform:m=[[0.606046, 0.0, 0.79543] [0.0, 1.0, 0.0] [-0.79543, 0.0, 0.606046] [-457.36, -2.45699, 1335.57]]
  battle_area_polygon_point__id:t="point4"
  battle_area_polygon_point__nextId:t="point5"
  battle_area_polygon_point__forBattleAreaId:t="area1_1"
}

entity{
  _template:t="battle_area_polygon_point"
  transform:m=[[0.606046, 0.0, 0.79543] [0.0, 1.0, 0.0] [-0.79543, 0.0, 0.606046] [-477.371, -2.45695, 1299.61]]
  battle_area_polygon_point__id:t="point5"
  battle_area_polygon_point__nextId:t="point6"
  battle_area_polygon_point__forBattleAreaId:t="area1_1"
}

entity{
  _template:t="battle_area_polygon_point"
  transform:m=[[0.606046, 0.0, 0.79543] [0.0, 1.0, 0.0] [-0.79543, 0.0, 0.606046] [-485.215, -2.45697, 1249.17]]
  battle_area_polygon_point__id:t="point6"
  battle_area_polygon_point__nextId:t="point7"
  battle_area_polygon_point__forBattleAreaId:t="area1_1"
}

entity{
  _template:t="battle_area_polygon_point"
  transform:m=[[0.606046, 0.0, 0.79543] [0.0, 1.0, 0.0] [-0.79543, 0.0, 0.606046] [-485.484, -2.45695, 1191.85]]
  battle_area_polygon_point__id:t="point7"
  battle_area_polygon_point__nextId:t="point8"
  battle_area_polygon_point__forBattleAreaId:t="area1_1"
}

entity{
  _template:t="battle_area_polygon_point"
  transform:m=[[0.606046, 0.0, 0.79543] [0.0, 1.0, 0.0] [-0.79543, 0.0, 0.606046] [-472.916, -2.45695, 1185.79]]
  battle_area_polygon_point__id:t="point8"
  battle_area_polygon_point__nextId:t="point9"
  battle_area_polygon_point__forBattleAreaId:t="area1_1"
}

entity{
  _template:t="battle_area_polygon_point"
  transform:m=[[0.606046, 0.0, 0.79543] [0.0, 1.0, 0.0] [-0.79543, 0.0, 0.606046] [-277.496, -2.45695, 1089.36]]
  battle_area_polygon_point__id:t="point9"
  battle_area_polygon_point__nextId:t="point10"
  battle_area_polygon_point__forBattleAreaId:t="area1_1"
}

entity{
  _template:t="battle_area_polygon_point"
  transform:m=[[0.606046, 0.0, 0.79543] [0.0, 1.0, 0.0] [-0.79543, 0.0, 0.606046] [-100.979, -2.45689, 1361.77]]
  battle_area_polygon_point__id:t="point10"
  battle_area_polygon_point__nextId:t="point11"
  battle_area_polygon_point__forBattleAreaId:t="area1_1"
}

entity{
  _template:t="battle_area_polygon_point"
  transform:m=[[0.606046, 0.0, 0.79543] [0.0, 1.0, 0.0] [-0.79543, 0.0, 0.606046] [-184.538, -2.45689, 1469.94]]
  battle_area_polygon_point__id:t="point11"
  battle_area_polygon_point__nextId:t="point1"
  battle_area_polygon_point__forBattleAreaId:t="area1_1"
}

entity{
  _template:t="poly_battle_area"
  transform:m=[[1.0, 0.0, 0.0] [0.0, 1.0, 0.0] [0.0, 0.0, 1.0] [0.0, 0.0, 0.0]]
  groupName:t="sector_2"
  active:b=no
  battle_area__team:i=2
  battleAreaId:t="area2_2"
}

entity{
  _template:t="battle_area_polygon_point"
  transform:m=[[0.606046, 0.0, 0.79543] [0.0, 1.0, 0.0] [-0.79543, 0.0, 0.606046] [-290.842, -2.45697, 1537.91]]
  battle_area_polygon_point__id:t="point1"
  battle_area_polygon_point__nextId:t="point2"
  battle_area_polygon_point__forBattleAreaId:t="area2_2"
}

entity{
  _template:t="battle_area_polygon_point"
  transform:m=[[0.606046, 0.0, 0.79543] [0.0, 1.0, 0.0] [-0.79543, 0.0, 0.606046] [-588.677, -2.45697, 1289.36]]
  battle_area_polygon_point__id:t="point2"
  battle_area_polygon_point__nextId:t="point3"
  battle_area_polygon_point__forBattleAreaId:t="area2_2"
}

entity{
  _template:t="battle_area_polygon_point"
  transform:m=[[0.606046, 0.0, 0.79543] [0.0, 1.0, 0.0] [-0.79543, 0.0, 0.606046] [-489.482, -2.45697, 1195.58]]
  battle_area_polygon_point__id:t="point3"
  battle_area_polygon_point__nextId:t="point4"
  battle_area_polygon_point__forBattleAreaId:t="area2_2"
}

entity{
  _template:t="battle_area_polygon_point"
  transform:m=[[0.606046, 0.0, 0.79543] [0.0, 1.0, 0.0] [-0.79543, 0.0, 0.606046] [-329.957, -2.45697, 1118.05]]
  battle_area_polygon_point__id:t="point4"
  battle_area_polygon_point__nextId:t="point5"
  battle_area_polygon_point__forBattleAreaId:t="area2_2"
}

entity{
  _template:t="battle_area_polygon_point"
  transform:m=[[0.606046, 0.0, 0.79543] [0.0, 1.0, 0.0] [-0.79543, 0.0, 0.606046] [-279.737, -2.45696, 1168.65]]
  battle_area_polygon_point__id:t="point5"
  battle_area_polygon_point__nextId:t="point6"
  battle_area_polygon_point__forBattleAreaId:t="area2_2"
}

entity{
  _template:t="battle_area_polygon_point"
  transform:m=[[0.606046, 0.0, 0.79543] [0.0, 1.0, 0.0] [-0.79543, 0.0, 0.606046] [-252.964, -2.19799, 1202.0]]
  battle_area_polygon_point__id:t="point6"
  battle_area_polygon_point__nextId:t="point7"
  battle_area_polygon_point__forBattleAreaId:t="area2_2"
}

entity{
  _template:t="battle_area_polygon_point"
  transform:m=[[0.606046, 0.0, 0.79543] [0.0, 1.0, 0.0] [-0.79543, 0.0, 0.606046] [-223.988, -2.45697, 1273.79]]
  battle_area_polygon_point__id:t="point7"
  battle_area_polygon_point__nextId:t="point8"
  battle_area_polygon_point__forBattleAreaId:t="area2_2"
}

entity{
  _template:t="battle_area_polygon_point"
  transform:m=[[0.606046, 0.0, 0.79543] [0.0, 1.0, 0.0] [-0.79543, 0.0, 0.606046] [-184.657, -2.45697, 1373.81]]
  battle_area_polygon_point__id:t="point8"
  battle_area_polygon_point__nextId:t="point9"
  battle_area_polygon_point__forBattleAreaId:t="area2_2"
}

entity{
  _template:t="battle_area_polygon_point"
  transform:m=[[0.606046, 0.0, 0.79543] [0.0, 1.0, 0.0] [-0.79543, 0.0, 0.606046] [-199.658, -2.45697, 1449.45]]
  battle_area_polygon_point__id:t="point9"
  battle_area_polygon_point__nextId:t="point1"
  battle_area_polygon_point__forBattleAreaId:t="area2_2"
}

entity{
  _template:t="poly_battle_area"
  transform:m=[[1.0, 0.0, 0.0] [0.0, 1.0, 0.0] [0.0, 0.0, 1.0] [0.0, 0.0, 0.0]]
  groupName:t="sector_2"
  active:b=no
  battle_area__team:i=1
  battleAreaId:t="area2_1"
}

entity{
  _template:t="battle_area_polygon_point"
  transform:m=[[0.606046, 0.0, 0.79543] [0.0, 1.0, 0.0] [-0.79543, 0.0, 0.606046] [5.75145, -2.45697, 1208.75]]
  battle_area_polygon_point__id:t="point1"
  battle_area_polygon_point__nextId:t="point2"
  battle_area_polygon_point__forBattleAreaId:t="area2_1"
}

entity{
  _template:t="battle_area_polygon_point"
  transform:m=[[0.606046, 0.0, 0.79543] [0.0, 1.0, 0.0] [-0.79543, 0.0, 0.606046] [-165.727, -2.45697, 1436.14]]
  battle_area_polygon_point__id:t="point2"
  battle_area_polygon_point__nextId:t="point3"
  battle_area_polygon_point__forBattleAreaId:t="area2_1"
}

entity{
  _template:t="battle_area_polygon_point"
  transform:m=[[0.606046, 0.0, 0.79543] [0.0, 1.0, 0.0] [-0.79543, 0.0, 0.606046] [-372.094, -2.45697, 1288.99]]
  battle_area_polygon_point__id:t="point3"
  battle_area_polygon_point__nextId:t="point4"
  battle_area_polygon_point__forBattleAreaId:t="area2_1"
}

entity{
  _template:t="battle_area_polygon_point"
  transform:m=[[0.606046, 0.0, 0.79543] [0.0, 1.0, 0.0] [-0.79543, 0.0, 0.606046] [-406.252, -2.45695, 1217.92]]
  battle_area_polygon_point__id:t="point4"
  battle_area_polygon_point__nextId:t="point5"
  battle_area_polygon_point__forBattleAreaId:t="area2_1"
}

entity{
  _template:t="battle_area_polygon_point"
  transform:m=[[0.606046, 0.0, 0.79543] [0.0, 1.0, 0.0] [-0.79543, 0.0, 0.606046] [-406.674, -2.45697, 1155.77]]
  battle_area_polygon_point__id:t="point5"
  battle_area_polygon_point__nextId:t="point6"
  battle_area_polygon_point__forBattleAreaId:t="area2_1"
}

entity{
  _template:t="battle_area_polygon_point"
  transform:m=[[0.606046, 0.0, 0.79543] [0.0, 1.0, 0.0] [-0.79543, 0.0, 0.606046] [-348.767, -2.45697, 1128.64]]
  battle_area_polygon_point__id:t="point6"
  battle_area_polygon_point__nextId:t="point7"
  battle_area_polygon_point__forBattleAreaId:t="area2_1"
}

entity{
  _template:t="battle_area_polygon_point"
  transform:m=[[0.606046, 0.0, 0.79543] [0.0, 1.0, 0.0] [-0.79543, 0.0, 0.606046] [-131.864, -2.45697, 1017.56]]
  battle_area_polygon_point__id:t="point7"
  battle_area_polygon_point__nextId:t="point8"
  battle_area_polygon_point__forBattleAreaId:t="area2_1"
}

entity{
  _template:t="battle_area_polygon_point"
  transform:m=[[0.606046, 0.0, 0.79543] [0.0, 1.0, 0.0] [-0.79543, 0.0, 0.606046] [-26.0613, -2.45697, 1165.85]]
  battle_area_polygon_point__id:t="point8"
  battle_area_polygon_point__nextId:t="point1"
  battle_area_polygon_point__forBattleAreaId:t="area2_1"
}

entity{
  _template:t="poly_battle_area"
  transform:m=[[1.0, 0.0, 0.0] [0.0, 1.0, 0.0] [0.0, 0.0, 1.0] [0.0, 0.0, 0.0]]
  groupName:t="sector_3"
  active:b=no
  battle_area__team:i=2
  battleAreaId:t="area3_2"
}

entity{
  _template:t="battle_area_polygon_point"
  transform:m=[[0.606046, 0.0, 0.79543] [0.0, 1.0, 0.0] [-0.79543, 0.0, 0.606046] [-239.215, -2.45697, 1467.74]]
  battle_area_polygon_point__id:t="point1"
  battle_area_polygon_point__nextId:t="point2"
  battle_area_polygon_point__forBattleAreaId:t="area3_2"
}

entity{
  _template:t="battle_area_polygon_point"
  transform:m=[[0.606046, 0.0, 0.79543] [0.0, 1.0, 0.0] [-0.79543, 0.0, 0.606046] [-481.886, -2.45698, 1194.02]]
  battle_area_polygon_point__id:t="point2"
  battle_area_polygon_point__nextId:t="point3"
  battle_area_polygon_point__forBattleAreaId:t="area3_2"
}

entity{
  _template:t="battle_area_polygon_point"
  transform:m=[[0.606046, 0.0, 0.79543] [0.0, 1.0, 0.0] [-0.79543, 0.0, 0.606046] [-235.031, -2.45697, 1073.86]]
  battle_area_polygon_point__id:t="point3"
  battle_area_polygon_point__nextId:t="point4"
  battle_area_polygon_point__forBattleAreaId:t="area3_2"
}

entity{
  _template:t="battle_area_polygon_point"
  transform:m=[[0.606046, 0.0, 0.79543] [0.0, 1.0, 0.0] [-0.79543, 0.0, 0.606046] [-187.335, -2.457, 1101.06]]
  battle_area_polygon_point__id:t="point4"
  battle_area_polygon_point__nextId:t="point5"
  battle_area_polygon_point__forBattleAreaId:t="area3_2"
}

entity{
  _template:t="battle_area_polygon_point"
  transform:m=[[0.606046, 0.0, 0.79543] [0.0, 1.0, 0.0] [-0.79543, 0.0, 0.606046] [-151.446, -2.457, 1136.6]]
  battle_area_polygon_point__id:t="point5"
  battle_area_polygon_point__nextId:t="point6"
  battle_area_polygon_point__forBattleAreaId:t="area3_2"
}

entity{
  _template:t="battle_area_polygon_point"
  transform:m=[[0.606046, 0.0, 0.79543] [0.0, 1.0, 0.0] [-0.79543, 0.0, 0.606046] [-131.448, -2.45695, 1186.65]]
  battle_area_polygon_point__id:t="point6"
  battle_area_polygon_point__nextId:t="point7"
  battle_area_polygon_point__forBattleAreaId:t="area3_2"
}

entity{
  _template:t="battle_area_polygon_point"
  transform:m=[[0.606046, 0.0, 0.79543] [0.0, 1.0, 0.0] [-0.79543, 0.0, 0.606046] [-82.0818, -2.45697, 1264.65]]
  battle_area_polygon_point__id:t="point7"
  battle_area_polygon_point__nextId:t="point1"
  battle_area_polygon_point__forBattleAreaId:t="area3_2"
}

entity{
  _template:t="poly_battle_area"
  transform:m=[[1.0, 0.0, 0.0] [0.0, 1.0, 0.0] [0.0, 0.0, 1.0] [0.0, 0.0, 0.0]]
  groupName:t="sector_3"
  active:b=no
  battle_area__team:i=1
  battleAreaId:t="area3_1"
}

entity{
  _template:t="battle_area_polygon_point"
  transform:m=[[0.606046, 0.0, 0.79543] [0.0, 1.0, 0.0] [-0.79543, 0.0, 0.606046] [-334.75, -2.45694, 1151.16]]
  battle_area_polygon_point__id:t="point1"
  battle_area_polygon_point__nextId:t="point2"
  battle_area_polygon_point__forBattleAreaId:t="area3_1"
}

entity{
  _template:t="battle_area_polygon_point"
  transform:m=[[0.606046, 0.0, 0.79543] [0.0, 1.0, 0.0] [-0.79543, 0.0, 0.606046] [-328.542, -2.45697, 1120.2]]
  battle_area_polygon_point__id:t="point2"
  battle_area_polygon_point__nextId:t="point3"
  battle_area_polygon_point__forBattleAreaId:t="area3_1"
}

entity{
  _template:t="battle_area_polygon_point"
  transform:m=[[0.606046, 0.0, 0.79543] [0.0, 1.0, 0.0] [-0.79543, 0.0, 0.606046] [-32.7391, -2.45697, 966.399]]
  battle_area_polygon_point__id:t="point3"
  battle_area_polygon_point__nextId:t="point4"
  battle_area_polygon_point__forBattleAreaId:t="area3_1"
}

entity{
  _template:t="battle_area_polygon_point"
  transform:m=[[0.606046, 0.0, 0.79543] [0.0, 1.0, 0.0] [-0.79543, 0.0, 0.606046] [90.8058, -2.45697, 1072.45]]
  battle_area_polygon_point__id:t="point4"
  battle_area_polygon_point__nextId:t="point5"
  battle_area_polygon_point__forBattleAreaId:t="area3_1"
}

entity{
  _template:t="battle_area_polygon_point"
  transform:m=[[0.606046, 0.0, 0.79543] [0.0, 1.0, 0.0] [-0.79543, 0.0, 0.606046] [-162.931, -2.45697, 1320.96]]
  battle_area_polygon_point__id:t="point5"
  battle_area_polygon_point__nextId:t="point6"
  battle_area_polygon_point__forBattleAreaId:t="area3_1"
}

entity{
  _template:t="battle_area_polygon_point"
  transform:m=[[0.606046, 0.0, 0.79543] [0.0, 1.0, 0.0] [-0.79543, 0.0, 0.606046] [-213.564, -2.45692, 1307.01]]
  battle_area_polygon_point__id:t="point6"
  battle_area_polygon_point__nextId:t="point7"
  battle_area_polygon_point__forBattleAreaId:t="area3_1"
}

entity{
  _template:t="battle_area_polygon_point"
  transform:m=[[0.606046, 0.0, 0.79543] [0.0, 1.0, 0.0] [-0.79543, 0.0, 0.606046] [-254.216, -2.45694, 1278.53]]
  battle_area_polygon_point__id:t="point7"
  battle_area_polygon_point__nextId:t="point8"
  battle_area_polygon_point__forBattleAreaId:t="area3_1"
}

entity{
  _template:t="battle_area_polygon_point"
  transform:m=[[0.606046, 0.0, 0.79543] [0.0, 1.0, 0.0] [-0.79543, 0.0, 0.606046] [-287.7, -2.45694, 1241.55]]
  battle_area_polygon_point__id:t="point8"
  battle_area_polygon_point__nextId:t="point9"
  battle_area_polygon_point__forBattleAreaId:t="area3_1"
}

entity{
  _template:t="battle_area_polygon_point"
  transform:m=[[0.606046, 0.0, 0.79543] [0.0, 1.0, 0.0] [-0.79543, 0.0, 0.606046] [-321.118, -2.45694, 1191.95]]
  battle_area_polygon_point__id:t="point9"
  battle_area_polygon_point__nextId:t="point1"
  battle_area_polygon_point__forBattleAreaId:t="area3_1"
}

entity{
  _template:t="poly_battle_area"
  transform:m=[[1.0, 0.0, 0.0] [0.0, 1.0, 0.0] [0.0, 0.0, 1.0] [0.0, 0.0, 0.0]]
  groupName:t="sector_4"
  active:b=no
  battle_area__team:i=2
  battleAreaId:t="area4_2"
}

entity{
  _template:t="battle_area_polygon_point"
  transform:m=[[0.606046, 0.0, 0.79543] [0.0, 1.0, 0.0] [-0.79543, 0.0, 0.606046] [-221.646, -2.45697, 1359.22]]
  battle_area_polygon_point__id:t="point1"
  battle_area_polygon_point__nextId:t="point2"
  battle_area_polygon_point__forBattleAreaId:t="area4_2"
}

entity{
  _template:t="battle_area_polygon_point"
  transform:m=[[0.606046, 0.0, 0.79543] [0.0, 1.0, 0.0] [-0.79543, 0.0, 0.606046] [-384.239, -2.45697, 1145.1]]
  battle_area_polygon_point__id:t="point2"
  battle_area_polygon_point__nextId:t="point3"
  battle_area_polygon_point__forBattleAreaId:t="area4_2"
}

entity{
  _template:t="battle_area_polygon_point"
  transform:m=[[0.606046, 0.0, 0.79543] [0.0, 1.0, 0.0] [-0.79543, 0.0, 0.606046] [-122.414, -2.45697, 1015.47]]
  battle_area_polygon_point__id:t="point3"
  battle_area_polygon_point__nextId:t="point4"
  battle_area_polygon_point__forBattleAreaId:t="area4_2"
}

entity{
  _template:t="battle_area_polygon_point"
  transform:m=[[0.606046, 0.0, 0.79543] [0.0, 1.0, 0.0] [-0.79543, 0.0, 0.606046] [-13.0863, -2.45697, 1157.52]]
  battle_area_polygon_point__id:t="point4"
  battle_area_polygon_point__nextId:t="point1"
  battle_area_polygon_point__forBattleAreaId:t="area4_2"
}

entity{
  _template:t="poly_battle_area"
  transform:m=[[1.0, 0.0, 0.0] [0.0, 1.0, 0.0] [0.0, 0.0, 1.0] [0.0, 0.0, 0.0]]
  groupName:t="sector_4"
  active:b=no
  battle_area__team:i=1
  battleAreaId:t="area4_1"
}

entity{
  _template:t="battle_area_polygon_point"
  transform:m=[[0.606046, 0.0, 0.79543] [0.0, 1.0, 0.0] [-0.79543, 0.0, 0.606046] [-37.6641, -2.45697, 1245.48]]
  battle_area_polygon_point__id:t="point1"
  battle_area_polygon_point__nextId:t="point2"
  battle_area_polygon_point__forBattleAreaId:t="area4_1"
}

entity{
  _template:t="battle_area_polygon_point"
  transform:m=[[0.606046, 0.0, 0.79543] [0.0, 1.0, 0.0] [-0.79543, 0.0, 0.606046] [-105.826, -2.45697, 1249.34]]
  battle_area_polygon_point__id:t="point2"
  battle_area_polygon_point__nextId:t="point3"
  battle_area_polygon_point__forBattleAreaId:t="area4_1"
}

entity{
  _template:t="battle_area_polygon_point"
  transform:m=[[0.606046, 0.0, 0.79543] [0.0, 1.0, 0.0] [-0.79543, 0.0, 0.606046] [-198.378, -2.45697, 1129.14]]
  battle_area_polygon_point__id:t="point3"
  battle_area_polygon_point__nextId:t="point4"
  battle_area_polygon_point__forBattleAreaId:t="area4_1"
}

entity{
  _template:t="battle_area_polygon_point"
  transform:m=[[0.606046, 0.0, 0.79543] [0.0, 1.0, 0.0] [-0.79543, 0.0, 0.606046] [-195.694, -2.45695, 1054.0]]
  battle_area_polygon_point__id:t="point4"
  battle_area_polygon_point__nextId:t="point5"
  battle_area_polygon_point__forBattleAreaId:t="area4_1"
}

entity{
  _template:t="battle_area_polygon_point"
  transform:m=[[0.606046, 0.0, 0.79543] [0.0, 1.0, 0.0] [-0.79543, 0.0, 0.606046] [-83.8444, -2.45697, 995.147]]
  battle_area_polygon_point__id:t="point5"
  battle_area_polygon_point__nextId:t="point6"
  battle_area_polygon_point__forBattleAreaId:t="area4_1"
}

entity{
  _template:t="battle_area_polygon_point"
  transform:m=[[0.606046, 0.0, 0.79543] [0.0, 1.0, 0.0] [-0.79543, 0.0, 0.606046] [29.984, -2.45697, 939.505]]
  battle_area_polygon_point__id:t="point6"
  battle_area_polygon_point__nextId:t="point7"
  battle_area_polygon_point__forBattleAreaId:t="area4_1"
}

entity{
  _template:t="battle_area_polygon_point"
  transform:m=[[0.606046, 0.0, 0.79543] [0.0, 1.0, 0.0] [-0.79543, 0.0, 0.606046] [85.0385, -2.45697, 977.348]]
  battle_area_polygon_point__id:t="point7"
  battle_area_polygon_point__nextId:t="point8"
  battle_area_polygon_point__forBattleAreaId:t="area4_1"
}

entity{
  _template:t="battle_area_polygon_point"
  transform:m=[[0.606046, 0.0, 0.79543] [0.0, 1.0, 0.0] [-0.79543, 0.0, 0.606046] [112.221, -2.45697, 1029.03]]
  battle_area_polygon_point__id:t="point8"
  battle_area_polygon_point__nextId:t="point9"
  battle_area_polygon_point__forBattleAreaId:t="area4_1"
}

entity{
  _template:t="battle_area_polygon_point"
  transform:m=[[0.606046, 0.0, 0.79543] [0.0, 1.0, 0.0] [-0.79543, 0.0, 0.606046] [104.541, -2.45697, 1093.3]]
  battle_area_polygon_point__id:t="point9"
  battle_area_polygon_point__nextId:t="point1"
  battle_area_polygon_point__forBattleAreaId:t="area4_1"
}

entity{
  _template:t="poly_battle_area"
  transform:m=[[1.0, 0.0, 0.0] [0.0, 1.0, 0.0] [0.0, 0.0, 1.0] [0.0, 0.0, 0.0]]
  groupName:t="sector_5"
  active:b=no
  battle_area__team:i=2
  battleAreaId:t="area5_2"
}

entity{
  _template:t="battle_area_polygon_point"
  transform:m=[[0.606046, 0.0, 0.79543] [0.0, 1.0, 0.0] [-0.79543, 0.0, 0.606046] [-116.133, -2.45697, 1452.52]]
  battle_area_polygon_point__id:t="point1"
  battle_area_polygon_point__nextId:t="point2"
  battle_area_polygon_point__forBattleAreaId:t="area5_2"
}

entity{
  _template:t="battle_area_polygon_point"
  transform:m=[[0.606046, 0.0, 0.79543] [0.0, 1.0, 0.0] [-0.79543, 0.0, 0.606046] [-187.719, -2.45697, 1401.36]]
  battle_area_polygon_point__id:t="point2"
  battle_area_polygon_point__nextId:t="point3"
  battle_area_polygon_point__forBattleAreaId:t="area5_2"
}

entity{
  _template:t="battle_area_polygon_point"
  transform:m=[[0.606046, 0.0, 0.79543] [0.0, 1.0, 0.0] [-0.79543, 0.0, 0.606046] [-222.232, -2.45697, 1358.28]]
  battle_area_polygon_point__id:t="point3"
  battle_area_polygon_point__nextId:t="point4"
  battle_area_polygon_point__forBattleAreaId:t="area5_2"
}

entity{
  _template:t="battle_area_polygon_point"
  transform:m=[[0.606046, 0.0, 0.79543] [0.0, 1.0, 0.0] [-0.79543, 0.0, 0.606046] [-211.315, -2.45697, 1294.42]]
  battle_area_polygon_point__id:t="point4"
  battle_area_polygon_point__nextId:t="point5"
  battle_area_polygon_point__forBattleAreaId:t="area5_2"
}

entity{
  _template:t="battle_area_polygon_point"
  transform:m=[[0.606046, 0.0, 0.79543] [0.0, 1.0, 0.0] [-0.79543, 0.0, 0.606046] [-225.598, -2.45697, 1237.34]]
  battle_area_polygon_point__id:t="point5"
  battle_area_polygon_point__nextId:t="point6"
  battle_area_polygon_point__forBattleAreaId:t="area5_2"
}

entity{
  _template:t="battle_area_polygon_point"
  transform:m=[[0.606046, 0.0, 0.79543] [0.0, 1.0, 0.0] [-0.79543, 0.0, 0.606046] [-242.626, -2.45697, 1170.11]]
  battle_area_polygon_point__id:t="point6"
  battle_area_polygon_point__nextId:t="point7"
  battle_area_polygon_point__forBattleAreaId:t="area5_2"
}

entity{
  _template:t="battle_area_polygon_point"
  transform:m=[[0.606046, 0.0, 0.79543] [0.0, 1.0, 0.0] [-0.79543, 0.0, 0.606046] [-189.605, -2.45697, 1068.01]]
  battle_area_polygon_point__id:t="point7"
  battle_area_polygon_point__nextId:t="point8"
  battle_area_polygon_point__forBattleAreaId:t="area5_2"
}

entity{
  _template:t="battle_area_polygon_point"
  transform:m=[[0.606046, 0.0, 0.79543] [0.0, 1.0, 0.0] [-0.79543, 0.0, 0.606046] [-114.689, -2.45697, 1029.5]]
  battle_area_polygon_point__id:t="point8"
  battle_area_polygon_point__nextId:t="point9"
  battle_area_polygon_point__forBattleAreaId:t="area5_2"
}

entity{
  _template:t="battle_area_polygon_point"
  transform:m=[[0.606046, 0.0, 0.79543] [0.0, 1.0, 0.0] [-0.79543, 0.0, 0.606046] [4.88226, -2.45697, 1045.37]]
  battle_area_polygon_point__id:t="point9"
  battle_area_polygon_point__nextId:t="point10"
  battle_area_polygon_point__forBattleAreaId:t="area5_2"
}

entity{
  _template:t="battle_area_polygon_point"
  transform:m=[[0.606046, 0.0, 0.79543] [0.0, 1.0, 0.0] [-0.79543, 0.0, 0.606046] [105.268, -2.45697, 1176.6]]
  battle_area_polygon_point__id:t="point10"
  battle_area_polygon_point__nextId:t="point11"
  battle_area_polygon_point__forBattleAreaId:t="area5_2"
}

entity{
  _template:t="battle_area_polygon_point"
  transform:m=[[0.606046, 0.0, 0.79543] [0.0, 1.0, 0.0] [-0.79543, 0.0, 0.606046] [87.7126, -2.45697, 1237.33]]
  battle_area_polygon_point__id:t="point11"
  battle_area_polygon_point__nextId:t="point12"
  battle_area_polygon_point__forBattleAreaId:t="area5_2"
}

entity{
  _template:t="battle_area_polygon_point"
  transform:m=[[0.606046, 0.0, 0.79543] [0.0, 1.0, 0.0] [-0.79543, 0.0, 0.606046] [84.5412, -2.45697, 1275.26]]
  battle_area_polygon_point__id:t="point12"
  battle_area_polygon_point__nextId:t="point13"
  battle_area_polygon_point__forBattleAreaId:t="area5_2"
}

entity{
  _template:t="battle_area_polygon_point"
  transform:m=[[0.606046, 0.0, 0.79543] [0.0, 1.0, 0.0] [-0.79543, 0.0, 0.606046] [65.9013, -2.45697, 1332.83]]
  battle_area_polygon_point__id:t="point13"
  battle_area_polygon_point__nextId:t="point14"
  battle_area_polygon_point__forBattleAreaId:t="area5_2"
}

entity{
  _template:t="battle_area_polygon_point"
  transform:m=[[0.606046, 0.0, 0.79543] [0.0, 1.0, 0.0] [-0.79543, 0.0, 0.606046] [33.864, -2.45697, 1362.92]]
  battle_area_polygon_point__id:t="point14"
  battle_area_polygon_point__nextId:t="point15"
  battle_area_polygon_point__forBattleAreaId:t="area5_2"
}

entity{
  _template:t="battle_area_polygon_point"
  transform:m=[[0.606046, 0.0, 0.79543] [0.0, 1.0, 0.0] [-0.79543, 0.0, 0.606046] [-5.77919, -2.45692, 1390.54]]
  battle_area_polygon_point__id:t="point15"
  battle_area_polygon_point__nextId:t="point16"
  battle_area_polygon_point__forBattleAreaId:t="area5_2"
}

entity{
  _template:t="battle_area_polygon_point"
  transform:m=[[0.606046, 0.0, 0.79543] [0.0, 1.0, 0.0] [-0.79543, 0.0, 0.606046] [-84.589, -2.45697, 1416.57]]
  battle_area_polygon_point__id:t="point16"
  battle_area_polygon_point__nextId:t="point1"
  battle_area_polygon_point__forBattleAreaId:t="area5_2"
}

entity{
  _template:t="poly_battle_area"
  transform:m=[[1.0, 0.0, 0.0] [0.0, 1.0, 0.0] [0.0, 0.0, 1.0] [0.0, 0.0, 0.0]]
  groupName:t="sector_5"
  active:b=no
  battle_area__team:i=1
  battleAreaId:t="area5_1"
}

entity{
  _template:t="battle_area_polygon_point"
  transform:m=[[0.606046, 0.0, 0.79543] [0.0, 1.0, 0.0] [-0.79543, 0.0, 0.606046] [141.026, -2.45697, 1436.45]]
  battle_area_polygon_point__id:t="point1"
  battle_area_polygon_point__nextId:t="point2"
  battle_area_polygon_point__forBattleAreaId:t="area5_1"
}

entity{
  _template:t="battle_area_polygon_point"
  transform:m=[[0.606046, 0.0, 0.79543] [0.0, 1.0, 0.0] [-0.79543, 0.0, 0.606046] [-30.3059, -2.45697, 1514.81]]
  battle_area_polygon_point__id:t="point2"
  battle_area_polygon_point__nextId:t="point3"
  battle_area_polygon_point__forBattleAreaId:t="area5_1"
}

entity{
  _template:t="battle_area_polygon_point"
  transform:m=[[0.606046, 0.0, 0.79543] [0.0, 1.0, 0.0] [-0.79543, 0.0, 0.606046] [-77.9939, -2.45697, 1483.34]]
  battle_area_polygon_point__id:t="point3"
  battle_area_polygon_point__nextId:t="point4"
  battle_area_polygon_point__forBattleAreaId:t="area5_1"
}

entity{
  _template:t="battle_area_polygon_point"
  transform:m=[[0.606046, 0.0, 0.79543] [0.0, 1.0, 0.0] [-0.79543, 0.0, 0.606046] [-121.077, -2.45697, 1455.88]]
  battle_area_polygon_point__id:t="point4"
  battle_area_polygon_point__nextId:t="point5"
  battle_area_polygon_point__forBattleAreaId:t="area5_1"
}

entity{
  _template:t="battle_area_polygon_point"
  transform:m=[[0.606046, 0.0, 0.79543] [0.0, 1.0, 0.0] [-0.79543, 0.0, 0.606046] [-187.351, -2.45697, 1402.87]]
  battle_area_polygon_point__id:t="point5"
  battle_area_polygon_point__nextId:t="point6"
  battle_area_polygon_point__forBattleAreaId:t="area5_1"
}

entity{
  _template:t="battle_area_polygon_point"
  transform:m=[[0.606046, 0.0, 0.79543] [0.0, 1.0, 0.0] [-0.79543, 0.0, 0.606046] [-147.995, -2.45697, 1293.87]]
  battle_area_polygon_point__id:t="point6"
  battle_area_polygon_point__nextId:t="point7"
  battle_area_polygon_point__forBattleAreaId:t="area5_1"
}

entity{
  _template:t="battle_area_polygon_point"
  transform:m=[[0.606046, 0.0, 0.79543] [0.0, 1.0, 0.0] [-0.79543, 0.0, 0.606046] [-64.493, -2.45697, 1198.46]]
  battle_area_polygon_point__id:t="point7"
  battle_area_polygon_point__nextId:t="point8"
  battle_area_polygon_point__forBattleAreaId:t="area5_1"
}

entity{
  _template:t="battle_area_polygon_point"
  transform:m=[[0.606046, 0.0, 0.79543] [0.0, 1.0, 0.0] [-0.79543, 0.0, 0.606046] [83.3733, -2.45697, 1056.29]]
  battle_area_polygon_point__id:t="point8"
  battle_area_polygon_point__nextId:t="point9"
  battle_area_polygon_point__forBattleAreaId:t="area5_1"
}

entity{
  _template:t="battle_area_polygon_point"
  transform:m=[[0.606046, 0.0, 0.79543] [0.0, 1.0, 0.0] [-0.79543, 0.0, 0.606046] [188.081, -2.45697, 1216.55]]
  battle_area_polygon_point__id:t="point9"
  battle_area_polygon_point__nextId:t="point10"
  battle_area_polygon_point__forBattleAreaId:t="area5_1"
}

entity{
  _template:t="battle_area_polygon_point"
  transform:m=[[0.606046, 0.0, 0.79543] [0.0, 1.0, 0.0] [-0.79543, 0.0, 0.606046] [274.144, -2.45697, 1367.52]]
  battle_area_polygon_point__id:t="point10"
  battle_area_polygon_point__nextId:t="point1"
  battle_area_polygon_point__forBattleAreaId:t="area5_1"
}

entity{
  _template:t="poly_battle_area"
  transform:m=[[1.0, 0.0, 0.0] [0.0, 1.0, 0.0] [0.0, 0.0, 1.0] [0.0, 0.0, 0.0]]
  groupName:t="sector_2_b"
  active:b=no
  battle_area__team:i=2
  battleAreaId:t="area2_b_2"
}

entity{
  _template:t="battle_area_polygon_point"
  transform:m=[[0.606046, 0.0, 0.79543] [0.0, 1.0, 0.0] [-0.79543, 0.0, 0.606046] [-290.802, -2.45697, 1538.19]]
  battle_area_polygon_point__id:t="point1"
  battle_area_polygon_point__nextId:t="point2"
  battle_area_polygon_point__forBattleAreaId:t="area2_b_2"
}

entity{
  _template:t="battle_area_polygon_point"
  transform:m=[[0.606046, 0.0, 0.79543] [0.0, 1.0, 0.0] [-0.79543, 0.0, 0.606046] [-588.778, -2.45697, 1289.31]]
  battle_area_polygon_point__id:t="point2"
  battle_area_polygon_point__nextId:t="point3"
  battle_area_polygon_point__forBattleAreaId:t="area2_b_2"
}

entity{
  _template:t="battle_area_polygon_point"
  transform:m=[[0.606046, 0.0, 0.79543] [0.0, 1.0, 0.0] [-0.79543, 0.0, 0.606046] [-489.411, -2.45697, 1195.71]]
  battle_area_polygon_point__id:t="point3"
  battle_area_polygon_point__nextId:t="point4"
  battle_area_polygon_point__forBattleAreaId:t="area2_b_2"
}

entity{
  _template:t="battle_area_polygon_point"
  transform:m=[[0.606046, 0.0, 0.79543] [0.0, 1.0, 0.0] [-0.79543, 0.0, 0.606046] [-329.811, -2.45697, 1118.33]]
  battle_area_polygon_point__id:t="point4"
  battle_area_polygon_point__nextId:t="point5"
  battle_area_polygon_point__forBattleAreaId:t="area2_b_2"
}

entity{
  _template:t="battle_area_polygon_point"
  transform:m=[[0.606046, 0.0, 0.79543] [0.0, 1.0, 0.0] [-0.79543, 0.0, 0.606046] [-292.181, -2.45697, 1181.24]]
  battle_area_polygon_point__id:t="point5"
  battle_area_polygon_point__nextId:t="point6"
  battle_area_polygon_point__forBattleAreaId:t="area2_b_2"
}

entity{
  _template:t="battle_area_polygon_point"
  transform:m=[[0.606046, 0.0, 0.79543] [0.0, 1.0, 0.0] [-0.79543, 0.0, 0.606046] [-225.156, -2.45697, 1211.82]]
  battle_area_polygon_point__id:t="point6"
  battle_area_polygon_point__nextId:t="point7"
  battle_area_polygon_point__forBattleAreaId:t="area2_b_2"
}

entity{
  _template:t="battle_area_polygon_point"
  transform:m=[[0.606046, 0.0, 0.79543] [0.0, 1.0, 0.0] [-0.79543, 0.0, 0.606046] [-198.173, -2.45697, 1257.46]]
  battle_area_polygon_point__id:t="point7"
  battle_area_polygon_point__nextId:t="point8"
  battle_area_polygon_point__forBattleAreaId:t="area2_b_2"
}

entity{
  _template:t="battle_area_polygon_point"
  transform:m=[[0.606046, 0.0, 0.79543] [0.0, 1.0, 0.0] [-0.79543, 0.0, 0.606046] [-166.832, -2.45697, 1358.45]]
  battle_area_polygon_point__id:t="point8"
  battle_area_polygon_point__nextId:t="point9"
  battle_area_polygon_point__forBattleAreaId:t="area2_b_2"
}

entity{
  _template:t="battle_area_polygon_point"
  transform:m=[[0.606046, 0.0, 0.79543] [0.0, 1.0, 0.0] [-0.79543, 0.0, 0.606046] [-195.39, -2.45696, 1434.03]]
  battle_area_polygon_point__id:t="point9"
  battle_area_polygon_point__nextId:t="point1"
  battle_area_polygon_point__forBattleAreaId:t="area2_b_2"
}

entity{
  _template:t="poly_battle_area"
  transform:m=[[1.0, 0.0, 0.0] [0.0, 1.0, 0.0] [0.0, 0.0, 1.0] [0.0, 0.0, 0.0]]
  groupName:t="sector_2_b"
  active:b=no
  battle_area__team:i=1
  battleAreaId:t="area2_b_1"
}

entity{
  _template:t="battle_area_polygon_point"
  transform:m=[[0.606046, 0.0, 0.79543] [0.0, 1.0, 0.0] [-0.79543, 0.0, 0.606046] [-120.57, -2.45697, 1262.67]]
  battle_area_polygon_point__id:t="point1"
  battle_area_polygon_point__nextId:t="point2"
  battle_area_polygon_point__forBattleAreaId:t="area2_b_1"
}

entity{
  _template:t="battle_area_polygon_point"
  transform:m=[[0.606046, 0.0, 0.79543] [0.0, 1.0, 0.0] [-0.79543, 0.0, 0.606046] [-165.073, -2.45697, 1364.89]]
  battle_area_polygon_point__id:t="point2"
  battle_area_polygon_point__nextId:t="point3"
  battle_area_polygon_point__forBattleAreaId:t="area2_b_1"
}

entity{
  _template:t="battle_area_polygon_point"
  transform:m=[[0.606046, 0.0, 0.79543] [0.0, 1.0, 0.0] [-0.79543, 0.0, 0.606046] [-204.424, -2.45695, 1436.84]]
  battle_area_polygon_point__id:t="point3"
  battle_area_polygon_point__nextId:t="point4"
  battle_area_polygon_point__forBattleAreaId:t="area2_b_1"
}

entity{
  _template:t="battle_area_polygon_point"
  transform:m=[[0.606046, 0.0, 0.79543] [0.0, 1.0, 0.0] [-0.79543, 0.0, 0.606046] [-342.533, -2.45697, 1302.52]]
  battle_area_polygon_point__id:t="point4"
  battle_area_polygon_point__nextId:t="point5"
  battle_area_polygon_point__forBattleAreaId:t="area2_b_1"
}

entity{
  _template:t="battle_area_polygon_point"
  transform:m=[[0.606046, 0.0, 0.79543] [0.0, 1.0, 0.0] [-0.79543, 0.0, 0.606046] [-395.216, -2.45697, 1153.05]]
  battle_area_polygon_point__id:t="point5"
  battle_area_polygon_point__nextId:t="point6"
  battle_area_polygon_point__forBattleAreaId:t="area2_b_1"
}

entity{
  _template:t="battle_area_polygon_point"
  transform:m=[[0.606046, 0.0, 0.79543] [0.0, 1.0, 0.0] [-0.79543, 0.0, 0.606046] [-328.892, -2.45692, 1118.35]]
  battle_area_polygon_point__id:t="point6"
  battle_area_polygon_point__nextId:t="point7"
  battle_area_polygon_point__forBattleAreaId:t="area2_b_1"
}

entity{
  _template:t="battle_area_polygon_point"
  transform:m=[[0.606046, 0.0, 0.79543] [0.0, 1.0, 0.0] [-0.79543, 0.0, 0.606046] [-131.742, -2.45697, 1017.8]]
  battle_area_polygon_point__id:t="point7"
  battle_area_polygon_point__nextId:t="point8"
  battle_area_polygon_point__forBattleAreaId:t="area2_b_1"
}

entity{
  _template:t="battle_area_polygon_point"
  transform:m=[[0.606046, 0.0, 0.79543] [0.0, 1.0, 0.0] [-0.79543, 0.0, 0.606046] [-15.8175, -2.45697, 1156.45]]
  battle_area_polygon_point__id:t="point8"
  battle_area_polygon_point__nextId:t="point1"
  battle_area_polygon_point__forBattleAreaId:t="area2_b_1"
}

entity{
  _template:t="poly_battle_area"
  transform:m=[[1.0, 0.0, 0.0] [0.0, 1.0, 0.0] [0.0, 0.0, 1.0] [0.0, 0.0, 0.0]]
  groupName:t="sector_4_b"
  active:b=no
  battle_area__team:i=2
  battleAreaId:t="area4_b_2"
}

entity{
  _template:t="battle_area_polygon_point"
  transform:m=[[0.606046, 0.0, 0.79543] [0.0, 1.0, 0.0] [-0.79543, 0.0, 0.606046] [-221.697, -2.45697, 1359.25]]
  battle_area_polygon_point__id:t="point1"
  battle_area_polygon_point__nextId:t="point2"
  battle_area_polygon_point__forBattleAreaId:t="area4_b_2"
}

entity{
  _template:t="battle_area_polygon_point"
  transform:m=[[0.606046, 0.0, 0.79543] [0.0, 1.0, 0.0] [-0.79543, 0.0, 0.606046] [-374.971, -2.45697, 1143.33]]
  battle_area_polygon_point__id:t="point2"
  battle_area_polygon_point__nextId:t="point3"
  battle_area_polygon_point__forBattleAreaId:t="area4_b_2"
}

entity{
  _template:t="battle_area_polygon_point"
  transform:m=[[0.606046, 0.0, 0.79543] [0.0, 1.0, 0.0] [-0.79543, 0.0, 0.606046] [-153.18, -2.45695, 1034.89]]
  battle_area_polygon_point__id:t="point3"
  battle_area_polygon_point__nextId:t="point4"
  battle_area_polygon_point__forBattleAreaId:t="area4_b_2"
}

entity{
  _template:t="battle_area_polygon_point"
  transform:m=[[0.606046, 0.0, 0.79543] [0.0, 1.0, 0.0] [-0.79543, 0.0, 0.606046] [-30.7934, -2.45697, 1192.93]]
  battle_area_polygon_point__id:t="point4"
  battle_area_polygon_point__nextId:t="point1"
  battle_area_polygon_point__forBattleAreaId:t="area4_b_2"
}

entity{
  _template:t="poly_battle_area"
  transform:m=[[1.0, 0.0, 0.0] [0.0, 1.0, 0.0] [0.0, 0.0, 1.0] [0.0, 0.0, 0.0]]
  groupName:t="sector_4_b"
  active:b=no
  battle_area__team:i=1
  battleAreaId:t="area4_b_1"
}

entity{
  _template:t="battle_area_polygon_point"
  transform:m=[[0.606046, 0.0, 0.79543] [0.0, 1.0, 0.0] [-0.79543, 0.0, 0.606046] [-41.6062, -2.45697, 1252.31]]
  battle_area_polygon_point__id:t="point1"
  battle_area_polygon_point__nextId:t="point2"
  battle_area_polygon_point__forBattleAreaId:t="area4_b_1"
}

entity{
  _template:t="battle_area_polygon_point"
  transform:m=[[0.606046, 0.0, 0.79543] [0.0, 1.0, 0.0] [-0.79543, 0.0, 0.606046] [-144.229, -2.45697, 1291.66]]
  battle_area_polygon_point__id:t="point2"
  battle_area_polygon_point__nextId:t="point3"
  battle_area_polygon_point__forBattleAreaId:t="area4_b_1"
}

entity{
  _template:t="battle_area_polygon_point"
  transform:m=[[0.606046, 0.0, 0.79543] [0.0, 1.0, 0.0] [-0.79543, 0.0, 0.606046] [-242.225, -2.45697, 1151.37]]
  battle_area_polygon_point__id:t="point3"
  battle_area_polygon_point__nextId:t="point4"
  battle_area_polygon_point__forBattleAreaId:t="area4_b_1"
}

entity{
  _template:t="battle_area_polygon_point"
  transform:m=[[0.606046, 0.0, 0.79543] [0.0, 1.0, 0.0] [-0.79543, 0.0, 0.606046] [-226.906, -2.45697, 1068.95]]
  battle_area_polygon_point__id:t="point4"
  battle_area_polygon_point__nextId:t="point5"
  battle_area_polygon_point__forBattleAreaId:t="area4_b_1"
}

entity{
  _template:t="battle_area_polygon_point"
  transform:m=[[0.606046, 0.0, 0.79543] [0.0, 1.0, 0.0] [-0.79543, 0.0, 0.606046] [-32.2388, -2.457, 967.091]]
  battle_area_polygon_point__id:t="point5"
  battle_area_polygon_point__nextId:t="point6"
  battle_area_polygon_point__forBattleAreaId:t="area4_b_1"
}

entity{
  _template:t="battle_area_polygon_point"
  transform:m=[[0.606046, 0.0, 0.79543] [0.0, 1.0, 0.0] [-0.79543, 0.0, 0.606046] [29.809, -2.45697, 938.55]]
  battle_area_polygon_point__id:t="point6"
  battle_area_polygon_point__nextId:t="point7"
  battle_area_polygon_point__forBattleAreaId:t="area4_b_1"
}

entity{
  _template:t="battle_area_polygon_point"
  transform:m=[[0.606046, 0.0, 0.79543] [0.0, 1.0, 0.0] [-0.79543, 0.0, 0.606046] [85.1861, -2.45697, 977.183]]
