import{
  scene:t="content/enlisted/gamedata/scenes/_volokolamsk_sounds.blk"
  scene:t="content/enlisted/gamedata/scenes/_volokolamsk_winter_biome_fx.blk"
  scene:t="content/enlisted/gamedata/scenes/_volokolamsk_winter_grove_fx.blk"
}

entity{
  _template:t="minimap_battle_of_moscow_volokolamsk_countryside_winter"
}

entity{
  _template:t="wind"
}

entity{
  _template:t="postfx_color_grading_tonemap_death_alive_enlisted"
}

entity{
  _template:t="shaderVars"

  "shader_vars__vars:object"{
    hmap_displacement_up:r=0.3
    ocean1:c=142, 137, 71, 0
    ocean0:c=76, 63, 5, 0
    ocean_density:r=0.1
    land_selfillum_worldscale:r=0.9
    river1:c=142, 137, 71, 0
    river0:c=76, 63, 5, 0
    hmap_displacement_down:r=-0.15
    puddle_flat_hmap_reduce:r=0.03
    autodetect_land_selfillum_color:p4=0.53, 0.0, 0.0, 0.16
    paint_details_tex:t="volokolamsk_building_colors_tex_palette*"
    land_selfillum_strength:r=32.0
    water_color_noise_size:r=71.0
    river_density:r=0.3
  }
}

entity{
  _template:t="postfx_roundctrl"
}

entity{
  _template:t="door_mult_ent_generator"
  ri_extra_gen__blk:t="content/e_moscow/gamedata/volokolamsk_doors.blk"
}

entity{
  _template:t="session_finalizer"
  session_finalizer__timer:r=10.0
}

entity{
  _template:t="briefing_domination"
  mission_name:t="volokolamsk_grove_dom"

  "loading_images:list<t>"{
    item:t="ui/volokolamsk_grove_01.jpg"
    item:t="ui/volokolamsk_grove_02.jpg"
    item:t="ui/volokolamsk_grove_03.jpg"
  }
}

entity{
  _template:t="team_ussr+team_narrator_domination+respawn_creators_team"
  team__id:i=1
  team__score:r=2500.0
  team__scoreCap:r=2500.0
  score_bleed__domBleed:r=4.0
  score_bleed__domBleedOn:b=no
  score_bleed__totalDomZoneCount:i=3
  score_bleed__totalDomBleedMul:r=2.0
  score_bleed__totalDomBleedOn:b=no
  team__briefing:t="domination/common_goals"
  team__numZonesCaptured:i=0
  team__deathPenalty:r=2.0
  team__spawnBotArmy:t="moscow_allies"
}

entity{
  _template:t="team_germany_winter+team_narrator_domination+respawn_creators_team"
  team__id:i=2
  team__score:r=2500.0
  team__scoreCap:r=2500.0
  score_bleed__domBleed:r=4.0
  score_bleed__domBleedOn:b=no
  score_bleed__totalDomZoneCount:i=3
  score_bleed__totalDomBleedMul:r=2.0
  score_bleed__totalDomBleedOn:b=no
  team__briefing:t="domination/common_goals"
  team__numZonesCaptured:i=0
  team__deathPenalty:r=2.0
  team__spawnBotArmy:t="moscow_axis"
}

entity{
  _template:t="poly_battle_area"
  transform:m=[[1.0, 0.0, 0.0] [0.0, 1.0, 0.0] [0.0, 0.0, 1.0] [0.0, 0.0, 0.0]]
  battle_area__team:i=1
  battleAreaId:t="area1"
}

entity{
  _template:t="battle_area_polygon_point"
  transform:m=[[1.0, 0.0, 0.0] [0.0, 1.0, 0.0] [0.0, 0.0, 1.0] [513.052, -2.922, 1632.11]]
  battle_area_polygon_point__id:t="point1"
  battle_area_polygon_point__nextId:t="point2"
  battle_area_polygon_point__forBattleAreaId:t="area1"
}

entity{
  _template:t="battle_area_polygon_point"
  transform:m=[[1.0, 0.0, 0.0] [0.0, 1.0, 0.0] [0.0, 0.0, 1.0] [570.725, -2.922, 1679.83]]
  battle_area_polygon_point__id:t="point2"
  battle_area_polygon_point__nextId:t="point3"
  battle_area_polygon_point__forBattleAreaId:t="area1"
}

entity{
  _template:t="battle_area_polygon_point"
  transform:m=[[1.0, 0.0, 0.0] [0.0, 1.0, 0.0] [0.0, 0.0, 1.0] [732.107, -2.922, 1802.13]]
  battle_area_polygon_point__id:t="point3"
  battle_area_polygon_point__nextId:t="point4"
  battle_area_polygon_point__forBattleAreaId:t="area1"
}

entity{
  _template:t="battle_area_polygon_point"
  transform:m=[[1.0, 0.0, 0.0] [0.0, 1.0, 0.0] [0.0, 0.0, 1.0] [667.909, -2.922, 1876.1]]
  battle_area_polygon_point__id:t="point4"
  battle_area_polygon_point__nextId:t="point5"
  battle_area_polygon_point__forBattleAreaId:t="area1"
}

entity{
  _template:t="battle_area_polygon_point"
  transform:m=[[1.0, 0.0, 0.0] [0.0, 1.0, 0.0] [0.0, 0.0, 1.0] [591.929, -2.922, 1935.45]]
  battle_area_polygon_point__id:t="point5"
  battle_area_polygon_point__nextId:t="point6"
  battle_area_polygon_point__forBattleAreaId:t="area1"
}

entity{
  _template:t="battle_area_polygon_point"
  transform:m=[[1.0, 0.0, 0.0] [0.0, 1.0, 0.0] [0.0, 0.0, 1.0] [447.975, -2.922, 1941.11]]
  battle_area_polygon_point__id:t="point6"
  battle_area_polygon_point__nextId:t="point7"
  battle_area_polygon_point__forBattleAreaId:t="area1"
}

entity{
  _template:t="battle_area_polygon_point"
  transform:m=[[1.0, 0.0, 0.0] [0.0, 1.0, 0.0] [0.0, 0.0, 1.0] [326.644, -2.922, 1857.14]]
  battle_area_polygon_point__id:t="point7"
  battle_area_polygon_point__nextId:t="point8"
  battle_area_polygon_point__forBattleAreaId:t="area1"
}

entity{
  _template:t="battle_area_polygon_point"
  transform:m=[[1.0, 0.0, 0.0] [0.0, 1.0, 0.0] [0.0, 0.0, 1.0] [364.357, -2.922, 1814.26]]
  battle_area_polygon_point__id:t="point8"
  battle_area_polygon_point__nextId:t="point9"
  battle_area_polygon_point__forBattleAreaId:t="area1"
}

entity{
  _template:t="battle_area_polygon_point"
  transform:m=[[1.0, 0.0, 0.0] [0.0, 1.0, 0.0] [0.0, 0.0, 1.0] [386.464, -2.922, 1702.98]]
  battle_area_polygon_point__id:t="point9"
  battle_area_polygon_point__nextId:t="point10"
  battle_area_polygon_point__forBattleAreaId:t="area1"
}

entity{
  _template:t="battle_area_polygon_point"
  transform:m=[[1.0, 0.0, 0.0] [0.0, 1.0, 0.0] [0.0, 0.0, 1.0] [408.544, -2.922, 1677.84]]
  battle_area_polygon_point__id:t="point10"
  battle_area_polygon_point__nextId:t="point1"
  battle_area_polygon_point__forBattleAreaId:t="area1"
}

entity{
  _template:t="poly_battle_area"
  transform:m=[[1.0, 0.0, 0.0] [0.0, 1.0, 0.0] [0.0, 0.0, 1.0] [0.0, 0.0, 0.0]]
  battle_area__team:i=2
  battleAreaId:t="area2"
}

entity{
  _template:t="battle_area_polygon_point"
  transform:m=[[1.0, 0.0, 0.0] [0.0, 1.0, 0.0] [0.0, 0.0, 1.0] [309.245, -2.922, 1627.84]]
  battle_area_polygon_point__id:t="point1"
  battle_area_polygon_point__nextId:t="point2"
  battle_area_polygon_point__forBattleAreaId:t="area2"
}

entity{
  _template:t="battle_area_polygon_point"
  transform:m=[[1.0, 0.0, 0.0] [0.0, 1.0, 0.0] [0.0, 0.0, 1.0] [389.531, -2.922, 1566.24]]
  battle_area_polygon_point__id:t="point2"
  battle_area_polygon_point__nextId:t="point3"
  battle_area_polygon_point__forBattleAreaId:t="area2"
}

entity{
  _template:t="battle_area_polygon_point"
  transform:m=[[1.0, 0.0, 0.0] [0.0, 1.0, 0.0] [0.0, 0.0, 1.0] [477.19, -2.922, 1539.59]]
  battle_area_polygon_point__id:t="point3"
  battle_area_polygon_point__nextId:t="point4"
  battle_area_polygon_point__forBattleAreaId:t="area2"
}

entity{
  _template:t="battle_area_polygon_point"
  transform:m=[[1.0, 0.0, 0.0] [0.0, 1.0, 0.0] [0.0, 0.0, 1.0] [616.159, -2.922, 1534.41]]
  battle_area_polygon_point__id:t="point4"
  battle_area_polygon_point__nextId:t="point5"
  battle_area_polygon_point__forBattleAreaId:t="area2"
}

entity{
  _template:t="battle_area_polygon_point"
  transform:m=[[1.0, 0.0, 0.0] [0.0, 1.0, 0.0] [0.0, 0.0, 1.0] [631.457, -2.922, 1728.08]]
  battle_area_polygon_point__id:t="point5"
  battle_area_polygon_point__nextId:t="point6"
  battle_area_polygon_point__forBattleAreaId:t="area2"
}

entity{
  _template:t="battle_area_polygon_point"
  transform:m=[[1.0, 0.0, 0.0] [0.0, 1.0, 0.0] [0.0, 0.0, 1.0] [540.806, -2.922, 1822.04]]
  battle_area_polygon_point__id:t="point6"
  battle_area_polygon_point__nextId:t="point7"
  battle_area_polygon_point__forBattleAreaId:t="area2"
}

entity{
  _template:t="battle_area_polygon_point"
  transform:m=[[1.0, 0.0, 0.0] [0.0, 1.0, 0.0] [0.0, 0.0, 1.0] [432.95, -2.922, 1858.75]]
  battle_area_polygon_point__id:t="point7"
  battle_area_polygon_point__nextId:t="point8"
  battle_area_polygon_point__forBattleAreaId:t="area2"
}

entity{
  _template:t="battle_area_polygon_point"
  transform:m=[[1.0, 0.0, 0.0] [0.0, 1.0, 0.0] [0.0, 0.0, 1.0] [400.235, -2.922, 1908.84]]
  battle_area_polygon_point__id:t="point8"
  battle_area_polygon_point__nextId:t="point9"
  battle_area_polygon_point__forBattleAreaId:t="area2"
}

entity{
  _template:t="battle_area_polygon_point"
  transform:m=[[1.0, 0.0, 0.0] [0.0, 1.0, 0.0] [0.0, 0.0, 1.0] [326.596, -2.922, 1857.35]]
  battle_area_polygon_point__id:t="point9"
  battle_area_polygon_point__nextId:t="point10"
  battle_area_polygon_point__forBattleAreaId:t="area2"
}

entity{
  _template:t="battle_area_polygon_point"
  transform:m=[[1.0, 0.0, 0.0] [0.0, 1.0, 0.0] [0.0, 0.0, 1.0] [243.601, -2.922, 1729.37]]
  battle_area_polygon_point__id:t="point10"
  battle_area_polygon_point__nextId:t="point1"
  battle_area_polygon_point__forBattleAreaId:t="area2"
}

entity{
  _template:t="level"
  level__blk:t="content/enlisted/levels/battle_of_moscow_volokolamsk_countryside_winter.blk"
  level__timeRange:p2=5.0, 19.2

  "level__timeVec:array"{
    level_timeVec:r=19.0
  }

  "level__weatherChoice:object"{
    weather_cloudy_d:r=1.0
  }
}

entity{
  _template:t="water"
  water__strength:r=1.3
}

entity{
  _template:t="enemy_attack_marker"
}

entity{
  _template:t="static_cam"
  camera__active:b=yes
  transform:m=[[-0.852126, 0.00577172, 0.523306] [-0.00369435, 0.999848, -0.0170434] [-0.523325, -0.0164564, -0.851976] [508.051, 8.53082, 1785.02]]
}

entity{
  _template:t="spawn_switcher"
  swapProbability:r=0.5
  team1:i=2
  team2:i=1
}

entity{
  _template:t="respawn_camera"
  respawnCameraForTeam:i=1
  moveCameraToHeight:r=150.0
  respawnSelectorDistanceMult:r=1.7
  transform:m=[[1.0, 0.0, 0.0] [0.0, 1.0, 0.0] [0.0, 0.0, 1.0] [770.555, 156.183, 1975.54]]
}

entity{
  _template:t="respawn_camera"
  respawnCameraForTeam:i=2
  moveCameraToHeight:r=150.0
  respawnSelectorDistanceMult:r=1.7
  transform:m=[[1.0, 0.0, 0.0] [0.0, 1.0, 0.0] [0.0, 0.0, 1.0] [301.55, 152.06, 1485.27]]
}

entity{
  _template:t="domination_sphere_capzone"
  transform:m=[[0.999962, 0.0084932, 0.0017888] [-0.00852864, 0.999747, 0.0208321] [-0.00161142, -0.0208465, 0.999781] [530.272, 5.6898, 1769.39]]
  capzone__title:t="A"
  capzone__caption:t="capzone/headquarters"
  sphere_zone__radius:r=13.5
  decal__height:r=1.5
  decal__thickness:r=0.4
  capzone__iconOffsetY:r=3.0
}

entity{
  _template:t="domination_sphere_capzone"
  transform:m=[[1.0, 0.0, 0.0] [0.0, 0.995566, -0.0940666] [0.0, 0.0940666, 0.995566] [392.458, 6.62146, 1841.27]]
  sphere_zone__radius:r=15.8
  capzone__title:t="B"
  capzone__caption:t="capzone/trench_bunker"
  decal__height:r=2.0
  decal__thickness:r=0.4
}

entity{
  _template:t="domination_sphere_capzone"
  transform:m=[[0.999962, 0.0084932, 0.0017888] [-0.00852864, 0.999747, 0.0208321] [-0.00161142, -0.0208465, 0.999781] [447.662, 2.5582, 1701.15]]
  capzone__title:t="C"
  capzone__caption:t="capzone/church"
  sphere_zone__radius:r=13.1
  decal__height:r=1.0
  decal__thickness:r=0.4
  capzone__iconOffsetY:r=2.0
}

entity{
  _template:t="respawnChooser+respTeam1"
  transform:m=[[-0.683031, 0.0, -0.73039] [0.0, 1.0, 0.0] [0.73039, 0.0, -0.683031] [470.863, 3.47178, 1876.1]]
  respawnBaseGroup:i=1
}

entity{
  _template:t="respawnChooser+respTeam1"
  transform:m=[[0.0981416, 0.0, -0.995172] [0.0, 1.0, 0.0] [0.995172, 0.0, 0.0981416] [472.995, 3.39821, 1877.89]]
  respawnBaseGroup:i=1
}

entity{
  _template:t="respawnChooser+respTeam1"
  transform:m=[[-0.902381, 0.0, 0.43094] [0.0, 1.0, 0.0] [-0.43094, 0.0, -0.902381] [633.92, 9.40181, 1819.86]]
  respawnBaseGroup:i=2
}

entity{
  _template:t="respawnChooser+respTeam1"
  transform:m=[[-0.449714, 0.000210518, -0.893172] [-0.000367549, 1.0, 0.000420758] [0.893172, 0.000517506, -0.449714] [597.319, 2.20958, 1861.78]]
  respawnBaseGroup:i=2
}

entity{
  _template:t="respawnChooser+respTeam2"
  transform:m=[[0.815488, 0.0, -0.578778] [0.0, 1.0, 0.0] [0.578778, 0.0, 0.815488] [334.256, 4.94506, 1673.86]]
  respawnBaseGroup:i=1
}

entity{
  _template:t="respawnChooser+respTeam2"
  transform:m=[[-0.111614, 0.0, 0.993753] [0.0, 1.0, 0.0] [-0.993753, 0.0, -0.111614] [367.282, 1.85887, 1612.96]]
  respawnBaseGroup:i=1
}

entity{
  _template:t="respawnChooser+respTeam2"
  transform:m=[[0.680285, 0.0, 0.73295] [0.0, 1.0, 0.0] [-0.73295, 0.0, 0.680285] [345.234, 5.73004, 1768.2]]
  respawnBaseGroup:i=2
}

entity{
  _template:t="respawnChooser+respTeam2"
  transform:m=[[0.9787, 0.0, 0.205302] [0.0, 1.0, 0.0] [-0.205302, 0.0, 0.9787] [343.491, 5.53027, 1761.18]]
  respawnBaseGroup:i=2
}

entity{
  _template:t="respawnChooser+respVehicle"
  transform:m=[[-0.999996, 0.0, -0.00275034] [0.0, 1.0, 0.0] [0.00275034, 0.0, -0.999996] [693.571, 10.9372, 1806.07]]
  team:i=1
  respawnBaseGroup:i=1
  maxVehicleOnSpawn:i=2
  respTime:i=120
}

entity{
  _template:t="respawnChooser+respVehicle"
  transform:m=[[0.307571, 0.0, 0.951526] [0.0, 1.0, 0.0] [-0.951526, 0.0, 0.307571] [577.326, 9.08592, 1561.45]]
  team:i=2
  maxVehicleOnSpawn:i=2
  respawnBaseGroup:i=1
  respTime:i=120
}

entity{
  _template:t="aircraft_box_battle_area"
  transform:m=[[8000.38, 0.0, -8000.53] [0.0, 8000.03, 0.0] [8000.12, 0.0, 8000.72] [417.373, 240.916, 1805.53]]
  battle_area__team:i=-1
}

entity{
  _template:t="respAircraftInAir"
  respawnbaseType:t="aircraft_fighter"
  transform:m=[[-0.762074, 0.0, -0.64749] [0.0, 1.0, 0.0] [0.64749, 0.0, -0.762074] [2204.3, 1000.0, 3112.31]]
  team:i=1
  maxVehicleOnSpawn:i=1
  respTime:i=120
}

entity{
  _template:t="respAircraftInAir"
  respawnbaseType:t="aircraft_assault"
  transform:m=[[-0.762074, 0.0, -0.64749] [0.0, 1.0, 0.0] [0.64749, 0.0, -0.762074] [2192.79, 800.0, 3112.71]]
  team:i=1
  maxVehicleOnSpawn:i=1
  respTime:i=120
}

entity{
  _template:t="respAircraftInAir"
  respawnbaseType:t="aircraft_fighter"
  transform:m=[[-0.762074, 0.0, -0.64749] [0.0, 1.0, 0.0] [0.64749, 0.0, -0.762074] [2081.78, 1000.0, 3230.17]]
  team:i=1
  maxVehicleOnSpawn:i=1
  respTime:i=120
}

entity{
  _template:t="respAircraftInAir"
  respawnbaseType:t="aircraft_assault"
  transform:m=[[-0.762074, 0.0, -0.64749] [0.0, 1.0, 0.0] [0.64749, 0.0, -0.762074] [2081.78, 800.0, 3230.17]]
  team:i=1
  maxVehicleOnSpawn:i=1
  respTime:i=120
}

entity{
  _template:t="resupply_in_air_zone"
  transform:m=[[-0.762074, 0.0, -0.64749] [0.0, 1.0, 0.0] [0.64749, 0.0, -0.762074] [2369.51, 1000.0, 4560.9]]
  resupply_zone__team:i=1
}

entity{
  _template:t="respAircraftInAir"
  respawnbaseType:t="aircraft_fighter"
  transform:m=[[0.758609, 0.0, 0.651546] [0.0, 1.0, 0.0] [-0.651546, 0.0, 0.758609] [-1248.88, 1000.0, 413.846]]
  team:i=2
  maxVehicleOnSpawn:i=1
  respTime:i=120
}

entity{
  _template:t="respAircraftInAir"
  respawnbaseType:t="aircraft_assault"
  transform:m=[[0.758609, 0.0, 0.651546] [0.0, 1.0, 0.0] [-0.651546, 0.0, 0.758609] [-1248.88, 800.0, 413.846]]
  team:i=2
  maxVehicleOnSpawn:i=1
  respTime:i=120
}

entity{
  _template:t="respAircraftInAir"
  respawnbaseType:t="aircraft_fighter"
  transform:m=[[0.758609, 0.0, 0.651546] [0.0, 1.0, 0.0] [-0.651546, 0.0, 0.758609] [-1340.31, 1000.0, 510.116]]
  team:i=2
  maxVehicleOnSpawn:i=1
  respTime:i=120
}

entity{
  _template:t="respAircraftInAir"
  respawnbaseType:t="aircraft_assault"
  transform:m=[[0.758609, 0.0, 0.651546] [0.0, 1.0, 0.0] [-0.651546, 0.0, 0.758609] [-1342.91, 800.0, 521.142]]
  team:i=2
  maxVehicleOnSpawn:i=1
  respTime:i=120
}

entity{
  _template:t="resupply_in_air_zone"
  transform:m=[[0.758609, 0.0, 0.651546] [0.0, 1.0, 0.0] [-0.651546, 0.0, 0.758609] [-1604.22, 1000.0, -965.938]]
  resupply_zone__team:i=2
}

entity{
  _template:t="mbs_desktop_stuff_a"
  transform:m=[[0.35956, 0.0, 0.556264] [0.0, 0.662354, 0.0] [-0.556264, 0.0, 0.35956] [525.413, 10.8858, 1776.19]]
}

entity{
  _template:t="mbs_ger_radio_feld_fu+still_obstacle"
  transform:m=[[0.500739, 0.0, 0.433559] [0.0, 0.662354, 0.0] [-0.433559, 0.0, 0.500739] [525.064, 10.8858, 1776.62]]
}

entity{
  _template:t="respawnChooser+respTeam2"
  transform:m=[[-0.220192, 0.0, 0.975459] [0.0, 1.0, 0.0] [-0.975459, 0.0, -0.220192] [467.358, 1.72042, 1684.96]]
  respawnBaseGroup:i=5
  active:b=no
}

entity{
  _template:t="respawnChooser+respTeam2"
  transform:m=[[0.626937, 0.0, 0.779072] [0.0, 1.0, 0.0] [-0.779072, 0.0, 0.626937] [471.884, 1.85887, 1686.66]]
  respawnBaseGroup:i=5
  active:b=no
}

entity{
  _template:t="respawnChooser+respTeam2"
  transform:m=[[0.233468, 0.0, 0.972367] [0.0, 1.0, 0.0] [-0.972367, 0.0, 0.233468] [524.647, 6.90311, 1736.65]]
  respawnBaseGroup:i=3
  active:b=no
}

entity{
  _template:t="respawnChooser+respTeam2"
  transform:m=[[0.872545, 0.0, -0.488537] [0.0, 1.0, 0.0] [0.488537, 0.0, 0.872545] [352.183, 5.36612, 1814.06]]
  respawnBaseGroup:i=4
  active:b=no
}

entity{
  _template:t="respawnChooser+respTeam1"
  transform:m=[[0.300017, 0.0, -0.953934] [0.0, 1.0, 0.0] [0.953934, 0.0, 0.300017] [551.909, 7.7824, 1784.92]]
  respawnBaseGroup:i=3
  active:b=no
}

entity{
  _template:t="respawnChooser+respTeam2"
  transform:m=[[0.172024, 0.0, 0.985095] [0.0, 1.0, 0.0] [-0.985095, 0.0, 0.172024] [527.459, 6.90311, 1735.82]]
  respawnBaseGroup:i=3
  active:b=no
}

entity{
  _template:t="respawnChooser+respTeam1"
  transform:m=[[0.17811, 0.0, -0.984013] [0.0, 1.0, 0.0] [0.984013, 0.0, 0.17811] [441.568, 5.19315, 1866.58]]
  respawnBaseGroup:i=4
  active:b=no
}

entity{
  _template:t="respawnChooser+respTeam1"
  transform:m=[[-0.238806, 0.0, -0.971069] [0.0, 1.0, 0.0] [0.971069, 0.0, -0.238806] [437.091, 5.10108, 1864.6]]
  respawnBaseGroup:i=4
  active:b=no
}

entity{
  _template:t="respawnChooser+respTeam1"
  transform:m=[[-0.9522, 0.000210518, 0.305475] [0.00035854, 1.0, 0.000428461] [-0.305475, 0.000517506, -0.9522] [632.016, 11.7698, 1784.41]]
  respawnBaseGroup:i=2
}

entity{
  _template:t="respawnChooser+respTeam2"
  transform:m=[[0.54547, 0.0, 0.838133] [0.0, 1.0, 0.0] [-0.838133, 0.0, 0.54547] [370.957, 2.27173, 1618.18]]
  respawnBaseGroup:i=1
}

entity{
  _template:t="resupply_for_ground_vehicle_zone"
  transform:m=[[0.43624, 0.0, 0.899833] [0.0, 1.0, 0.0] [-0.899833, 0.0, 0.43624] [517.36, 4.72105, 1883.11]]
  resupply_zone__team:i=1
}

entity{
  _template:t="resupply_for_ground_vehicle_zone"
  transform:m=[[0.43624, 0.0, 0.899833] [0.0, 1.0, 0.0] [-0.899833, 0.0, 0.43624] [320.371, 4.42612, 1691.37]]
  resupply_zone__team:i=2
}

entity{
  _template:t="respawnChooser+respMotorcycle"
  transform:m=[[-0.999996, 0.0, -0.00275034] [0.0, 1.0, 0.0] [0.00275034, 0.0, -0.999996] [694.016, 10.9372, 1806.04]]
  team:i=1
}

entity{
  _template:t="respawnChooser+respMotorcycle"
  transform:m=[[0.307571, 0.0, 0.951526] [0.0, 1.0, 0.0] [-0.951526, 0.0, 0.307571] [577.326, 9.08592, 1561.45]]
  team:i=2
}