import{
  scene:t="content/enlisted/gamedata/scenes/_volokolamsk_sounds.blk"
}

import{
  scene:t="content/enlisted/gamedata/scenes/_volokolamsk_winter_biome_fx.blk"
}

import{
  scene:t="content/enlisted/gamedata/scenes/_volokolamsk_winter_grove_fx.blk"
}

entity{
  _template:t="battle_area_polygon_point"
  transform:m=[[1.0, 0.0, 0.0] [0.0, 1.0, 0.0] [0.0, 0.0, 1.0] [942.79, 24.2515, 1717.9]]
  battle_area_polygon_point__id:t="point1"
  battle_area_polygon_point__nextId:t="point2"
  battle_area_polygon_point__forBattleAreaId:t="area2_2"
}

entity{
  _template:t="battle_area_polygon_point"
  transform:m=[[1.0, 0.0, 0.0] [0.0, 1.0, 0.0] [0.0, 0.0, 1.0] [740.282, 24.2515, 2141.41]]
  battle_area_polygon_point__id:t="point2"
  battle_area_polygon_point__nextId:t="point3"
  battle_area_polygon_point__forBattleAreaId:t="area2_2"
}

entity{
  _template:t="battle_area_polygon_point"
  transform:m=[[1.0, 0.0, 0.0] [0.0, 1.0, 0.0] [0.0, 0.0, 1.0] [536.169, 24.2515, 2025.0]]
  battle_area_polygon_point__id:t="point3"
  battle_area_polygon_point__nextId:t="point4"
  battle_area_polygon_point__forBattleAreaId:t="area2_2"
}

entity{
  _template:t="battle_area_polygon_point"
  transform:m=[[1.0, 0.0, 0.0] [0.0, 1.0, 0.0] [0.0, 0.0, 1.0] [543.039, 24.2515, 1889.99]]
  battle_area_polygon_point__id:t="point4"
  battle_area_polygon_point__nextId:t="point5"
  battle_area_polygon_point__forBattleAreaId:t="area2_2"
}

entity{
  _template:t="battle_area_polygon_point"
  transform:m=[[1.0, 0.0, 0.0] [0.0, 1.0, 0.0] [0.0, 0.0, 1.0] [546.295, 24.2515, 1830.67]]
  battle_area_polygon_point__id:t="point5"
  battle_area_polygon_point__nextId:t="point6"
  battle_area_polygon_point__forBattleAreaId:t="area2_2"
}

entity{
  _template:t="battle_area_polygon_point"
  transform:m=[[1.0, 0.0, 0.0] [0.0, 1.0, 0.0] [0.0, 0.0, 1.0] [558.736, 24.2515, 1788.18]]
  battle_area_polygon_point__id:t="point6"
  battle_area_polygon_point__nextId:t="point7"
  battle_area_polygon_point__forBattleAreaId:t="area2_2"
}

entity{
  _template:t="battle_area_polygon_point"
  transform:m=[[1.0, 0.0, 0.0] [0.0, 1.0, 0.0] [0.0, 0.0, 1.0] [576.715, 24.2515, 1765.37]]
  battle_area_polygon_point__id:t="point7"
  battle_area_polygon_point__nextId:t="point8"
  battle_area_polygon_point__forBattleAreaId:t="area2_2"
}

entity{
  _template:t="battle_area_polygon_point"
  transform:m=[[1.0, 0.0, 0.0] [0.0, 1.0, 0.0] [0.0, 0.0, 1.0] [609.148, 24.2515, 1735.38]]
  battle_area_polygon_point__id:t="point8"
  battle_area_polygon_point__nextId:t="point9"
  battle_area_polygon_point__forBattleAreaId:t="area2_2"
}

entity{
  _template:t="battle_area_polygon_point"
  transform:m=[[1.0, 0.0, 0.0] [0.0, 1.0, 0.0] [0.0, 0.0, 1.0] [644.697, 24.2515, 1676.89]]
  battle_area_polygon_point__id:t="point9"
  battle_area_polygon_point__nextId:t="point10"
  battle_area_polygon_point__forBattleAreaId:t="area2_2"
}

entity{
  _template:t="battle_area_polygon_point"
  transform:m=[[1.0, 0.0, 0.0] [0.0, 1.0, 0.0] [0.0, 0.0, 1.0] [686.757, 24.2515, 1620.28]]
  battle_area_polygon_point__id:t="point10"
  battle_area_polygon_point__nextId:t="point1"
  battle_area_polygon_point__forBattleAreaId:t="area2_2"
}

entity{
  _template:t="battle_area_polygon_point"
  transform:m=[[1.0, 0.0, 0.0] [0.0, 1.0, 0.0] [0.0, 0.0, 1.0] [515.696, 24.2515, 1555.5]]
  battle_area_polygon_point__id:t="point1"
  battle_area_polygon_point__nextId:t="point2"
  battle_area_polygon_point__forBattleAreaId:t="area2_1"
}

entity{
  _template:t="battle_area_polygon_point"
  transform:m=[[1.0, 0.0, 0.0] [0.0, 1.0, 0.0] [0.0, 0.0, 1.0] [703.771, 24.2515, 1626.72]]
  battle_area_polygon_point__id:t="point2"
  battle_area_polygon_point__nextId:t="point3"
  battle_area_polygon_point__forBattleAreaId:t="area2_1"
}

entity{
  _template:t="battle_area_polygon_point"
  transform:m=[[1.0, 0.0, 0.0] [0.0, 1.0, 0.0] [0.0, 0.0, 1.0] [702.473, 24.2515, 1695.18]]
  battle_area_polygon_point__id:t="point3"
  battle_area_polygon_point__nextId:t="point4"
  battle_area_polygon_point__forBattleAreaId:t="area2_1"
}

entity{
  _template:t="battle_area_polygon_point"
  transform:m=[[1.0, 0.0, 0.0] [0.0, 1.0, 0.0] [0.0, 0.0, 1.0] [715.024, 24.2515, 1717.57]]
  battle_area_polygon_point__id:t="point4"
  battle_area_polygon_point__nextId:t="point5"
  battle_area_polygon_point__forBattleAreaId:t="area2_1"
}

entity{
  _template:t="battle_area_polygon_point"
  transform:m=[[1.0, 0.0, 0.0] [0.0, 1.0, 0.0] [0.0, 0.0, 1.0] [716.414, 24.2515, 1751.49]]
  battle_area_polygon_point__id:t="point5"
  battle_area_polygon_point__nextId:t="point6"
  battle_area_polygon_point__forBattleAreaId:t="area2_1"
}

entity{
  _template:t="battle_area_polygon_point"
  transform:m=[[1.0, 0.0, 0.0] [0.0, 1.0, 0.0] [0.0, 0.0, 1.0] [722.268, 24.2515, 1801.02]]
  battle_area_polygon_point__id:t="point6"
  battle_area_polygon_point__nextId:t="point7"
  battle_area_polygon_point__forBattleAreaId:t="area2_1"
}

entity{
  _template:t="battle_area_polygon_point"
  transform:m=[[1.0, 0.0, 0.0] [0.0, 1.0, 0.0] [0.0, 0.0, 1.0] [703.524, 24.2515, 1871.72]]
  battle_area_polygon_point__id:t="point7"
  battle_area_polygon_point__nextId:t="point8"
  battle_area_polygon_point__forBattleAreaId:t="area2_1"
}

entity{
  _template:t="battle_area_polygon_point"
  transform:m=[[1.0, 0.0, 0.0] [0.0, 1.0, 0.0] [0.0, 0.0, 1.0] [644.434, 24.2515, 1965.82]]
  battle_area_polygon_point__id:t="point8"
  battle_area_polygon_point__nextId:t="point9"
  battle_area_polygon_point__forBattleAreaId:t="area2_1"
}

entity{
  _template:t="battle_area_polygon_point"
  transform:m=[[1.0, 0.0, 0.0] [0.0, 1.0, 0.0] [0.0, 0.0, 1.0] [546.175, 24.2515, 2031.02]]
  battle_area_polygon_point__id:t="point9"
  battle_area_polygon_point__nextId:t="point10"
  battle_area_polygon_point__forBattleAreaId:t="area2_1"
}

entity{
  _template:t="battle_area_polygon_point"
  transform:m=[[1.0, 0.0, 0.0] [0.0, 1.0, 0.0] [0.0, 0.0, 1.0] [337.548, 24.2515, 1910.4]]
  battle_area_polygon_point__id:t="point10"
  battle_area_polygon_point__nextId:t="point1"
  battle_area_polygon_point__forBattleAreaId:t="area2_1"
}

entity{
  _template:t="battle_area_polygon_point"
  transform:m=[[1.0, 0.0, 0.0] [0.0, 1.0, 0.0] [0.0, 0.0, 1.0] [852.801, 24.2515, 1683.48]]
  battle_area_polygon_point__id:t="point1"
  battle_area_polygon_point__nextId:t="point2"
  battle_area_polygon_point__forBattleAreaId:t="area3_2"
}

entity{
  _template:t="battle_area_polygon_point"
  transform:m=[[1.0, 0.0, 0.0] [0.0, 1.0, 0.0] [0.0, 0.0, 1.0] [642.451, 24.2515, 2085.76]]
  battle_area_polygon_point__id:t="point2"
  battle_area_polygon_point__nextId:t="point3"
  battle_area_polygon_point__forBattleAreaId:t="area3_2"
}

entity{
  _template:t="battle_area_polygon_point"
  transform:m=[[1.0, 0.0, 0.0] [0.0, 1.0, 0.0] [0.0, 0.0, 1.0] [463.302, 24.2515, 1984.01]]
  battle_area_polygon_point__id:t="point3"
  battle_area_polygon_point__nextId:t="point4"
  battle_area_polygon_point__forBattleAreaId:t="area3_2"
}

entity{
  _template:t="battle_area_polygon_point"
  transform:m=[[1.0, 0.0, 0.0] [0.0, 1.0, 0.0] [0.0, 0.0, 1.0] [476.336, 24.2515, 1892.86]]
  battle_area_polygon_point__id:t="point4"
  battle_area_polygon_point__nextId:t="point5"
  battle_area_polygon_point__forBattleAreaId:t="area3_2"
}

entity{
  _template:t="battle_area_polygon_point"
  transform:m=[[1.0, 0.0, 0.0] [0.0, 1.0, 0.0] [0.0, 0.0, 1.0] [482.021, 24.2515, 1792.03]]
  battle_area_polygon_point__id:t="point5"
  battle_area_polygon_point__nextId:t="point6"
  battle_area_polygon_point__forBattleAreaId:t="area3_2"
}

entity{
  _template:t="battle_area_polygon_point"
  transform:m=[[1.0, 0.0, 0.0] [0.0, 1.0, 0.0] [0.0, 0.0, 1.0] [488.442, 24.2515, 1759.29]]
  battle_area_polygon_point__id:t="point6"
  battle_area_polygon_point__nextId:t="point7"
  battle_area_polygon_point__forBattleAreaId:t="area3_2"
}

entity{
  _template:t="battle_area_polygon_point"
  transform:m=[[1.0, 0.0, 0.0] [0.0, 1.0, 0.0] [0.0, 0.0, 1.0] [528.687, 24.2515, 1733.09]]
  battle_area_polygon_point__id:t="point7"
  battle_area_polygon_point__nextId:t="point8"
  battle_area_polygon_point__forBattleAreaId:t="area3_2"
}

entity{
  _template:t="battle_area_polygon_point"
  transform:m=[[1.0, 0.0, 0.0] [0.0, 1.0, 0.0] [0.0, 0.0, 1.0] [582.553, 24.2515, 1692.59]]
  battle_area_polygon_point__id:t="point8"
  battle_area_polygon_point__nextId:t="point9"
  battle_area_polygon_point__forBattleAreaId:t="area3_2"
}

entity{
  _template:t="battle_area_polygon_point"
  transform:m=[[1.0, 0.0, 0.0] [0.0, 1.0, 0.0] [0.0, 0.0, 1.0] [676.455, 24.2515, 1616.29]]
  battle_area_polygon_point__id:t="point9"
  battle_area_polygon_point__nextId:t="point1"
  battle_area_polygon_point__forBattleAreaId:t="area3_2"
}

entity{
  _template:t="battle_area_polygon_point"
  transform:m=[[1.0, 0.0, 0.0] [0.0, 1.0, 0.0] [0.0, 0.0, 1.0] [384.16, 24.2515, 1504.91]]
  battle_area_polygon_point__id:t="point1"
  battle_area_polygon_point__nextId:t="point2"
  battle_area_polygon_point__forBattleAreaId:t="area3_1"
}

entity{
  _template:t="battle_area_polygon_point"
  transform:m=[[1.0, 0.0, 0.0] [0.0, 1.0, 0.0] [0.0, 0.0, 1.0] [598.997, 24.2515, 1586.82]]
  battle_area_polygon_point__id:t="point2"
  battle_area_polygon_point__nextId:t="point3"
  battle_area_polygon_point__forBattleAreaId:t="area3_1"
}

entity{
  _template:t="battle_area_polygon_point"
  transform:m=[[1.0, 0.0, 0.0] [0.0, 1.0, 0.0] [0.0, 0.0, 1.0] [590.895, 24.2515, 1631.64]]
  battle_area_polygon_point__id:t="point3"
  battle_area_polygon_point__nextId:t="point4"
  battle_area_polygon_point__forBattleAreaId:t="area3_1"
}

entity{
  _template:t="battle_area_polygon_point"
  transform:m=[[1.0, 0.0, 0.0] [0.0, 1.0, 0.0] [0.0, 0.0, 1.0] [590.405, 24.2515, 1684.23]]
  battle_area_polygon_point__id:t="point4"
  battle_area_polygon_point__nextId:t="point5"
  battle_area_polygon_point__forBattleAreaId:t="area3_1"
}

entity{
  _template:t="battle_area_polygon_point"
  transform:m=[[1.0, 0.0, 0.0] [0.0, 1.0, 0.0] [0.0, 0.0, 1.0] [593.492, 24.2515, 1731.7]]
  battle_area_polygon_point__id:t="point5"
  battle_area_polygon_point__nextId:t="point6"
  battle_area_polygon_point__forBattleAreaId:t="area3_1"
}

entity{
  _template:t="battle_area_polygon_point"
  transform:m=[[1.0, 0.0, 0.0] [0.0, 1.0, 0.0] [0.0, 0.0, 1.0] [595.83, 24.2515, 1761.25]]
  battle_area_polygon_point__id:t="point6"
  battle_area_polygon_point__nextId:t="point7"
  battle_area_polygon_point__forBattleAreaId:t="area3_1"
}

entity{
  _template:t="battle_area_polygon_point"
  transform:m=[[1.0, 0.0, 0.0] [0.0, 1.0, 0.0] [0.0, 0.0, 1.0] [594.924, 24.2515, 1792.94]]
  battle_area_polygon_point__id:t="point7"
  battle_area_polygon_point__nextId:t="point8"
  battle_area_polygon_point__forBattleAreaId:t="area3_1"
}

entity{
  _template:t="battle_area_polygon_point"
  transform:m=[[1.0, 0.0, 0.0] [0.0, 1.0, 0.0] [0.0, 0.0, 1.0] [592.659, 24.2515, 1810.37]]
  battle_area_polygon_point__id:t="point8"
  battle_area_polygon_point__nextId:t="point9"
  battle_area_polygon_point__forBattleAreaId:t="area3_1"
}

entity{
  _template:t="battle_area_polygon_point"
  transform:m=[[1.0, 0.0, 0.0] [0.0, 1.0, 0.0] [0.0, 0.0, 1.0] [582.433, 24.2515, 1829.48]]
  battle_area_polygon_point__id:t="point9"
  battle_area_polygon_point__nextId:t="point10"
  battle_area_polygon_point__forBattleAreaId:t="area3_1"
}

entity{
  _template:t="battle_area_polygon_point"
  transform:m=[[1.0, 0.0, 0.0] [0.0, 1.0, 0.0] [0.0, 0.0, 1.0] [573.235, 24.2515, 1844.38]]
  battle_area_polygon_point__id:t="point10"
  battle_area_polygon_point__nextId:t="point11"
  battle_area_polygon_point__forBattleAreaId:t="area3_1"
}

entity{
  _template:t="battle_area_polygon_point"
  transform:m=[[1.0, 0.0, 0.0] [0.0, 1.0, 0.0] [0.0, 0.0, 1.0] [548.214, 24.2515, 1915.42]]
  battle_area_polygon_point__id:t="point11"
  battle_area_polygon_point__nextId:t="point12"
  battle_area_polygon_point__forBattleAreaId:t="area3_1"
}

entity{
  _template:t="battle_area_polygon_point"
  transform:m=[[1.0, 0.0, 0.0] [0.0, 1.0, 0.0] [0.0, 0.0, 1.0] [491.637, 24.2515, 1999.66]]
  battle_area_polygon_point__id:t="point12"
  battle_area_polygon_point__nextId:t="point13"
  battle_area_polygon_point__forBattleAreaId:t="area3_1"
}

entity{
  _template:t="battle_area_polygon_point"
  transform:m=[[1.0, 0.0, 0.0] [0.0, 1.0, 0.0] [0.0, 0.0, 1.0] [204.404, 24.2515, 1833.36]]
  battle_area_polygon_point__id:t="point13"
  battle_area_polygon_point__nextId:t="point1"
  battle_area_polygon_point__forBattleAreaId:t="area3_1"
}

entity{
  _template:t="battle_area_polygon_point"
  transform:m=[[1.0, 0.0, 0.0] [0.0, 1.0, 0.0] [0.0, 0.0, 1.0] [555.876, 24.2515, 2036.98]]
  battle_area_polygon_point__id:t="point1"
  battle_area_polygon_point__nextId:t="point2"
  battle_area_polygon_point__forBattleAreaId:t="area4_2"
}

entity{
  _template:t="battle_area_polygon_point"
  transform:m=[[1.0, 0.0, 0.0] [0.0, 1.0, 0.0] [0.0, 0.0, 1.0] [301.714, 24.2515, 1892.25]]
  battle_area_polygon_point__id:t="point2"
  battle_area_polygon_point__nextId:t="point3"
  battle_area_polygon_point__forBattleAreaId:t="area4_2"
}

entity{
  _template:t="battle_area_polygon_point"
  transform:m=[[1.0, 0.0, 0.0] [0.0, 1.0, 0.0] [0.0, 0.0, 1.0] [304.593, 24.2515, 1846.35]]
  battle_area_polygon_point__id:t="point3"
  battle_area_polygon_point__nextId:t="point4"
  battle_area_polygon_point__forBattleAreaId:t="area4_2"
}

entity{
  _template:t="battle_area_polygon_point"
  transform:m=[[1.0, 0.0, 0.0] [0.0, 1.0, 0.0] [0.0, 0.0, 1.0] [305.196, 24.2515, 1814.57]]
  battle_area_polygon_point__id:t="point4"
  battle_area_polygon_point__nextId:t="point5"
  battle_area_polygon_point__forBattleAreaId:t="area4_2"
}

entity{
  _template:t="battle_area_polygon_point"
  transform:m=[[1.0, 0.0, 0.0] [0.0, 1.0, 0.0] [0.0, 0.0, 1.0] [317.75, 24.2515, 1776.68]]
  battle_area_polygon_point__id:t="point5"
  battle_area_polygon_point__nextId:t="point6"
  battle_area_polygon_point__forBattleAreaId:t="area4_2"
}

entity{
  _template:t="battle_area_polygon_point"
  transform:m=[[1.0, 0.0, 0.0] [0.0, 1.0, 0.0] [0.0, 0.0, 1.0] [322.776, 24.2515, 1758.85]]
  battle_area_polygon_point__id:t="point6"
  battle_area_polygon_point__nextId:t="point7"
  battle_area_polygon_point__forBattleAreaId:t="area4_2"
}

entity{
  _template:t="battle_area_polygon_point"
  transform:m=[[1.0, 0.0, 0.0] [0.0, 1.0, 0.0] [0.0, 0.0, 1.0] [341.088, 24.2515, 1740.45]]
  battle_area_polygon_point__id:t="point7"
  battle_area_polygon_point__nextId:t="point8"
  battle_area_polygon_point__forBattleAreaId:t="area4_2"
}

entity{
  _template:t="battle_area_polygon_point"
  transform:m=[[1.0, 0.0, 0.0] [0.0, 1.0, 0.0] [0.0, 0.0, 1.0] [351.991, 24.2515, 1708.74]]
  battle_area_polygon_point__id:t="point8"
  battle_area_polygon_point__nextId:t="point9"
  battle_area_polygon_point__forBattleAreaId:t="area4_2"
}

entity{
  _template:t="battle_area_polygon_point"
  transform:m=[[1.0, 0.0, 0.0] [0.0, 1.0, 0.0] [0.0, 0.0, 1.0] [365.651, 24.2515, 1673.23]]
  battle_area_polygon_point__id:t="point9"
  battle_area_polygon_point__nextId:t="point10"
  battle_area_polygon_point__forBattleAreaId:t="area4_2"
}

entity{
  _template:t="battle_area_polygon_point"
  transform:m=[[1.0, 0.0, 0.0] [0.0, 1.0, 0.0] [0.0, 0.0, 1.0] [401.63, 24.2515, 1647.6]]
  battle_area_polygon_point__id:t="point10"
  battle_area_polygon_point__nextId:t="point11"
  battle_area_polygon_point__forBattleAreaId:t="area4_2"
}

entity{
  _template:t="battle_area_polygon_point"
  transform:m=[[1.0, 0.0, 0.0] [0.0, 1.0, 0.0] [0.0, 0.0, 1.0] [430.984, 24.2515, 1622.38]]
  battle_area_polygon_point__id:t="point11"
  battle_area_polygon_point__nextId:t="point12"
  battle_area_polygon_point__forBattleAreaId:t="area4_2"
}

entity{
  _template:t="battle_area_polygon_point"
  transform:m=[[1.0, 0.0, 0.0] [0.0, 1.0, 0.0] [0.0, 0.0, 1.0] [480.863, 24.2515, 1601.1]]
  battle_area_polygon_point__id:t="point12"
  battle_area_polygon_point__nextId:t="point13"
  battle_area_polygon_point__forBattleAreaId:t="area4_2"
}

entity{
  _template:t="battle_area_polygon_point"
  transform:m=[[1.0, 0.0, 0.0] [0.0, 1.0, 0.0] [0.0, 0.0, 1.0] [535.502, 24.2515, 1562.48]]
  battle_area_polygon_point__id:t="point13"
  battle_area_polygon_point__nextId:t="point14"
  battle_area_polygon_point__forBattleAreaId:t="area4_2"
}

entity{
  _template:t="battle_area_polygon_point"
  transform:m=[[1.0, 0.0, 0.0] [0.0, 1.0, 0.0] [0.0, 0.0, 1.0] [726.969, 24.2515, 1635.34]]
  battle_area_polygon_point__id:t="point14"
  battle_area_polygon_point__nextId:t="point1"
  battle_area_polygon_point__forBattleAreaId:t="area4_2"
}

entity{
  _template:t="battle_area_polygon_point"
  transform:m=[[1.0, 0.0, 0.0] [0.0, 1.0, 0.0] [0.0, 0.0, 1.0] [303.288, 24.2515, 1472.86]]
  battle_area_polygon_point__id:t="point1"
  battle_area_polygon_point__nextId:t="point2"
  battle_area_polygon_point__forBattleAreaId:t="area4_1"
}

entity{
  _template:t="battle_area_polygon_point"
  transform:m=[[1.0, 0.0, 0.0] [0.0, 1.0, 0.0] [0.0, 0.0, 1.0] [519.457, 24.2515, 1556.4]]
  battle_area_polygon_point__id:t="point2"
  battle_area_polygon_point__nextId:t="point3"
  battle_area_polygon_point__forBattleAreaId:t="area4_1"
}

entity{
  _template:t="battle_area_polygon_point"
  transform:m=[[1.0, 0.0, 0.0] [0.0, 1.0, 0.0] [0.0, 0.0, 1.0] [553.062, 24.2515, 1616.0]]
  battle_area_polygon_point__id:t="point3"
  battle_area_polygon_point__nextId:t="point4"
  battle_area_polygon_point__forBattleAreaId:t="area4_1"
}

entity{
  _template:t="battle_area_polygon_point"
  transform:m=[[1.0, 0.0, 0.0] [0.0, 1.0, 0.0] [0.0, 0.0, 1.0] [552.259, 24.2515, 1667.57]]
  battle_area_polygon_point__id:t="point4"
  battle_area_polygon_point__nextId:t="point5"
  battle_area_polygon_point__forBattleAreaId:t="area4_1"
}

entity{
  _template:t="battle_area_polygon_point"
  transform:m=[[1.0, 0.0, 0.0] [0.0, 1.0, 0.0] [0.0, 0.0, 1.0] [537.734, 24.2515, 1703.46]]
  battle_area_polygon_point__id:t="point5"
  battle_area_polygon_point__nextId:t="point6"
  battle_area_polygon_point__forBattleAreaId:t="area4_1"
}

entity{
  _template:t="battle_area_polygon_point"
  transform:m=[[1.0, 0.0, 0.0] [0.0, 1.0, 0.0] [0.0, 0.0, 1.0] [529.118, 24.2515, 1731.23]]
  battle_area_polygon_point__id:t="point6"
  battle_area_polygon_point__nextId:t="point7"
  battle_area_polygon_point__forBattleAreaId:t="area4_1"
}

entity{
  _template:t="battle_area_polygon_point"
  transform:m=[[1.0, 0.0, 0.0] [0.0, 1.0, 0.0] [0.0, 0.0, 1.0] [520.937, 24.2515, 1737.92]]
  battle_area_polygon_point__id:t="point7"
  battle_area_polygon_point__nextId:t="point8"
  battle_area_polygon_point__forBattleAreaId:t="area4_1"
}

entity{
  _template:t="battle_area_polygon_point"
  transform:m=[[1.0, 0.0, 0.0] [0.0, 1.0, 0.0] [0.0, 0.0, 1.0] [519.036, 24.2515, 1761.31]]
  battle_area_polygon_point__id:t="point8"
  battle_area_polygon_point__nextId:t="point9"
  battle_area_polygon_point__forBattleAreaId:t="area4_1"
}

entity{
  _template:t="battle_area_polygon_point"
  transform:m=[[1.0, 0.0, 0.0] [0.0, 1.0, 0.0] [0.0, 0.0, 1.0] [517.34, 24.2515, 1795.71]]
  battle_area_polygon_point__id:t="point9"
  battle_area_polygon_point__nextId:t="point10"
  battle_area_polygon_point__forBattleAreaId:t="area4_1"
}

entity{
  _template:t="battle_area_polygon_point"
  transform:m=[[1.0, 0.0, 0.0] [0.0, 1.0, 0.0] [0.0, 0.0, 1.0] [485.582, 24.2515, 1868.89]]
  battle_area_polygon_point__id:t="point10"
  battle_area_polygon_point__nextId:t="point11"
  battle_area_polygon_point__forBattleAreaId:t="area4_1"
}

entity{
  _template:t="battle_area_polygon_point"
  transform:m=[[1.0, 0.0, 0.0] [0.0, 1.0, 0.0] [0.0, 0.0, 1.0] [473.017, 24.2515, 1890.84]]
  battle_area_polygon_point__id:t="point11"
  battle_area_polygon_point__nextId:t="point12"
  battle_area_polygon_point__forBattleAreaId:t="area4_1"
}

entity{
  _template:t="battle_area_polygon_point"
  transform:m=[[1.0, 0.0, 0.0] [0.0, 1.0, 0.0] [0.0, 0.0, 1.0] [428.765, 24.2515, 1916.04]]
  battle_area_polygon_point__id:t="point12"
  battle_area_polygon_point__nextId:t="point13"
  battle_area_polygon_point__forBattleAreaId:t="area4_1"
}

entity{
  _template:t="battle_area_polygon_point"
  transform:m=[[1.0, 0.0, 0.0] [0.0, 1.0, 0.0] [0.0, 0.0, 1.0] [379.863, 24.2515, 1935.15]]
  battle_area_polygon_point__id:t="point13"
  battle_area_polygon_point__nextId:t="point14"
  battle_area_polygon_point__forBattleAreaId:t="area4_1"
}

entity{
  _template:t="battle_area_polygon_point"
  transform:m=[[1.0, 0.0, 0.0] [0.0, 1.0, 0.0] [0.0, 0.0, 1.0] [118.558, 24.2515, 1783.62]]
  battle_area_polygon_point__id:t="point14"
  battle_area_polygon_point__nextId:t="point1"
  battle_area_polygon_point__forBattleAreaId:t="area4_1"
}

entity{
  _template:t="poly_battle_area"
  transform:m=[[1.0, 0.0, 0.0] [0.0, 1.0, 0.0] [0.0, 0.0, 1.0] [0.0, 0.0, 0.0]]
  groupName:t="sector_1_a"
  active:b=no
  battle_area__team:i=2
  battleAreaId:t="area2_2"
}

entity{
  _template:t="poly_battle_area"
  transform:m=[[1.0, 0.0, 0.0] [0.0, 1.0, 0.0] [0.0, 0.0, 1.0] [0.0, 0.0, 0.0]]
  groupName:t="sector_1_a"
  active:b=no
  battle_area__team:i=1
  battleAreaId:t="area2_1"
}

entity{
  _template:t="poly_battle_area"
  transform:m=[[1.0, 0.0, 0.0] [0.0, 1.0, 0.0] [0.0, 0.0, 1.0] [0.0, 0.0, 0.0]]
  groupName:t="sector_2_a"
  active:b=no
  battle_area__team:i=2
  battleAreaId:t="area3_2"
}

entity{
  _template:t="poly_battle_area"
  transform:m=[[1.0, 0.0, 0.0] [0.0, 1.0, 0.0] [0.0, 0.0, 1.0] [0.0, 0.0, 0.0]]
  groupName:t="sector_2_a"
  active:b=no
  battle_area__team:i=1
  battleAreaId:t="area3_1"
}

entity{
  _template:t="poly_battle_area"
  transform:m=[[1.0, 0.0, 0.0] [0.0, 1.0, 0.0] [0.0, 0.0, 1.0] [0.0, 0.0, 0.0]]
  groupName:t="sector_3_a"
  active:b=no
  battle_area__team:i=2
  battleAreaId:t="area4_2"
}

entity{
  _template:t="poly_battle_area"
  transform:m=[[1.0, 0.0, 0.0] [0.0, 1.0, 0.0] [0.0, 0.0, 1.0] [0.0, 0.0, 0.0]]
  groupName:t="sector_3_a"
  active:b=no
  battle_area__team:i=1
  battleAreaId:t="area4_1"
}

entity{
  _template:t="aircraft_box_battle_area"
  transform:m=[[8000.38, 0.0, -8000.53] [0.0, 8000.03, 0.0] [8000.12, 0.0, 8000.72] [417.373, 240.916, 1805.53]]
  battle_area__team:i=-1
}

entity{
  _template:t="minimap_battle_of_moscow_volokolamsk_countryside_winter"
}

entity{
  _template:t="wind"
}

entity{
  _template:t="postfx_color_grading_tonemap_death_alive_enlisted"
}

entity{
  _template:t="shaderVars"

  "shader_vars__vars:object"{
    hmap_displacement_up:r=0.3
    ocean1:c=142, 137, 71, 0
    ocean0:c=76, 63, 5, 0
    ocean_density:r=0.1
    land_selfillum_worldscale:r=0.9
    river1:c=142, 137, 71, 0
    river0:c=76, 63, 5, 0
    hmap_displacement_down:r=-0.15
    puddle_flat_hmap_reduce:r=0.03
    autodetect_land_selfillum_color:p4=0.53, 0.0, 0.0, 0.16
    paint_details_tex:t="volokolamsk_building_colors_tex_palette*"
    land_selfillum_strength:r=32.0
    water_color_noise_size:r=71.0
    river_density:r=0.3
  }
}

entity{
  _template:t="postfx_roundctrl"
}

entity{
  _template:t="door_mult_ent_generator"
  ri_extra_gen__blk:t="content/enlisted/gamedata/volokolamsk_doors.blk"
}

entity{
  _template:t="session_finalizer"
  session_finalizer__timer:r=10.0
}

entity{
  _template:t="briefing_assault"
  mission_name:t="volokolamsk_grove_assault"

  "loading_images:list<t>"{
    item:t="ui/volokolamsk_grove_01.avif"
    item:t="ui/volokolamsk_grove_02.avif"
    item:t="ui/volokolamsk_grove_03.avif"
  }
}

entity{
  _template:t="team_ussr+team_narrator_assault_defence+respawn_creators_team"
  team__countAdd:r=0.5
  team__memberCount:r=0.5
  team__scoreCap:r=3000.0
  team__capturePenalty:r=1001.0
  team__score:r=3000.0
  team__id:i=1
  team__briefing:t="assault/defenders_goals"
  team__winSubtitle:t="debriefing/won_defence_subtitle"
  team__loseSubtitle:t="debriefing/lost_defence_subtitle"
  team__winTitle:t="debriefing/ussr_won_defence"
  team__spawnBotArmy:t="moscow_allies"
}

entity{
  _template:t="team_germany_winter+team_narrator_assault_attack+respawn_creators_team"
  team__memberCount:r=0.0
  team__scoreCap:r=2100.0
  team__score:r=2100.0
  team__squadSpawnCost:i=250
  team__firstSpawnCostMul:r=0.0
  team__zeroScoreFailTimer:r=60.0
  team__id:i=2
  team__briefing:t="assault/attackers_goals"
  team__winSubtitle:t="debriefing/won_invasion_subtitle"
  team__loseSubtitle:t="debriefing/lost_invasion_subtitle"
  team__winTitle:t="debriefing/ger_won_invasion"
  team__spawnBotArmy:t="moscow_axis"
}

entity{
  _template:t="group_activator"

  "activator__activateChoice:object"{
    sector_1_a:r=1.0
  }
}

entity{
  _template:t="level"
  level__blk:t="content/enlisted/levels/battle_of_moscow_volokolamsk_countryside_winter.blk"
  level__timeRange:p2=5.0, 19.2

  "level__timeVec:array"{
    level__timeVec:r=19.0
  }

  "level__weatherChoice:object"{
    weather_cloudy_d:r=1.0
  }
}

entity{
  _template:t="water"
  water__strength:r=1.3
}

entity{
  _template:t="enemy_attack_marker"
  transform:m=[[-0.887544, 0.0, 0.460723] [0.0, 1.0, 0.0] [-0.460723, 0.0, -0.887544] [933.257, 4.97614, 1654.16]]
}

entity{
  _template:t="static_cam"
  camera__active:b=yes
  transform:m=[[0.897269, -0.00518194, 0.441454] [-0.0742863, 0.983902, 0.162539] [-0.43519, -0.178635, 0.882439] [695.18, 20.0975, 1729.87]]
}

entity{
  _template:t="respawn_camera"
  respawnCameraForTeam:i=1
  moveCameraToHeight:r=150.0
  respawnSelectorDistanceMult:r=1.7
  transform:m=[[1.0, 0.0, 0.0] [0.0, 1.0, 0.0] [0.0, 0.0, 1.0] [403.593, 162.412, 1787.06]]
}

entity{
  _template:t="respawn_camera"
  respawnCameraForTeam:i=2
  moveCameraToHeight:r=150.0
  respawnSelectorDistanceMult:r=1.7
  transform:m=[[1.0, 0.0, 0.0] [0.0, 1.0, 0.0] [0.0, 0.0, 1.0] [1012.18, 151.745, 1533.21]]
}

entity{
  _template:t="defend_zone_chained_sphere+defend_zone_respawnbase"
  capzone__capRewardPartCap:r=1.8
  capzone__mustBeCapturedByTeam:i=2
  capzone__curTeamCapturingZone:i=-1
  groupName:t="sector_1_a"
  capzone__capTime:r=30.0
  capzone__autoDecap:b=no
  capzone__autoCap:b=no
  capzone__capTeam:i=1
  capzone__progress:r=1.0
  transform:m=[[0.999962, 0.0084932, 0.0017888] [-0.00852864, 0.999747, 0.0208321] [-0.00161142, -0.0208465, 0.999781] [651.451, 10.8475, 1792.26]]
  active:b=no
  capzone__decapTime:r=30.0
  ui_order:i=0
  capzone__capReward:r=500.0
  capzone__title:t="A"
  capzone__caption:t="capzone/village_house"
  capzone__checkAllZonesInGroup:b=yes
  decal__height:r=0.9
  decal__thickness:r=0.15
  capzone__deactivateAfterTimeout:r=0.0
  capzone__spawnAtZoneTimeout:r=25.0
  capzone__createRespawnBaseForTeam:i=1
  sphere_zone__radius:r=12.4
  capzone__createRespawnBase:t="respawnBaseGroupActivator"
  capzone__createdRespawnBaseGroup:i=3
  capzone__iconOffsetY:r=3.0

  "capzone__activateChoice:object"{
    sector_2_a:r=1.0
  }
}

entity{
  _template:t="defend_zone_chained_sphere+defend_zone_respawnbase"
  capzone__capRewardPartCap:r=1.8
  capzone__mustBeCapturedByTeam:i=2
  capzone__curTeamCapturingZone:i=-1
  groupName:t="sector_1_a"
  capzone__capTime:r=30.0
  capzone__autoDecap:b=no
  capzone__autoCap:b=no
  capzone__capTeam:i=1
  capzone__progress:r=1.0
  transform:m=[[0.999962, 0.0084932, 0.0017888] [-0.00852864, 0.999747, 0.0208321] [-0.00161142, -0.0208465, 0.999781] [656.274, 9.06365, 1820.56]]
  active:b=no
  capzone__decapTime:r=30.0
  ui_order:i=0
  capzone__capReward:r=500.0
  capzone__title:t="B"
  capzone__caption:t="capzone/food_warehouse"
  capzone__checkAllZonesInGroup:b=yes
  decal__height:r=1.6
  decal__thickness:r=0.15
  capzone__deactivateAfterTimeout:r=0.0
  capzone__spawnAtZoneTimeout:r=25.0
  capzone__createRespawnBaseForTeam:i=1
  sphere_zone__radius:r=12.0
  capzone__createRespawnBase:t="respawnBaseGroupActivator"
  capzone__createdRespawnBaseGroup:i=3
  capzone__iconOffsetY:r=3.0

  "capzone__activateChoice:object"{
    sector_2_a:r=1.0
  }
}

entity{
  _template:t="defend_zone_chained_sphere+defend_zone_respawnbase"
  capzone__capRewardPartCap:r=1.8
  capzone__mustBeCapturedByTeam:i=2
  capzone__curTeamCapturingZone:i=-1
  groupName:t="sector_2_a"
  capzone__capTime:r=50.0
  capzone__autoDecap:b=no
  capzone__autoCap:b=no
  capzone__capTeam:i=1
  capzone__progress:r=1.0
  transform:m=[[0.999962, 0.0084932, 0.0017888] [-0.00852864, 0.999747, 0.0208321] [-0.00161142, -0.0208465, 0.999781] [530.272, 5.6898, 1769.39]]
  active:b=no
  capzone__decapTime:r=50.0
  ui_order:i=0
  capzone__capReward:r=500.0
  capzone__title:t="C"
  capzone__caption:t="capzone/headquarters"
  capzone__checkAllZonesInGroup:b=yes
  decal__height:r=1.5
  decal__thickness:r=0.15
  capzone__deactivateAfterTimeout:r=0.0
  capzone__spawnAtZoneTimeout:r=25.0
  capzone__createRespawnBaseForTeam:i=1
  sphere_zone__radius:r=13.5
  capzone__createRespawnBase:t="respawnBaseGroupActivator"
  capzone__createdRespawnBaseGroup:i=4
  capzone__iconOffsetY:r=3.0

  "capzone__activateChoice:object"{
    sector_3_a:r=1.0
  }
}

entity{
  _template:t="defend_zone_chained_sphere+defend_zone_respawnbase"
  capzone__capRewardPartCap:r=1.8
  capzone__mustBeCapturedByTeam:i=2
  capzone__curTeamCapturingZone:i=-1
  groupName:t="sector_3_a"
  capzone__capTime:r=30.0
  capzone__autoDecap:b=no
  capzone__autoCap:b=no
  capzone__capTeam:i=1
  capzone__progress:r=1.0
  transform:m=[[0.999962, 0.0084932, 0.0017888] [-0.00852864, 0.999747, 0.0208321] [-0.00161142, -0.0208465, 0.999781] [447.662, 2.5582, 1701.15]]
  active:b=no
  capzone__decapTime:r=30.0
  ui_order:i=0
  capzone__capReward:r=500.0
  capzone__title:t="D"
  capzone__caption:t="capzone/church"
  capzone__checkAllZonesInGroup:b=yes
  decal__height:r=1.0
  decal__thickness:r=0.15
  capzone__deactivateAfterTimeout:r=0.0
  capzone__spawnAtZoneTimeout:r=25.0
  capzone__createRespawnBaseForTeam:i=1
  sphere_zone__radius:r=13.1
  capzone__createRespawnBase:t="respawnBaseGroupActivator"
  capzone__createdRespawnBaseGroup:i=5
  capzone__iconOffsetY:r=3.0
}

entity{
  _template:t="defend_zone_chained_sphere+defend_zone_respawnbase"
  capzone__capRewardPartCap:r=1.8
  capzone__mustBeCapturedByTeam:i=2
  capzone__curTeamCapturingZone:i=-1
  groupName:t="sector_3_a"
  capzone__capTime:r=30.0
  capzone__autoDecap:b=no
  capzone__autoCap:b=no
  capzone__capTeam:i=1
  capzone__progress:r=1.0
  transform:m=[[1.0, 0.0, 0.0] [0.0, 0.995566, -0.0940666] [0.0, 0.0940666, 0.995566] [392.458, 7.62408, 1841.18]]
  active:b=no
  capzone__decapTime:r=30.0
  ui_order:i=0
  capzone__capReward:r=500.0
  capzone__title:t="E"
  capzone__caption:t="capzone/trench_bunker"
  capzone__checkAllZonesInGroup:b=yes
  decal__height:r=2.0
  decal__thickness:r=0.15
  capzone__deactivateAfterTimeout:r=0.0
  capzone__spawnAtZoneTimeout:r=25.0
  capzone__createRespawnBaseForTeam:i=1
  sphere_zone__radius:r=15.8
  capzone__createRespawnBase:t="respawnBaseGroupActivator"
  capzone__createdRespawnBaseGroup:i=5
  capzone__iconOffsetY:r=3.0
}

entity{
  _template:t="respAircraftInAir"
  respawnbaseType:t="aircraft_fighter"
  transform:m=[[-0.810474, 0.0, -0.585775] [0.0, 1.0, 0.0] [0.585775, 0.0, -0.810474] [3453.51, 1000.0, 3870.47]]
  team:i=2
  maxVehicleOnSpawn:i=1
  respTime:i=120
}

entity{
  _template:t="respAircraftInAir"
  respawnbaseType:t="aircraft_assault"
  transform:m=[[-0.810474, 0.0, -0.585775] [0.0, 1.0, 0.0] [0.585775, 0.0, -0.810474] [3442.07, 800.0, 3871.77]]
  team:i=2
  maxVehicleOnSpawn:i=1
  respTime:i=120
}

entity{
  _template:t="respAircraftInAir"
  respawnbaseType:t="aircraft_fighter"
  transform:m=[[-0.810474, 0.0, -0.585775] [0.0, 1.0, 0.0] [0.585775, 0.0, -0.810474] [3340.61, 1000.0, 3997.56]]
  team:i=2
  maxVehicleOnSpawn:i=1
  respTime:i=120
}

entity{
  _template:t="respAircraftInAir"
  respawnbaseType:t="aircraft_assault"
  transform:m=[[-0.810474, 0.0, -0.585775] [0.0, 1.0, 0.0] [0.585775, 0.0, -0.810474] [3340.61, 800.0, 3997.56]]
  team:i=2
  maxVehicleOnSpawn:i=1
  respTime:i=120
}

entity{
  _template:t="resupply_in_air_zone"
  transform:m=[[-0.762074, 0.0, -0.64749] [0.0, 1.0, 0.0] [0.64749, 0.0, -0.762074] [1714.37, 723.001, 4427.34]]
  resupply_zone__team:i=2
}

entity{
  _template:t="respAircraftInAir"
  respawnbaseType:t="aircraft_fighter"
  transform:m=[[0.808037, 0.0, 0.589132] [0.0, 1.0, -0.0] [-0.589132, 0.0, 0.808036] [-2343.27, 1000.0, -331.685]]
  team:i=1
  maxVehicleOnSpawn:i=1
  respTime:i=120
}

entity{
  _template:t="respAircraftInAir"
  respawnbaseType:t="aircraft_assault"
  transform:m=[[0.808037, 0.0, 0.589132] [0.0, 1.0, -0.0] [-0.589132, 0.0, 0.808036] [-2343.27, 800.0, -331.685]]
  team:i=1
  maxVehicleOnSpawn:i=1
  respTime:i=120
}

entity{
  _template:t="respAircraftInAir"
  respawnbaseType:t="aircraft_fighter"
  transform:m=[[0.808037, 0.0, 0.589132] [0.0, 1.0, -0.0] [-0.589132, 0.0, 0.808036] [-2426.75, 1000.0, -228.447]]
  team:i=1
  maxVehicleOnSpawn:i=1
  respTime:i=120
}

entity{
  _template:t="respAircraftInAir"
  respawnbaseType:t="aircraft_assault"
  transform:m=[[0.808037, 0.0, 0.589132] [0.0, 1.0, -0.0] [-0.589132, 0.0, 0.808036] [-2428.47, 800.0, -217.249]]
  team:i=1
  maxVehicleOnSpawn:i=1
  respTime:i=120
}

entity{
  _template:t="resupply_in_air_zone"
  transform:m=[[0.758609, 0.0, 0.651546] [0.0, 1.0, 0.0] [-0.651546, 0.0, 0.758609] [-928.69, 696.613, -755.568]]
  resupply_zone__team:i=1
}

entity{
  _template:t="mbs_desktop_stuff_a"
  transform:m=[[0.35956, 0.0, 0.556264] [0.0, 0.662354, 0.0] [-0.556264, 0.0, 0.35956] [525.413, 10.8858, 1776.19]]
}

entity{
  _template:t="mbs_ger_radio_feld_fu"
  transform:m=[[0.500739, 0.0, 0.433559] [0.0, 0.662354, 0.0] [-0.433559, 0.0, 0.500739] [525.064, 10.8858, 1776.62]]
}

entity{
  _template:t="respawnChooser+respTeam2"
  transform:m=[[-0.752281, 0.0, 0.658844] [0.0, 1.0, 0.0] [-0.658844, 0.0, -0.752281] [781.36, 9.22239, 1744.04]]
  groupName:t="sector_1_a"
  respawnBaseGroup:i=1
  active:b=no
}

entity{
  _template:t="respawnChooser+respTeam1"
  transform:m=[[0.746703, 0.0, 0.665161] [0.0, 1.0, -0.0] [-0.665161, 0.0, 0.746703] [528.492, 7.73993, 1767.04]]
  groupName:t="sector_1_a"
  respawnBaseGroup:i=2
  active:b=no
}

entity{
  _template:t="respawnChooser+respTeam1"
  transform:m=[[0.630599, 0.0, 0.776112] [0.0, 1.0, -0.0] [-0.776112, 0.0, 0.630599] [573.153, 10.5914, 1695.11]]
  groupName:t="sector_1_a"
  respawnBaseGroup:i=1
  active:b=no
}

entity{
  _template:t="respawnChooser+respVehicle"
  transform:m=[[-0.466426, 0.0, 0.88456] [0.0, 1.0, 0.0] [-0.88456, 0.0, -0.466426] [834.187, 3.16144, 1721.52]]
  groupName:t="sector_1_a"
  maxVehicleOnSpawn:i=2
  respTime:i=120
  respawnBaseGroup:i=1
  team:i=2
  active:b=no
}

entity{
  _template:t="respawnChooser+respMotorcycle"
  transform:m=[[-0.28508, 0.0, 0.958505] [0.0, 1.0, 0.0] [-0.958505, 0.0, -0.28508] [568.695, 10.8551, 1616.24]]
  groupName:t="sector_1_a"
  respTime:i=120
  respawnBaseGroup:i=1
  team:i=1
  active:b=no
}

entity{
  _template:t="respawnChooser+respVehicle"
  transform:m=[[-0.28508, 0.0, 0.958505] [0.0, 1.0, 0.0] [-0.958505, 0.0, -0.28508] [568.846, 10.8551, 1616.9]]
  groupName:t="sector_1_a"
  maxVehicleOnSpawn:i=2
  respTime:i=120
  respawnBaseGroup:i=1
  team:i=1
  active:b=no
}

entity{
  _template:t="respawnChooser+respMotorcycle"
  transform:m=[[-0.466426, 0.0, 0.88456] [0.0, 1.0, 0.0] [-0.88456, 0.0, -0.466426] [834.477, 3.16144, 1721.22]]
  groupName:t="sector_1_a"
  respTime:i=120
  respawnBaseGroup:i=1
  team:i=2
  active:b=no
}

entity{
  _template:t="respawnChooser+respTeam2"
  transform:m=[[-0.661628, 0.0, 0.749832] [0.0, 1.0, 0.0] [-0.749832, 0.0, -0.661628] [784.393, 8.23527, 1746.21]]
  groupName:t="sector_1_a"
  respawnBaseGroup:i=1
  active:b=no
}

entity{
  _template:t="respawnChooser+respTeam2"
  transform:m=[[-0.988375, 0.0, -0.152031] [0.0, 1.0, 0.0] [0.152031, 0.0, -0.988375] [793.465, 2.11581, 1822.91]]
  groupName:t="sector_1_a"
  respawnBaseGroup:i=2
  active:b=no
}

entity{
  _template:t="respawnChooser+respTeam2"
  transform:m=[[-0.995468, 0.0, -0.0950878] [0.0, 1.0, 0.0] [0.0950878, 0.0, -0.995468] [791.115, 1.36382, 1831.48]]
  groupName:t="sector_1_a"
  respawnBaseGroup:i=2
  active:b=no
}

entity{
  _template:t="respawnChooser+respTeam1"
  transform:m=[[0.750021, 0.0, 0.661416] [0.0, 1.0, -0.0] [-0.661416, 0.0, 0.750021] [553.299, 9.5404, 1726.28]]
  groupName:t="sector_1_a"
  respawnBaseGroup:i=1
  active:b=no
}

entity{
  _template:t="respawnChooser+respTeam1"
  transform:m=[[0.290057, 0.0, 0.957011] [0.0, 1.0, 0.0] [-0.957011, 0.0, 0.290057] [526.188, 7.77259, 1770.18]]
  groupName:t="sector_1_a"
  respawnBaseGroup:i=2
  active:b=no
}

entity{
  _template:t="resupply_for_ground_vehicle_zone"
  transform:m=[[-0.466426, 0.0, 0.88456] [0.0, 1.0, 0.0] [-0.88456, 0.0, -0.466426] [806.344, 5.23754, 1744.79]]
  resupply_zone__team:i=2
  groupName:t="sector_1_a"
  active:b=no
}

entity{
  _template:t="resupply_for_ground_vehicle_zone"
  transform:m=[[-0.28508, 0.0, 0.958505] [0.0, 1.0, 0.0] [-0.958505, 0.0, -0.28508] [530.809, 8.98049, 1643.47]]
  resupply_zone__team:i=1
  groupName:t="sector_1_a"
  active:b=no
}

entity{
  _template:t="respawnChooser+respTeam2"
  transform:m=[[-0.998435, 0.0, -0.0559175] [0.0, 1.0, 0.0] [0.0559175, 0.0, -0.998435] [678.353, 18.8426, 1735.09]]
  groupName:t="sector_2_a"
  respawnBaseGroup:i=1
  active:b=no
}

entity{
  _template:t="respawnChooser+respTeam2"
  transform:m=[[-0.996601, 0.0, 0.0823782] [0.0, 1.0, 0.0] [-0.0823782, 0.0, -0.996601] [662.405, 11.4622, 1818.86]]
  groupName:t="sector_2_a"
  respawnBaseGroup:i=2
  active:b=no
}

entity{
  _template:t="respawnChooser+respTeam2"
  transform:m=[[-0.92495, 0.0, -0.38009] [0.0, 1.0, 0.0] [0.38009, 0.0, -0.92495] [661.945, 11.4622, 1822.1]]
  groupName:t="sector_2_a"
  respawnBaseGroup:i=2
  active:b=no
}

entity{
  _template:t="respawnChooser+respTeam1"
  transform:m=[[0.998926, 0.0, -0.0463572] [0.0, 1.0, 0.0] [0.0463572, 0.0, 0.998926] [440.933, 3.4404, 1703.13]]
  groupName:t="sector_2_a"
  respawnBaseGroup:i=1
  active:b=no
}

entity{
  _template:t="respawnChooser+respTeam1"
  transform:m=[[0.924316, 0.0, 0.381633] [0.0, 1.0, 0.0] [-0.381633, 0.0, 0.924316] [442.966, 3.4404, 1697.1]]
  groupName:t="sector_2_a"
  respawnBaseGroup:i=1
  active:b=no
}

entity{
  _template:t="respawnChooser+respTeam1"
  transform:m=[[0.121617, 0.0, 0.992578] [0.0, 1.0, 0.0] [-0.992578, 0.0, 0.121617] [428.276, 2.19013, 1723.42]]
  groupName:t="sector_2_a"
  respawnBaseGroup:i=1
  active:b=no
}

entity{
  _template:t="respawnChooser+respTeam1"
  transform:m=[[0.944376, 0.0, 0.328872] [0.0, 1.0, 0.0] [-0.328872, 0.0, 0.944376] [462.022, 2.05247, 1684.15]]
  groupName:t="sector_2_a"
  respawnBaseGroup:i=1
  active:b=no
}

entity{
  _template:t="respawnChooser+respMotorcycle"
  transform:m=[[-0.975918, 0.0, 0.218139] [0.0, 1.0, 0.0] [-0.218139, 0.0, -0.975918] [755.443, 7.52114, 1801.16]]
  groupName:t="sector_2_a"
  respTime:i=120
  respawnBaseGroup:i=1
  team:i=2
  active:b=no
}

entity{
  _template:t="respawnChooser+respVehicle"
  transform:m=[[-0.966498, 0.0, 0.256675] [0.0, 1.0, 0.0] [-0.256675, 0.0, -0.966498] [755.405, 7.51315, 1802.06]]
  groupName:t="sector_2_a"
  maxVehicleOnSpawn:i=2
  respTime:i=120
  respawnBaseGroup:i=1
  team:i=2
  active:b=no
}

entity{
  _template:t="respawnChooser+respVehicle"
  transform:m=[[0.885319, 0.0, 0.464986] [0.0, 1.0, 0.0] [-0.464986, 0.0, 0.885319] [451.521, 1.65204, 1592.45]]
  groupName:t="sector_2_a"
  maxVehicleOnSpawn:i=2
  respTime:i=120
  respawnBaseGroup:i=1
  team:i=1
  active:b=no
}

entity{
  _template:t="respawnChooser+respMotorcycle"
  transform:m=[[0.885319, 0.0, 0.464986] [0.0, 1.0, 0.0] [-0.464986, 0.0, 0.885319] [452.696, 1.65204, 1590.99]]
  groupName:t="sector_2_a"
  respTime:i=120
  respawnBaseGroup:i=1
  team:i=1
  active:b=no
}

entity{
  _template:t="respawnChooser+respTeam2"
  transform:m=[[-0.927104, 0.0, 0.374804] [0.0, 1.0, 0.0] [-0.374804, 0.0, -0.927104] [676.57, 13.4643, 1756.01]]
  groupName:t="sector_2_a"
  respawnBaseGroup:i=1
  active:b=no
}

entity{
  _template:t="resupply_for_ground_vehicle_zone"
