import{
  scene:t="content/enlisted/gamedata/scenes/_volokolamsk_sounds.blk"
  scene:t="content/enlisted/gamedata/scenes/_volokolamsk_winter_biome_fx.blk"
  scene:t="content/enlisted/gamedata/scenes/_volokolamsk_winter_village_fx.blk"
}

entity{
  _template:t="minimap_battle_of_moscow_volokolamsk_countryside_winter"
}

entity{
  _template:t="wind"
}

entity{
  _template:t="postfx_color_grading_tonemap_death_alive_enlisted"
}

entity{
  _template:t="shaderVars"

  "shader_vars__vars:object"{
    hmap_displacement_up:r=0.3
    ocean1:c=142, 137, 71, 0
    ocean0:c=76, 63, 5, 0
    ocean_density:r=0.1
    land_selfillum_worldscale:r=0.9
    river1:c=142, 137, 71, 0
    river0:c=76, 63, 5, 0
    hmap_displacement_down:r=-0.15
    puddle_flat_hmap_reduce:r=0.03
    autodetect_land_selfillum_color:p4=0.53, 0.0, 0.0, 0.16
    paint_details_tex:t="volokolamsk_building_colors_tex_palette*"
    land_selfillum_strength:r=32.0
    water_color_noise_size:r=71.0
    river_density:r=0.3
  }
}

entity{
  _template:t="postfx_roundctrl"
}

entity{
  _template:t="door_mult_ent_generator"
  ri_extra_gen__blk:t="content/e_moscow/gamedata/volokolamsk_doors.blk"
}

entity{
  _template:t="session_finalizer"
  session_finalizer__timer:r=10.0
}

entity{
  _template:t="briefing_invasion"
  mission_name:t="volokolamsk_village_inv"

  "loading_images:list<t>"{
    item:t="ui/volokolamsk_village_01.jpg"
    item:t="ui/volokolamsk_village_02.jpg"
    item:t="ui/volokolamsk_village_03.jpg"
  }
}

entity{
  _template:t="team_ussr+team_narrator_invasion_defence+respawn_creators_team"
  team__countAdd:r=0.5
  team__memberCount:r=0.5
  team__scoreCap:r=5000.0
  team__capturePenalty:r=1001.0
  team__score:r=5000.0
  team__id:i=1
  team__briefing:t="invasion/defenders_goals"
  team__winSubtitle:t="debriefing/won_defence_subtitle"
  team__loseSubtitle:t="debriefing/lost_defence_subtitle"
  team__winTitle:t="debriefing/ussr_won_defence"
  team__spawnBotArmy:t="moscow_allies"
}

entity{
  _template:t="team_germany_winter+team_narrator_invasion_attack+respawn_creators_team"
  team__memberCount:r=0.0
  team__scoreCap:r=2000.0
  team__score:r=2000.0
  team__squadSpawnCost:i=250
  team__firstSpawnCostMul:r=0.0
  team__zeroScoreFailTimer:r=60.0
  team__id:i=2
  team__briefing:t="invasion/attackers_goals"
  team__winSubtitle:t="debriefing/won_invasion_subtitle"
  team__loseSubtitle:t="debriefing/lost_invasion_subtitle"
  team__winTitle:t="debriefing/ger_won_invasion"
  team__spawnBotArmy:t="moscow_axis"
}

entity{
  _template:t="enemy_attack_marker"
}

entity{
  _template:t="static_cam"
  camera__active:b=yes
  transform:m=[[-0.947294, 0.003136, -0.320349] [0.0293118, 0.996606, -0.0769229] [0.31902, -0.082259, -0.944171] [-228.196, 15.3665, 175.475]]
}

entity{
  _template:t="group_activator"

  "activator__activateChoice:object"{
    1_1:r=1.0
  }
}

entity{
  _template:t="defend_zone_chained_sphere+defend_zone_respawnbase"
  capzone__capRewardPartCap:r=1.125
  capzone__onlyTeamCanCapture:i=2
  capzone__curTeamCapturingZone:i=-1
  groupName:t="1_1"
  capzone__capTime:r=70.0
  capzone__capTeam:i=-1
  transform:m=[[-0.10795, 0.0, 0.994156] [0.0, 1.0, 0.0] [-0.994156, 0.0, -0.10795] [-191.877, 10.5239, 353.791]]
  active:b=no
  capzone__decapTime:r=6000.0
  ui_order:i=1
  capzone__capReward:r=250.0
  capzone__icon:t="AAA"
  capzone__caption:t="capzone/artillery_emplacement"
  sphere_zone__radius:r=19.5
  capzone__deactivateAfterTimeout:r=25.0
  capzone__spawnAtZoneTimeout:r=25.0
  capzone__createRespawnBaseForTeam:i=1
  capzone__createRespawnBase:t="respawnBaseGroupActivator"
  capzone__createdRespawnBaseGroup:i=3
  decal__height:r=2.0
  decal__thickness:r=0.4
  capzone__iconOffsetY:r=1.0

  "capzone__activateChoice:object"{
    2_1:r=1.0
    2_2:r=1.0
  }
}

entity{
  _template:t="respawnBaseWithGroupOnCapturePoint"
  transform:m=[[-0.0749177, 0.0, 0.99719] [0.0, 1.0, 0.0] [-0.99719, 0.0, -0.0749177] [-179.128, 10.4215, 345.26]]
  team:i=1
  respawnBaseGroup:i=3
  active:b=no
}

entity{
  _template:t="respawnBaseWithGroupOnCapturePoint"
  transform:m=[[-0.809787, 0.0, 0.586724] [0.0, 1.0, 0.0] [-0.586724, 0.0, -0.809787] [-202.786, 10.4215, 351.293]]
  team:i=1
  respawnBaseGroup:i=3
  active:b=no
}

entity{
  _template:t="respawnBaseWithGroupOnCapturePoint"
  transform:m=[[-0.958896, 0.0, 0.283758] [0.0, 1.0, 0.0] [-0.283758, 0.0, -0.958896] [-168.585, 10.1737, 354.833]]
  team:i=1
  respawnBaseGroup:i=3
  active:b=no
}

entity{
  _template:t="respawnChooser+respTeam1"
  transform:m=[[-0.722574, 0.0, 0.691294] [0.0, 1.0, 0.0] [-0.691294, 0.0, -0.722574] [-118.364, 6.08994, 283.791]]
  groupName:t="1_1"
  active:b=no
}

entity{
  _template:t="respawnChooser+respTeam1"
  transform:m=[[0.903441, 0.0, 0.428712] [0.0, 1.0, 0.0] [-0.428712, 0.0, 0.903441] [-251.224, 11.1417, 279.488]]
  groupName:t="1_1"
  active:b=no
  respawnBaseGroup:i=2
}

entity{
  _template:t="respawnChooser+respTeam1"
  transform:m=[[0.507323, 0.0, 0.861757] [0.0, 1.0, 0.0] [-0.861757, 0.0, 0.507323] [-210.351, 8.83249, 251.833]]
  groupName:t="1_1"
  active:b=no
  respawnBaseGroup:i=2
}

entity{
  _template:t="respawnChooser+respTeam1"
  transform:m=[[-0.370236, 0.0, 0.928938] [0.0, 1.0, 0.0] [-0.928938, 0.0, -0.370236] [-153.365, 7.48703, 255.678]]
  groupName:t="1_1"
  active:b=no
  respawnBaseGroup:i=1
}

entity{
  _template:t="respawnChooser+respTeam2"
  transform:m=[[0.978842, 0.0, -0.204618] [0.0, 1.0, 0.0] [0.204618, 0.0, 0.978842] [-148.991, 11.47, 455.047]]
  groupName:t="1_1"
  active:b=no
}

entity{
  _template:t="respawnChooser+respTeam2"
  transform:m=[[-0.766194, 0.0, -0.642608] [0.0, 1.0, 0.0] [0.642608, 0.0, -0.766194] [-202.757, 11.7156, 460.108]]
  groupName:t="1_1"
  active:b=no
  respawnBaseGroup:i=2
}

entity{
  _template:t="respawnChooser+respTeam2"
  transform:m=[[0.0694248, 0.0, -0.997587] [0.0, 1.0, 0.0] [0.997587, 0.0, 0.0694248] [-237.142, 12.8889, 452.356]]
  groupName:t="1_1"
  active:b=no
  respawnBaseGroup:i=2
}

entity{
  _template:t="respawnChooser+respTeam2"
  transform:m=[[-0.690933, 0.0, -0.722918] [0.0, 1.0, 0.0] [0.722918, 0.0, -0.690933] [-121.099, 9.90956, 442.403]]
  groupName:t="1_1"
  active:b=no
}

entity{
  _template:t="respawnChooser+respVehicle"
  respTime:i=150
  groupName:t="1_1"
  team:i=1
  maxVehicleOnSpawn:i=2
  transform:m=[[0.774106, 0.0, 0.633056] [0.0, 1.0, 0.0] [-0.633056, 0.0, 0.774106] [-308.09, 9.01893, 225.397]]
  active:b=no
}

entity{
  _template:t="respawnChooser+respVehicle"
  respTime:i=150
  groupName:t="1_1"
  team:i=2
  maxVehicleOnSpawn:i=2
  transform:m=[[0.76392, 0.0, -0.645312] [0.0, 1.0, 0.0] [0.645312, 0.0, 0.76392] [-303.136, 12.1197, 497.729]]
  active:b=no
}

entity{
  _template:t="defend_zone_chained_sphere+defend_zone_respawnbase"
  capzone__capRewardPartCap:r=1.25
  capzone__onlyTeamCanCapture:i=2
  capzone__curTeamCapturingZone:i=-1
  groupName:t="2_1"
  capzone__capTime:r=80.0
  capzone__capTeam:i=-1
  transform:m=[[0.375294, 0.0148486, 0.926787] [0.0142652, 0.999661, -0.0217927] [-0.926796, 0.0213995, 0.374954] [-215.595, 7.61921, 252.377]]
  active:b=no
  capzone__decapTime:r=6000.0
  ui_order:i=2
  capzone__capReward:r=250.0
  capzone__icon:t="AAA"
  capzone__caption:t="capzone/artillery_emplacement"
  sphere_zone__radius:r=17.5
  capzone__deactivateAfterTimeout:r=25.0
  capzone__spawnAtZoneTimeout:r=25.0
  capzone__createRespawnBaseForTeam:i=1
  capzone__createRespawnBase:t="respawnBaseGroupActivator"
  capzone__createdRespawnBaseGroup:i=4
  decal__thickness:r=0.4
  decal__height:r=1.0
  capzone__iconOffsetY:r=2.5

  "capzone__activateChoice:object"{
    3_1:r=1.0
  }
}

entity{
  _template:t="respawnBaseWithGroupOnCapturePoint"
  transform:m=[[0.762435, 0.0, 0.647065] [0.0, 1.0, 0.0] [-0.647065, 0.0, 0.762435] [-218.142, 9.49933, 249.981]]
  team:i=1
  respawnBaseGroup:i=4
  active:b=no
}

entity{
  _template:t="respawnBaseWithGroupOnCapturePoint"
  transform:m=[[0.526556, 0.0, 0.85014] [0.0, 1.0, 0.0] [-0.85014, 0.0, 0.526556] [-210.012, 9.36384, 252.636]]
  team:i=1
  respawnBaseGroup:i=4
  active:b=no
}

entity{
  _template:t="respawnChooser+respTeam2"
  transform:m=[[-0.825019, 0.0, 0.565102] [0.0, 1.0, 0.0] [-0.565102, 0.0, -0.825019] [-116.873, 6.46204, 283.853]]
  groupName:t="2_1"
  active:b=no
}

entity{
  _template:t="respawnChooser+respTeam2"
  transform:m=[[-0.115965, 0.0, -0.993253] [0.0, 1.0, 0.0] [0.993253, 0.0, -0.115965] [-179.498, 9.10881, 352.517]]
  groupName:t="2_1"
  active:b=no
  respawnBaseGroup:i=2
}

entity{
  _template:t="respawnChooser+respTeam2"
  transform:m=[[-0.886417, 0.0, 0.462884] [0.0, 1.0, 0.0] [-0.462884, 0.0, -0.886417] [-118.101, 6.46204, 282.182]]
  groupName:t="2_1"
  active:b=no
}

entity{
  _template:t="respawnChooser+respTeam1"
  transform:m=[[-0.947409, 0.0, 0.320027] [0.0, 1.0, 0.0] [-0.320027, 0.0, -0.947409] [-169.824, 4.09449, 159.921]]
  groupName:t="2_1"
  active:b=no
}

entity{
  _template:t="respawnChooser+respTeam2"
  transform:m=[[-0.137618, 0.0, -0.990485] [0.0, 1.0, 0.0] [0.990485, 0.0, -0.137618] [-230.341, 10.383, 358.6]]
  groupName:t="2_1"
  active:b=no
  respawnBaseGroup:i=2
}

entity{
  _template:t="respawnChooser+respTeam1"
  transform:m=[[0.751871, 0.0, 0.65931] [0.0, 1.0, 0.0] [-0.65931, 0.0, 0.751871] [-252.787, 4.35902, 158.702]]
  groupName:t="2_1"
  active:b=no
  respawnBaseGroup:i=2
}

entity{
  _template:t="respawnChooser+respTeam1"
  transform:m=[[0.823457, 0.0, 0.567379] [0.0, 1.0, 0.0] [-0.567379, 0.0, 0.823457] [-295.902, 5.5385, 197.785]]
  groupName:t="2_1"
  active:b=no
  respawnBaseGroup:i=2
}

entity{
  _template:t="respawnChooser+respTeam1"
  transform:m=[[-0.9509, 0.0, 0.309502] [0.0, 1.0, 0.0] [-0.309502, 0.0, -0.9509] [-170.171, 4.09449, 158.055]]
  groupName:t="2_1"
  active:b=no
}

entity{
  _template:t="respawnChooser+respVehicle"
  respTime:i=150
  groupName:t="2_1"
  active:b=no
  team:i=2
  maxVehicleOnSpawn:i=2
  transform:m=[[0.482571, 0.0, -0.875858] [0.0, 1.0, 0.0] [0.875858, 0.0, 0.482571] [-273.05, 12.1277, 466.914]]
}

entity{
  _template:t="respawnChooser+respVehicle"
  respTime:i=150
  transform:m=[[-0.989374, 0.0, 0.145386] [0.0, 1.0, 0.0] [-0.145386, 0.0, -0.989374] [-44.2135, 6.03992, 134.018]]
  team:i=1
  groupName:t="2_1"
  maxVehicleOnSpawn:i=2
  active:b=no
}

entity{
  _template:t="defend_zone_chained_sphere+defend_zone_respawnbase"
  capzone__capRewardPartCap:r=1.25
  capzone__onlyTeamCanCapture:i=2
  capzone__curTeamCapturingZone:i=-1
  groupName:t="2_2"
  capzone__capTime:r=80.0
  capzone__capTeam:i=-1
  transform:m=[[0.257218, 0.0105424, 0.660226] [0.00977704, 0.70975, -0.0155247] [-0.635205, 0.0151935, 0.26711] [-156.632, 6.06504, 250.083]]
  active:b=no
  capzone__decapTime:r=6000.0
  ui_order:i=2
  capzone__capReward:r=250.0
  capzone__icon:t="AAA"
  capzone__caption:t="capzone/field_headquarters"
  sphere_zone__radius:r=17.5
  capzone__deactivateAfterTimeout:r=25.0
  capzone__spawnAtZoneTimeout:r=25.0
  capzone__createRespawnBaseForTeam:i=1
  capzone__createRespawnBase:t="respawnBaseGroupActivator"
  capzone__createdRespawnBaseGroup:i=5
  decal__thickness:r=0.4
  decal__height:r=1.0
  capzone__iconOffsetY:r=2.5

  "capzone__activateChoice:object"{
    3_1:r=1.0
  }
}

entity{
  _template:t="respawnBaseWithGroupOnCapturePoint"
  transform:m=[[0.526556, 0.0, 0.85014] [0.0, 1.0, 0.0] [-0.85014, 0.0, 0.526556] [-159.895, 7.38808, 243.4]]
  team:i=1
  respawnBaseGroup:i=5
  active:b=no
}

entity{
  _template:t="respawnBaseWithGroupOnCapturePoint"
  transform:m=[[-0.773841, 0.0, 0.633379] [0.0, 1.0, 0.0] [-0.633379, 0.0, -0.773841] [-153.514, 7.38808, 256.16]]
  team:i=1
  respawnBaseGroup:i=5
  active:b=no
}

entity{
  _template:t="respawnChooser+respTeam1"
  transform:m=[[-0.605868, 0.0, 0.795565] [0.0, 1.0, 0.0] [-0.795565, 0.0, -0.605868] [-91.5077, 5.97348, 161.542]]
  groupName:t="2_2"
  active:b=no
  respawnBaseGroup:i=1
}

entity{
  _template:t="respawnChooser+respTeam1"
  transform:m=[[-0.810165, 0.0, 0.586203] [0.0, 1.0, 0.0] [-0.586203, 0.0, -0.810165] [-69.7176, 6.24121, 163.753]]
  groupName:t="2_2"
  active:b=no
  respawnBaseGroup:i=1
}

entity{
  _template:t="respawnChooser+respTeam1"
  transform:m=[[0.194116, 0.0, 0.98098] [0.0, 1.0, 0.0] [-0.98098, 0.0, 0.194116] [-235.067, 5.31806, 178.709]]
  groupName:t="2_2"
  active:b=no
  respawnBaseGroup:i=2
}

entity{
  _template:t="respawnChooser+respTeam1"
  transform:m=[[-0.863711, 0.0, 0.503988] [0.0, 1.0, 0.0] [-0.503988, 0.0, -0.863711] [-163.254, 4.09449, 160.296]]
  groupName:t="2_2"
  active:b=no
  respawnBaseGroup:i=2
}

entity{
  _template:t="respawnChooser+respTeam2"
  transform:m=[[-0.874041, 0.0, -0.485852] [0.0, 1.0, 0.0] [0.485852, 0.0, -0.874041] [-167.859, 10.0124, 356.807]]
  groupName:t="2_2"
  active:b=no
  respawnBaseGroup:i=1
}

entity{
  _template:t="respawnChooser+respTeam2"
  transform:m=[[0.128493, 0.0, -0.99171] [0.0, 1.0, 0.0] [0.99171, 0.0, 0.128493] [-179.996, 10.1711, 370.034]]
  groupName:t="2_2"
  active:b=no
  respawnBaseGroup:i=1
}

entity{
  _template:t="respawnChooser+respTeam2"
  transform:m=[[-0.115965, 0.0, -0.993253] [0.0, 1.0, 0.0] [0.993253, 0.0, -0.115965] [-217.066, 10.1328, 322.891]]
  groupName:t="2_2"
  active:b=no
  respawnBaseGroup:i=2
}

entity{
  _template:t="respawnChooser+respVehicle"
  respTime:i=150
  groupName:t="2_2"
  active:b=no
  team:i=2
  maxVehicleOnSpawn:i=2
  transform:m=[[0.482236, 0.0, -0.876042] [0.0, 1.0, 0.0] [0.876042, 0.0, 0.482236] [-273.171, 12.1642, 467.129]]
}

entity{
  _template:t="respawnChooser+respVehicle"
  respTime:i=150
  transform:m=[[-0.978671, 0.0, 0.205427] [0.0, 1.0, 0.0] [-0.205427, 0.0, -0.978671] [46.4347, 4.7052, 143.658]]
  team:i=1
  groupName:t="2_2"
  maxVehicleOnSpawn:i=2
  active:b=no
  respawnBaseGroup:i=1
}

entity{
  _template:t="defend_zone_chained_sphere+defend_zone_respawnbase"
  capzone__capRewardPartCap:r=1.375
  capzone__onlyTeamCanCapture:i=2
  capzone__curTeamCapturingZone:i=-1
  groupName:t="3_1"
  capzone__capTime:r=100.0
  capzone__capTeam:i=-1
  transform:m=[[-0.88295, 0.0443913, 0.467363] [0.0386196, 0.999014, -0.021928] [-0.467874, -0.00131194, -0.883794] [-70.2257, 4.81015, 174.637]]
  sphere_zone__radius:r=15.0
  active:b=no
  capzone__decapTime:r=6000.0
  ui_order:i=3
  capzone__capReward:r=500.0
  capzone__icon:t="AAA"
  capzone__caption:t="capzone/stable"
  capzone__deactivateAfterTimeout:r=25.0
  capzone__spawnAtZoneTimeout:r=25.0
  capzone__createRespawnBaseForTeam:i=1
  capzone__createRespawnBase:t="respawnBaseGroupActivator"
  capzone__createdRespawnBaseGroup:i=6
  decal__thickness:r=0.4
  decal__height:r=1.5
  capzone__iconOffsetY:r=2.0

  "capzone__activateChoice:object"{
    5_1:r=1.0
    4_1:r=1.0
  }
}

entity{
  _template:t="respawnBaseWithGroupOnCapturePoint"
  transform:m=[[0.310907, 0.0, 0.95044] [0.0, 1.0, 0.0] [-0.95044, 0.0, 0.310907] [-65.0575, 6.22342, 168.918]]
  team:i=1
  respawnBaseGroup:i=6
  active:b=no
}

entity{
  _template:t="respawnBaseWithGroupOnCapturePoint"
  transform:m=[[0.411215, 0.0, 0.911538] [0.0, 1.0, 0.0] [-0.911538, 0.0, 0.411215] [-78.79, 6.22342, 175.793]]
  team:i=1
  respawnBaseGroup:i=6
  active:b=no
}

entity{
  _template:t="respawnChooser+respTeam1"
  transform:m=[[-0.99476, 0.0, 0.102228] [0.0, 1.0, 0.0] [-0.102228, 0.0, -0.99476] [35.0767, 5.24021, 215.399]]
  groupName:t="3_1"
  active:b=no
}

entity{
  _template:t="respawnChooser+respTeam2"
  transform:m=[[0.736787, 0.0, -0.676124] [0.0, 1.0, 0.0] [0.676124, 0.0, 0.736787] [-182.818, 8.38432, 265.99]]
  groupName:t="3_1"
  active:b=no
  respawnBaseGroup:i=2
}

entity{
  _template:t="respawnChooser+respTeam1"
  transform:m=[[-0.875292, 0.0, 0.483593] [0.0, 1.0, 0.0] [-0.483593, 0.0, -0.875292] [43.2884, 4.90002, 109.408]]
  groupName:t="3_1"
  active:b=no
  respawnBaseGroup:i=2
}

entity{
  _template:t="respawnChooser+respTeam2"
  transform:m=[[0.530496, 0.0, -0.847686] [0.0, 1.0, 0.0] [0.847686, 0.0, 0.530496] [-117.447, 7.25086, 295.568]]
  groupName:t="3_1"
  active:b=no
  respawnBaseGroup:i=1
}

entity{
  _template:t="respawnChooser+respTeam2"
  transform:m=[[-0.403852, 0.0, -0.914823] [0.0, 1.0, 0.0] [0.914823, 0.0, -0.403852] [-136.174, 6.74388, 291.718]]
  groupName:t="3_1"
  active:b=no
}

entity{
  _template:t="respawnChooser+respTeam2"
  transform:m=[[0.831938, 0.0, -0.554867] [0.0, 1.0, 0.0] [0.554867, 0.0, 0.831938] [-189.947, 8.60696, 240.392]]
  groupName:t="3_1"
  active:b=no
  respawnBaseGroup:i=2
}

entity{
  _template:t="respawnChooser+respTeam1"
  transform:m=[[-0.626529, 0.0, -0.779397] [0.0, 1.0, 0.0] [0.779397, 0.0, -0.626529] [46.7173, 5.24021, 193.955]]
  groupName:t="3_1"
  active:b=no
}

entity{
  _template:t="respawnChooser+respTeam1"
  transform:m=[[-0.336901, 0.0, 0.941539] [0.0, 1.0, 0.0] [-0.941539, 0.0, -0.336901] [-4.70143, 4.54105, 71.4739]]
  groupName:t="3_1"
  active:b=no
  respawnBaseGroup:i=2
}

entity{
  _template:t="respawnChooser+respVehicle"
  respTime:i=150
  transform:m=[[-0.963337, 0.0, -0.268294] [0.0, 1.0, 0.0] [0.268294, 0.0, -0.963337] [140.339, 4.03263, 204.701]]
  team:i=1
  groupName:t="3_1"
  maxVehicleOnSpawn:i=2
  active:b=no
}

entity{
  _template:t="respawnChooser+respVehicle"
  transform:m=[[0.943273, 0.0, -0.33202] [0.0, 1.0, 0.0] [0.33202, 0.0, 0.943273] [-254.185, 12.0948, 309.264]]
  groupName:t="3_1"
  maxVehicleOnSpawn:i=2
  team:i=2
  respTime:i=150
  active:b=no
}

entity{
  _template:t="defend_zone_chained_sphere+defend_zone_respawnbase"
  capzone__capRewardPartCap:r=1.5
  capzone__onlyTeamCanCapture:i=2
  capzone__curTeamCapturingZone:i=-1
  groupName:t="4_1"
  capzone__capTime:r=90.0
  capzone__capTeam:i=-1
  transform:m=[[-0.679103, 0.0158374, 0.214746] [-0.0207979, 1.00114, 0.000596561] [-0.330063, -0.0132062, -0.747181] [8.65356, 5.52848, 125.605]]
  sphere_zone__radius:r=23.0
  active:b=no
  capzone__decapTime:r=6000.0
  ui_order:i=3
  capzone__capReward:r=500.0
  capzone__icon:t="AAA"
  capzone__caption:t="capzone/trench_bunker"
  capzone__deactivateAfterTimeout:r=25.0
  capzone__spawnAtZoneTimeout:r=25.0
  capzone__createRespawnBaseForTeam:i=1
  capzone__createRespawnBase:t="respawnBaseGroupActivator"
  capzone__createdRespawnBaseGroup:i=7
  decal__thickness:r=0.4
  decal__height:r=1.0
  capzone__iconOffsetY:r=1.0

  "capzone__activateChoice:object"{
    6_1:r=1.0
    6_2:r=1.0
  }
}

entity{
  _template:t="respawnBaseWithGroupOnCapturePoint"
  transform:m=[[-0.360413, 0.0, 0.932792] [0.0, 1.0, 0.0] [-0.932792, 0.0, -0.360413] [3.362, 5.50286, 102.085]]
  team:i=1
  respawnBaseGroup:i=7
  active:b=no
}

entity{
  _template:t="respawnBaseWithGroupOnCapturePoint"
  transform:m=[[-0.754895, 0.0, -0.655845] [0.0, 1.0, 0.0] [0.655845, 0.0, -0.754895] [12.4231, 4.84801, 132.462]]
  team:i=1
  respawnBaseGroup:i=7
  active:b=no
}

entity{
  _template:t="respawnChooser+respTeam2"
  transform:m=[[0.926924, 0.0, -0.375248] [0.0, 1.0, 0.0] [0.375248, 0.0, 0.926924] [-18.7453, 4.75272, 245.962]]
  groupName:t="4_1"
  active:b=no
}

entity{
  _template:t="respawnChooser+respTeam2"
  transform:m=[[0.518055, 0.0, -0.855347] [0.0, 1.0, 0.0] [0.855347, 0.0, 0.518055] [-45.288, 5.45803, 223.966]]
  groupName:t="4_1"
  active:b=no
}

entity{
  _template:t="respawnChooser+respTeam2"
  transform:m=[[0.913528, 0.0, -0.406775] [0.0, 1.0, 0.0] [0.406775, 0.0, 0.913528] [-72.246, 6.13114, 175.86]]
  groupName:t="4_1"
  active:b=no
  respawnBaseGroup:i=2
}

entity{
  _template:t="respawnChooser+respTeam2"
  transform:m=[[0.975628, 0.0, 0.219429] [0.0, 1.0, 0.0] [-0.219429, 0.0, 0.975628] [-93.1898, 5.45931, 108.662]]
  groupName:t="4_1"
  active:b=no
  respawnBaseGroup:i=2
}

entity{
  _template:t="respawnChooser+respTeam1"
  transform:m=[[-0.979282, 0.0, -0.202503] [0.0, 1.0, 0.0] [0.202503, 0.0, -0.979282] [108.763, 5.34206, 150.464]]
  groupName:t="4_1"
  active:b=no
}

entity{
  _template:t="respawnChooser+respTeam1"
  transform:m=[[-0.932111, 0.0, 0.362173] [0.0, 1.0, 0.0] [-0.362173, 0.0, -0.932111] [88.2614, 5.4699, 131.601]]
  groupName:t="4_1"
  active:b=no
}

entity{
  _template:t="respawnChooser+respTeam1"
  transform:m=[[-0.42143, 0.0, 0.906862] [0.0, 1.0, 0.0] [-0.906862, 0.0, -0.42143] [78.4419, 2.92683, 70.4583]]
  groupName:t="4_1"
  active:b=no
  respawnBaseGroup:i=2
}

entity{
  _template:t="respawnChooser+respVehicle"
  respTime:i=150
  transform:m=[[-0.90817, 0.0, 0.4186] [0.0, 1.0, 0.0] [-0.4186, 0.0, -0.90817] [197.604, 4.44718, 130.956]]
  team:i=1
  groupName:t="4_1"
  maxVehicleOnSpawn:i=2
  active:b=no
}

entity{
  _template:t="respawnChooser+respVehicle"
  respTime:i=150
  transform:m=[[0.407791, 0.0, -0.913076] [0.0, 1.0, 0.0] [0.913076, 0.0, 0.407791] [-126.798, 7.8038, 256.443]]
  team:i=2
  groupName:t="4_1"
  maxVehicleOnSpawn:i=2
  active:b=no
}

entity{
  _template:t="defend_zone_chained_sphere+defend_zone_respawnbase"
  capzone__capRewardPartCap:r=1.5
  capzone__onlyTeamCanCapture:i=2
  capzone__curTeamCapturingZone:i=-1
  groupName:t="5_1"
  capzone__capTime:r=80.0
  capzone__capTeam:i=-1
  transform:m=[[-0.996594, 0.0, -0.08246] [0.0, 1.0, 0.0] [0.08246, 0.0, -0.996594] [102.971, 3.7932, 155.028]]
  active:b=no
  capzone__decapTime:r=6000.0
  ui_order:i=4
  capzone__capReward:r=500.0
  capzone__icon:t="AAA"
  capzone__caption:t="capzone/artillery_emplacement"
  sphere_zone__radius:r=16.5
  capzone__deactivateAfterTimeout:r=25.0
  capzone__spawnAtZoneTimeout:r=25.0
  capzone__createRespawnBaseForTeam:i=1
  capzone__createRespawnBase:t="respawnBaseGroupActivator"
  capzone__createdRespawnBaseGroup:i=8
  decal__thickness:r=0.4
  decal__height:r=0.8
  capzone__iconOffsetY:r=2.5

  "capzone__activateChoice:object"{
    6_1:r=1.0
    6_2:r=1.0
  }
}

entity{
  _template:t="respawnBaseWithGroupOnCapturePoint"
  transform:m=[[-0.998015, 0.0, -0.0629742] [0.0, 1.0, 0.0] [0.0629742, 0.0, -0.998015] [108.423, 5.27408, 150.047]]
  team:i=1
  respawnBaseGroup:i=8
  active:b=no
}

entity{
  _template:t="respawnBaseWithGroupOnCapturePoint"
  transform:m=[[-0.789742, 0.0, -0.613439] [0.0, 1.0, 0.0] [0.613439, 0.0, -0.789742] [108.841, 5.27408, 160.7]]
  team:i=1
  respawnBaseGroup:i=8
  active:b=no
}

entity{
  _template:t="respawnChooser+respTeam2"
  transform:m=[[0.464437, 0.0, -0.885606] [0.0, 1.0, 0.0] [0.885606, 0.0, 0.464437] [-45.5993, 5.51861, 223.744]]
  groupName:t="5_1"
  active:b=no
}

entity{
  _template:t="respawnChooser+respTeam2"
  transform:m=[[0.924434, 0.0, -0.381343] [0.0, 1.0, 0.0] [0.381343, 0.0, 0.924434] [-18.7148, 4.67, 245.829]]
  groupName:t="5_1"
  active:b=no
}

entity{
  _template:t="respawnChooser+respTeam2"
  transform:m=[[0.909101, 0.0, -0.416575] [0.0, 1.0, 0.0] [0.416575, 0.0, 0.909101] [-65.5218, 5.49093, 172.157]]
  groupName:t="5_1"
  active:b=no
  respawnBaseGroup:i=2
}

entity{
  _template:t="respawnChooser+respTeam2"
  transform:m=[[0.998478, 0.0, -0.0551381] [0.0, 1.0, 0.0] [0.0551381, 0.0, 0.998478] [-55.2906, 5.91477, 134.461]]
  groupName:t="5_1"
  active:b=no
  respawnBaseGroup:i=2
}

entity{
  _template:t="respawnChooser+respTeam1"
  transform:m=[[-0.956846, 0.0, 0.290596] [0.0, 1.0, 0.0] [-0.290596, 0.0, -0.956846] [236.398, 3.90032, 165.011]]
  groupName:t="5_1"
  active:b=no
}

entity{
  _template:t="respawnChooser+respTeam1"
  transform:m=[[-0.949745, 0.0, 0.313028] [0.0, 1.0, 0.0] [-0.313028, 0.0, -0.949745] [220.708, 5.92202, 146.67]]
  groupName:t="5_1"
  active:b=no
  respawnBaseGroup:i=2
}

entity{
  _template:t="respawnChooser+respTeam1"
  transform:m=[[-0.959942, 0.0, 0.280198] [0.0, 1.0, 0.0] [-0.280198, 0.0, -0.959942] [224.067, 5.8169, 151.266]]
  groupName:t="5_1"
  active:b=no
}

entity{
  _template:t="respawnChooser+respTeam1"
  transform:m=[[-0.943122, 0.0, 0.33245] [0.0, 1.0, 0.0] [-0.33245, 0.0, -0.943122] [231.775, 6.0883, 107.593]]
  groupName:t="5_1"
  active:b=no
  respawnBaseGroup:i=2
}

entity{
  _template:t="respawnChooser+respVehicle"
  respTime:i=150
  transform:m=[[0.882497, 0.0, -0.47032] [0.0, 1.0, 0.0] [0.47032, 0.0, 0.882497] [-133.064, 6.50171, 223.319]]
  team:i=2
  groupName:t="5_1"
  maxVehicleOnSpawn:i=2
  active:b=no
}

entity{
  _template:t="respawnChooser+respVehicle"
  respTime:i=150
  transform:m=[[-0.99983, 0.0, -0.0184034] [0.0, 1.0, 0.0] [0.0184034, 0.0, -0.99983] [306.025, 4.43882, 116.281]]
  team:i=1
  groupName:t="5_1"
  maxVehicleOnSpawn:i=2
  active:b=no
}

entity{
  _template:t="defend_zone_chained_box+defend_zone_respawnbase"
  capzone__onlyTeamCanCapture:i=2
  capzone__curTeamCapturingZone:i=-1
  groupName:t="6_1"
  capzone__capTime:r=80.0
  capzone__capTeam:i=-1
  transform:m=[[-0.259902, 0.0, -16.3321] [0.0, 3.68083, 0.0] [25.5044, 0.0, -0.0574053] [253.388, 6.41014, 143.079]]
  active:b=no
  capzone__decapTime:r=6000.0
  ui_order:i=5
  capzone__capReward:r=250.0
  capzone__icon:t="AAA"
  capzone__caption:t="capzone/field_headquarters"
  capzone__deactivateAfterTimeout:r=25.0
  capzone__spawnAtZoneTimeout:r=25.0
  capzone__createRespawnBaseForTeam:i=1
  capzone__createRespawnBase:t="respawnBaseGroupActivator"
  capzone__createdRespawnBaseGroup:i=9
  decal__thickness:r=0.4
  decal__height:r=0.1
}

entity{
  _template:t="respawnBaseWithGroupOnCapturePoint"
  transform:m=[[-0.074418, 0.0, -0.997226] [0.0, 1.0, 0.0] [0.997226, 0.0, -0.074418] [246.115, 5.72118, 144.407]]
  team:i=1
  respawnBaseGroup:i=9
  active:b=no
}

entity{
  _template:t="respawnBaseWithGroupOnCapturePoint"
  transform:m=[[-0.0394914, 0.0, -0.999219] [0.0, 1.0, 0.0] [0.999219, 0.0, -0.0394914] [260.692, 5.72118, 143.423]]
  team:i=1
  respawnBaseGroup:i=9
  active:b=no
}

entity{
  _template:t="respawnChooser+respTeam2"
  transform:m=[[0.99122, 0.0, 0.132218] [0.0, 1.0, 0.0] [-0.132218, 0.0, 0.99122] [108.306, 5.1722, 161.092]]
  groupName:t="6_1"
  active:b=no
  respawnBaseGroup:i=2
}

entity{
  _template:t="respawnChooser+respTeam2"
  transform:m=[[0.998353, 0.0, 0.0573571] [0.0, 1.0, 0.0] [-0.0573571, 0.0, 0.998353] [106.919, 4.32176, 186.851]]
  groupName:t="6_1"
  active:b=no
}

entity{
  _template:t="respawnChooser+respTeam2"
  transform:m=[[0.999711, 0.0, -0.0239606] [0.0, 1.0, 0.0] [0.0239606, 0.0, 0.999711] [88.0334, 4.65165, 131.19]]
  groupName:t="6_1"
  active:b=no
  respawnBaseGroup:i=2
}

entity{
  _template:t="respawnChooser+respTeam1"
  transform:m=[[-0.988047, 0.0, -0.15415] [0.0, 1.0, 0.0] [0.15415, 0.0, -0.988047] [366.324, 4.51079, 150.186]]
  groupName:t="6_1"
  active:b=no
  respawnBaseGroup:i=2
}

entity{
  _template:t="respawnChooser+respTeam2"
  transform:m=[[0.8728, 0.0, 0.488076] [0.0, 1.0, 0.0] [-0.488076, 0.0, 0.8728] [121.14, 3.84751, 206.432]]
  groupName:t="6_1"
  respawnBaseGroup:i=1
  active:b=no
}

entity{
  _template:t="respawnChooser+respTeam1"
  transform:m=[[-0.775399, 0.0, 0.631472] [0.0, 1.0, 0.0] [-0.631472, 0.0, -0.775399] [325.838, 1.53432, 56.8948]]
  groupName:t="6_1"
  respawnBaseGroup:i=1
  active:b=no
}

entity{
  _template:t="respawnChooser+respTeam1"
  transform:m=[[-0.753575, 0.0, 0.657362] [0.0, 1.0, 0.0] [-0.657362, 0.0, -0.753575] [357.6, 2.05474, 67.7212]]
  respawnBaseGroup:i=1
  groupName:t="6_1"
  active:b=no
}

entity{
  _template:t="respawnChooser+respTeam1"
  transform:m=[[-0.378708, 0.0, -0.925516] [0.0, 1.0, 0.0] [0.925516, 0.0, -0.378708] [345.655, 1.96421, 203.146]]
  groupName:t="6_1"
  active:b=no
  respawnBaseGroup:i=2
}

entity{
  _template:t="respawnChooser+respVehicle"
  respTime:i=150
  transform:m=[[-0.578516, 0.0, -0.815671] [0.0, 1.0, 0.0] [0.815671, 0.0, -0.578516] [448.083, 9.08878, 215.218]]
  team:i=1
  groupName:t="6_1"
  maxVehicleOnSpawn:i=2
  active:b=no
}

entity{
  _template:t="respawnChooser+respVehicle"
  respTime:i=150
  transform:m=[[0.991142, -0.0198599, -0.131314] [0.0163785, 0.999487, -0.0275396] [0.131793, 0.0251449, 0.990959] [32.4685, 4.87099, 146.593]]
  team:i=2
  groupName:t="6_1"
  maxVehicleOnSpawn:i=2
  active:b=no
}

entity{
  _template:t="defend_zone_chained_box+defend_zone_respawnbase"
  capzone__onlyTeamCanCapture:i=2
  capzone__curTeamCapturingZone:i=-1
  groupName:t="6_2"
  capzone__capTime:r=80.0
  capzone__capTeam:i=-1
  transform:m=[[-1.33242, 0.0, -12.3292] [0.0, 3.68083, 0.0] [26.6239, 0.0, -2.5098] [239.186, 6.6411, 102.866]]
  active:b=no
  capzone__decapTime:r=6000.0
  ui_order:i=5
  capzone__capReward:r=250.0
  capzone__icon:t="AAA"
  capzone__caption:t="capzone/field_headquarters"
  capzone__deactivateAfterTimeout:r=25.0
  capzone__spawnAtZoneTimeout:r=25.0
  capzone__createRespawnBaseForTeam:i=1
  capzone__createRespawnBase:t="respawnBaseGroupActivator"
  capzone__createdRespawnBaseGroup:i=10
  decal__thickness:r=0.4
  decal__height:r=0.1
}

entity{
  _template:t="respawnBaseWithGroupOnCapturePoint"
  transform:m=[[-0.995838, 0.0, 0.0911308] [0.0, 1.0, 0.0] [-0.0911308, 0.0, -0.995838] [243.137, 5.99103, 106.64]]
  team:i=1
  respawnBaseGroup:i=10
  active:b=no
}

entity{
  _template:t="respawnBaseWithGroupOnCapturePoint"
  transform:m=[[-0.998325, 0.0, 0.0578475] [0.0, 1.0, 0.0] [-0.0578475, 0.0, -0.998325] [245.585, 5.99103, 98.0392]]
  team:i=1
  respawnBaseGroup:i=10
  active:b=no
}

entity{
  _template:t="respawnChooser+respTeam1"
  transform:m=[[-0.775399, 0.0, 0.631472] [0.0, 1.0, 0.0] [-0.631472, 0.0, -0.775399] [333.048, 1.14716, 45.318]]
  groupName:t="6_2"
  active:b=no
  respawnBaseGroup:i=1
}

entity{
  _template:t="respawnChooser+respTeam1"
  transform:m=[[-0.874777, 0.0, 0.484527] [0.0, 1.0, 0.0] [-0.484527, 0.0, -0.874777] [354.932, 1.14716, 72.848]]
  groupName:t="6_2"
  active:b=no
  respawnBaseGroup:i=1
}

entity{
  _template:t="respawnChooser+respTeam1"
  transform:m=[[-0.988047, 0.0, -0.15415] [0.0, 1.0, 0.0] [0.15415, 0.0, -0.988047] [366.123, 4.51079, 150.117]]
  groupName:t="6_2"
  active:b=no
  respawnBaseGroup:i=2
}

entity{
  _template:t="respawnChooser+respTeam1"
  transform:m=[[-0.361485, 0.0, -0.932377] [0.0, 1.0, 0.0] [0.932377, 0.0, -0.361485] [345.643, 1.94693, 203.268]]
  groupName:t="6_2"
  active:b=no
  respawnBaseGroup:i=2
}

entity{
  _template:t="respawnChooser+respVehicle"
  respTime:i=150
  transform:m=[[-0.60507, 0.0, -0.796172] [0.0, 1.0, 0.0] [0.796172, 0.0, -0.60507] [423.957, 7.02727, 182.276]]
  team:i=1
  groupName:t="6_2"
  maxVehicleOnSpawn:i=2
  active:b=no
}

entity{
  _template:t="respawnChooser+respTeam2"
  transform:m=[[0.768313, 0.0, -0.640073] [0.0, 1.0, 0.0] [0.640073, 0.0, 0.768313] [83.3243, 3.04628, 234.851]]
  groupName:t="6_2"
  respawnBaseGroup:i=1
  active:b=no
}

entity{
  _template:t="respawnChooser+respTeam2"
  transform:m=[[0.919262, 0.0, -0.393643] [0.0, 1.0, 0.0] [0.393643, 0.0, 0.919262] [34.4395, 6.04212, 189.964]]
  groupName:t="6_2"
  respawnBaseGroup:i=1
  active:b=no
}

entity{
  _template:t="respawnChooser+respTeam2"
  transform:m=[[0.999706, 0.0, -0.0241637] [0.0, 1.0, 0.0] [0.0241637, 0.0, 0.999706] [31.9525, 6.15744, 110.288]]
  groupName:t="6_2"
  active:b=no
  respawnBaseGroup:i=2
}

entity{
  _template:t="respawnChooser+respTeam2"
  transform:m=[[-0.0202172, 0.0, -0.999795] [0.0, 1.0, 0.0] [0.999795, 0.0, -0.0202172] [72.5035, 6.04199, 153.275]]
  groupName:t="6_2"
  active:b=no
  respawnBaseGroup:i=2
}

entity{
  _template:t="respawnChooser+respVehicle"
  respTime:i=150
  transform:m=[[0.991142, -0.0198599, -0.131314] [0.0163785, 0.999487, -0.0275396] [0.131793, 0.0251449, 0.990959] [32.4685, 5.6003, 146.593]]
  team:i=2
  groupName:t="6_2"
  maxVehicleOnSpawn:i=2
  active:b=no
}

entity{
  _template:t="mbs_desktop_stuff_a_deflection_board"
  transform:m=[[1.0, 0.0, 0.0] [0.0, 1.0, 0.0] [0.0, 0.0, 1.0] [11.0536, 4.63219, 134.642]]
}

entity{
  _template:t="mbs_desktop_stuff_a_map"
  transform:m=[[2.09986, 0.0, -2.26458] [0.0, 3.08832, 0.0] [2.26458, 0.0, 2.09986] [10.8974, 4.62183, 134.226]]
}

entity{
  _template:t="mbs_desktop_stuff_a_binoculars"
  transform:m=[[0.500561, 0.0, 0.865701] [0.0, 1.0, 0.0] [-0.865701, 0.0, 0.500561] [10.6071, 4.62497, 134.335]]
}

entity{
  _template:t="mbs_desktop_stuff_a_folder"
  transform:m=[[-1.15601, 0.0, -1.29338] [0.0, 1.7347, 0.0] [1.29338, 0.0, -1.15601] [10.638, 4.63245, 133.888]]
}

entity{
  _template:t="mbs_ger_radio_kw_e_a"
  transform:m=[[-0.998926, 0.0, -0.0463341] [0.0, 1.0, 0.0] [0.0463341, 0.0, -0.998926] [14.8871, 4.6145, 133.696]]
}

entity{
  _template:t="mbs_desktop_stuff_a_map"
  transform:m=[[2.15096, 0.0, 1.85298] [0.0, 2.83904, 0.0] [-1.85298, 0.0, 2.15096] [14.1801, 4.62451, 134.358]]
}

entity{
  _template:t="mbs_desktop_stuff_a_deflection_board"
  transform:m=[[0.875158, 0.0, -0.483836] [0.0, 1.0, 0.0] [0.483836, 0.0, 0.875158] [14.2131, 4.62861, 134.822]]
}

entity{
  _template:t="mbs_desktop_stuff_a_binoculars"
  transform:m=[[-0.505793, 0.0, -0.862655] [0.0, 1.0, 0.0] [0.862655, 0.0, -0.505793] [14.5478, 4.61305, 133.479]]
}

entity{
  _template:t="mbs_desktop_stuff_a_map"
  transform:m=[[2.74371, 0.0, 0.0] [0.0, 2.74371, 0.0] [0.0, 0.0, 2.74371] [254.442, 5.82286, 144.633]]
}

entity{
  _template:t="mbs_desktop_stuff_a_tablet"
  transform:m=[[0.310923, 0.0, -0.950435] [0.0, 1.0, 0.0] [0.950435, 0.0, 0.310923] [254.574, 5.81393, 145.252]]
}

entity{
  _template:t="mbs_ger_radio_kw_e_a"
  transform:m=[[-0.856554, 0.0, 0.516058] [0.0, 1.0, 0.0] [-0.516058, 0.0, -0.856554] [254.526, 5.80448, 143.748]]
}

entity{
  _template:t="mbs_ger_radio_feld_fu"
  transform:m=[[-1.00185, 0.0, 1.65781] [0.0, 1.93702, 0.0] [-1.65781, 0.0, -1.00185] [250.893, 5.82387, 140.722]]
}

entity{
  _template:t="mbs_desktop_stuff_a_map"
  transform:m=[[1.57025, 0.0, 1.95979] [0.0, 2.50786, 0.0] [-1.95543, 0.0, 1.57375] [257.101, 5.82489, 141.098]]
}

entity{
  _template:t="mbs_desktop_stuff_a_folder"
  transform:m=[[0.186362, 0.0, 1.53763] [0.0, 1.54888, 0.0] [-1.53763, 0.0, 0.186362] [257.199, 5.83423, 140.719]]
}

entity{
  _template:t="poly_battle_area"
  transform:m=[[1.0, 0.0, 0.0] [0.0, 1.0, 0.0] [0.0, 0.0, 1.0] [0.0, 0.0, 0.0]]
  groupName:t="1_1"
  active:b=no
  battle_area__team:i=1
  battleAreaId:t="area1_1"
}

entity{
  _template:t="battle_area_polygon_point"
  transform:m=[[0.859014, 0.0, 0.511952] [0.0, 1.0, 0.0] [-0.511952, 0.0, 0.859014] [35.0097, -2.922, 144.672]]
  battle_area_polygon_point__id:t="point1"
  battle_area_polygon_point__nextId:t="point2"
  battle_area_polygon_point__forBattleAreaId:t="area1_1"
}

entity{
  _template:t="battle_area_polygon_point"
  transform:m=[[0.859014, 0.0, 0.511952] [0.0, 1.0, 0.0] [-0.511952, 0.0, 0.859014] [44.4585, -2.922, 189.852]]
  battle_area_polygon_point__id:t="point2"
  battle_area_polygon_point__nextId:t="point3"
  battle_area_polygon_point__forBattleAreaId:t="area1_1"
}

entity{
  _template:t="battle_area_polygon_point"
  transform:m=[[0.859014, 0.0, 0.511952] [0.0, 1.0, 0.0] [-0.511952, 0.0, 0.859014] [-24.1343, -2.922, 309.816]]
  battle_area_polygon_point__id:t="point3"
  battle_area_polygon_point__nextId:t="point4"
  battle_area_polygon_point__forBattleAreaId:t="area1_1"
}

entity{
  _template:t="battle_area_polygon_point"
  transform:m=[[0.859014, 0.0, 0.511952] [0.0, 1.0, 0.0] [-0.511952, 0.0, 0.859014] [-94.8183, -2.922, 379.644]]
  battle_area_polygon_point__id:t="point4"
  battle_area_polygon_point__nextId:t="point5"
  battle_area_polygon_point__forBattleAreaId:t="area1_1"
}

entity{
  _template:t="battle_area_polygon_point"
  transform:m=[[0.859014, 0.0, 0.511952] [0.0, 1.0, 0.0] [-0.511952, 0.0, 0.859014] [-123.471, -2.922, 393.948]]
  battle_area_polygon_point__id:t="point5"
  battle_area_polygon_point__nextId:t="point6"
  battle_area_polygon_point__forBattleAreaId:t="area1_1"
}

entity{
  _template:t="battle_area_polygon_point"
  transform:m=[[0.859014, 0.0, 0.511952] [0.0, 1.0, 0.0] [-0.511952, 0.0, 0.859014] [-168.369, -2.922, 406.398]]
  battle_area_polygon_point__id:t="point6"
  battle_area_polygon_point__nextId:t="point7"
  battle_area_polygon_point__forBattleAreaId:t="area1_1"
}

entity{
  _template:t="battle_area_polygon_point"
  transform:m=[[0.859014, 0.0, 0.511952] [0.0, 1.0, 0.0] [-0.511952, 0.0, 0.859014] [-288.751, -2.922, 404.493]]
  battle_area_polygon_point__id:t="point7"
  battle_area_polygon_point__nextId:t="point8"
  battle_area_polygon_point__forBattleAreaId:t="area1_1"
}

entity{
  _template:t="battle_area_polygon_point"
  transform:m=[[0.859014, 0.0, 0.511952] [0.0, 1.0, 0.0] [-0.511952, 0.0, 0.859014] [-388.399, -2.922, 386.801]]
  battle_area_polygon_point__id:t="point8"
  battle_area_polygon_point__nextId:t="point9"
  battle_area_polygon_point__forBattleAreaId:t="area1_1"
}

entity{
  _template:t="battle_area_polygon_point"
  transform:m=[[0.859014, 0.0, 0.511952] [0.0, 1.0, 0.0] [-0.511952, 0.0, 0.859014] [-384.6, -2.922, 318.444]]
  battle_area_polygon_point__id:t="point9"
  battle_area_polygon_point__nextId:t="point10"
  battle_area_polygon_point__forBattleAreaId:t="area1_1"
}

entity{
  _template:t="battle_area_polygon_point"
  transform:m=[[0.859014, 0.0, 0.511952] [0.0, 1.0, 0.0] [-0.511952, 0.0, 0.859014] [-433.098, -2.922, 154.682]]
  battle_area_polygon_point__id:t="point10"
  battle_area_polygon_point__nextId:t="point11"
  battle_area_polygon_point__forBattleAreaId:t="area1_1"
}

entity{
  _template:t="battle_area_polygon_point"
  transform:m=[[0.859014, 0.0, 0.511952] [0.0, 1.0, 0.0] [-0.511952, 0.0, 0.859014] [-265.596, -2.922, 67.4858]]
  battle_area_polygon_point__id:t="point11"
  battle_area_polygon_point__nextId:t="point12"
  battle_area_polygon_point__forBattleAreaId:t="area1_1"
}

entity{
  _template:t="battle_area_polygon_point"
  transform:m=[[0.859014, 0.0, 0.511952] [0.0, 1.0, 0.0] [-0.511952, 0.0, 0.859014] [-174.287, -2.922, 38.6398]]
  battle_area_polygon_point__id:t="point12"
  battle_area_polygon_point__nextId:t="point13"
  battle_area_polygon_point__forBattleAreaId:t="area1_1"
}

entity{
  _template:t="battle_area_polygon_point"
  transform:m=[[0.859014, 0.0, 0.511952] [0.0, 1.0, 0.0] [-0.511952, 0.0, 0.859014] [-38.3006, -2.922, -14.9142]]
  battle_area_polygon_point__id:t="point13"
  battle_area_polygon_point__nextId:t="point14"
  battle_area_polygon_point__forBattleAreaId:t="area1_1"
}

entity{
  _template:t="battle_area_polygon_point"
  transform:m=[[0.859014, 0.0, 0.511952] [0.0, 1.0, 0.0] [-0.511952, 0.0, 0.859014] [0.702153, -2.922, 54.8809]]
  battle_area_polygon_point__id:t="point14"
  battle_area_polygon_point__nextId:t="point1"
  battle_area_polygon_point__forBattleAreaId:t="area1_1"
}

entity{
  _template:t="poly_battle_area"
  transform:m=[[1.0, 0.0, 0.0] [0.0, 1.0, 0.0] [0.0, 0.0, 1.0] [0.0, 0.0, 0.0]]
  groupName:t="1_1"
  active:b=no
  battle_area__team:i=2
  battleAreaId:t="area2_1"
}

entity{
  _template:t="battle_area_polygon_point"
  transform:m=[[0.859014, 0.0, 0.511952] [0.0, 1.0, 0.0] [-0.511952, 0.0, 0.859014] [-24.8419, -2.922, 311.199]]
  battle_area_polygon_point__id:t="point1"
  battle_area_polygon_point__nextId:t="point2"
  battle_area_polygon_point__forBattleAreaId:t="area2_1"
}

entity{
  _template:t="battle_area_polygon_point"
  transform:m=[[0.859014, 0.0, 0.511952] [0.0, 1.0, 0.0] [-0.511952, 0.0, 0.859014] [46.613, -2.922, 339.439]]
  battle_area_polygon_point__id:t="point2"
  battle_area_polygon_point__nextId:t="point3"
  battle_area_polygon_point__forBattleAreaId:t="area2_1"
}

entity{
  _template:t="battle_area_polygon_point"
  transform:m=[[0.859014, 0.0, 0.511952] [0.0, 1.0, 0.0] [-0.511952, 0.0, 0.859014] [15.9483, -2.922, 476.493]]
  battle_area_polygon_point__id:t="point3"
  battle_area_polygon_point__nextId:t="point4"
  battle_area_polygon_point__forBattleAreaId:t="area2_1"
}

entity{
  _template:t="battle_area_polygon_point"
  transform:m=[[0.859014, 0.0, 0.511952] [0.0, 1.0, 0.0] [-0.511952, 0.0, 0.859014] [-95.6632, -2.922, 590.783]]
  battle_area_polygon_point__id:t="point4"
  battle_area_polygon_point__nextId:t="point5"
  battle_area_polygon_point__forBattleAreaId:t="area2_1"
}

entity{
  _template:t="battle_area_polygon_point"
  transform:m=[[0.859014, 0.0, 0.511952] [0.0, 1.0, 0.0] [-0.511952, 0.0, 0.859014] [-261.432, -2.922, 614.532]]
  battle_area_polygon_point__id:t="point5"
  battle_area_polygon_point__nextId:t="point6"
