import{
  scene:t="content/enlisted/gamedata/scenes/_volokolamsk_sounds.blk"
  scene:t="content/enlisted/gamedata/scenes/_volokolamsk_autumn_gpu_objects.blk"
  scene:t="content/enlisted/gamedata/scenes/_volokolamsk_autumn_biome_fx.blk"
}

entity{
  _template:t="wind"
}

entity{
  _template:t="postfx_color_grading_tonemap_death_alive_enlisted"
}

entity{
  _template:t="shaderVars"

  "shader_vars__vars:object"{
    hmap_displacement_up:r=0.3
    ocean1:c=142, 137, 71, 0
    ocean0:c=76, 63, 5, 0
    ocean_density:r=0.1
    land_selfillum_worldscale:r=0.9
    river1:c=142, 137, 71, 0
    river0:c=76, 63, 5, 0
    hmap_displacement_down:r=-0.15
    puddle_flat_hmap_reduce:r=0.03
    autodetect_land_selfillum_color:p4=0.53, 0.0, 0.0, 0.16
    paint_details_tex:t="volokolamsk_building_colors_tex_palette*"
    land_selfillum_strength:r=32.0
    water_color_noise_size:r=71.0
    river_density:r=0.3
  }
}

entity{
  _template:t="postfx_roundctrl"
}

entity{
  _template:t="door_mult_ent_generator"
  ri_extra_gen__blk:t="content/e_moscow/gamedata/volokolamsk_doors.blk"
}

entity{
  _template:t="session_finalizer"
  session_finalizer__timer:r=10.0
}

entity{
  _template:t="minimap_battle_of_moscow_volokolamsk_countryside_autumn"
}

entity{
  _template:t="briefing_invasion"
  mission_name:t="volokolamsk_forestry_inv_counter"

  "loading_images:list<t>"{
    item:t="ui/volokolamsk_forestery_01.jpg"
    item:t="ui/volokolamsk_forestery_02.jpg"
    item:t="ui/volokolamsk_forestery_03.jpg"
  }
}

entity{
  _template:t="team_ussr+team_narrator_invasion_defence+respawn_creators_team"
  team__countAdd:r=0.5
  team__memberCount:r=0.5
  team__scoreCap:r=5000.0
  team__capturePenalty:r=1001.0
  team__score:r=5000.0
  team__id:i=1
  team__briefing:t="invasion/defenders_goals"
  team__winSubtitle:t="debriefing/won_defence_subtitle"
  team__loseSubtitle:t="debriefing/lost_defence_subtitle"
  team__winTitle:t="debriefing/ussr_won_defence"
  team__spawnBotArmy:t="moscow_allies"
}

entity{
  _template:t="team_germany_winter+team_narrator_invasion_attack+respawn_creators_team"
  team__memberCount:r=0.0
  team__scoreCap:r=2300.0
  team__score:r=2300.0
  team__squadSpawnCost:i=250
  team__firstSpawnCostMul:r=0.0
  team__zeroScoreFailTimer:r=60.0
  team__id:i=2
  team__briefing:t="invasion/attackers_goals"
  team__winSubtitle:t="debriefing/won_invasion_subtitle"
  team__loseSubtitle:t="debriefing/lost_invasion_subtitle"
  team__winTitle:t="debriefing/ger_won_invasion"
  team__spawnBotArmy:t="moscow_axis"
}

entity{
  _template:t="group_activator"

  "activator__activateChoice:object"{
    sector_1:r=1.0
  }
}

entity{
  _template:t="enemy_attack_marker"
}

entity{
  _template:t="static_cam"
  camera__active:b=yes
  transform:m=[[-0.422637, 0.000995152, 0.906298] [-0.13177, 0.989306, -0.0625352] [-0.896669, -0.145853, -0.417986] [-661.91, 19.3149, -47.5247]]
}

entity{
  _template:t="respawn_camera"
  respawnCameraForTeam:i=2
  transform:m=[[1.0, 0.0, 0.0] [0.0, 1.0, 0.0] [0.0, 0.0, 1.0] [-763.86, 303.107, -166.95]]
}

entity{
  _template:t="respawn_camera"
  respawnCameraForTeam:i=1
  transform:m=[[1.0, 0.0, 0.0] [0.0, 1.0, 0.0] [0.0, 0.0, 1.0] [-1452.4, 309.043, 404.297]]
}

entity{
  _template:t="defend_zone_chained_sphere+defend_zone_respawnbase"
  capzone__capRewardPartCap:r=1.125
  capzone__onlyTeamCanCapture:i=2
  capzone__curTeamCapturingZone:i=-1
  groupName:t="sector_1"
  capzone__capTime:r=30.0
  capzone__capTeam:i=-1
  transform:m=[[1.02362, 0.00908744, -0.106018] [0.0, 0.996346, 0.0854029] [0.0569502, -0.0455195, 0.53105] [-698.756, 13.1341, -65.8774]]
  active:b=no
  capzone__decapTime:r=6000.0
  ui_order:i=1
  capzone__capReward:r=500.0
  capzone__icon:t="AAA"
  capzone__caption:t="capzone/station"
  sphere_zone__radius:r=22.0
  capzone__deactivateAfterTimeout:r=25.0
  capzone__spawnAtZoneTimeout:r=25.0
  capzone__createRespawnBaseForTeam:i=1
  decal__height:r=1.0
  decal__thickness:r=0.4
  capzone__createRespawnBase:t="respawnBaseGroupActivator"
  capzone__createdRespawnBaseGroup:i=7
  capzone__iconOffsetY:r=3.0

  "capzone__activateChoice:object"{
    sector_2:r=1.0
    sector_2_b:r=1.0
  }
}

entity{
  _template:t="defend_zone_chained_sphere+defend_zone_respawnbase"
  capzone__capRewardPartCap:r=1.25
  capzone__onlyTeamCanCapture:i=2
  capzone__curTeamCapturingZone:i=-1
  groupName:t="sector_2"
  capzone__capTime:r=35.0
  capzone__capTeam:i=-1
  transform:m=[[1.0, 0.0, 0.0] [0.0, 1.0, 0.0] [0.0, 0.0, 1.0] [-791.826, 10.3451, -29.3891]]
  active:b=no
  capzone__decapTime:r=6000.0
  ui_order:i=1
  capzone__capReward:r=500.0
  capzone__icon:t="AAA"
  capzone__caption:t="capzone/pumping_station"
  sphere_zone__radius:r=15.0
  capzone__deactivateAfterTimeout:r=25.0
  capzone__spawnAtZoneTimeout:r=25.0
  capzone__createRespawnBaseForTeam:i=1
  decal__height:r=3.0
  decal__thickness:r=0.4
  capzone__createRespawnBase:t="respawnBaseGroupActivator"
  capzone__createdRespawnBaseGroup:i=6
  capzone__iconOffsetY:r=3.0

  "capzone__activateChoice:object"{
    sector_3:r=1.0
    sector_3_b:r=1.0
  }
}

entity{
  _template:t="defend_zone_chained_sphere+defend_zone_respawnbase"
  capzone__capRewardPartCap:r=1.25
  capzone__onlyTeamCanCapture:i=2
  capzone__curTeamCapturingZone:i=-1
  groupName:t="sector_2_b"
  capzone__capTime:r=35.0
  capzone__capTeam:i=-1
  transform:m=[[0.983627, 0.0, -0.156584] [0.0, 1.0, 0.0] [0.166732, 0.0, 1.04737] [-775.766, 11.3923, -65.8849]]
  sphere_zone__radius:r=14.5
  active:b=no
  capzone__decapTime:r=6000.0
  ui_order:i=1
  capzone__capReward:r=500.0
  capzone__icon:t="AAA"
  capzone__caption:t="capzone/warehouse"
  capzone__deactivateAfterTimeout:r=25.0
  capzone__spawnAtZoneTimeout:r=25.0
  capzone__createRespawnBaseForTeam:i=1
  decal__height:r=0.9
  decal__thickness:r=0.4
  capzone__createRespawnBase:t="respawnBaseGroupActivator"
  capzone__createdRespawnBaseGroup:i=9

  "capzone__activateChoice:object"{
    sector_3:r=1.0
    sector_3_b:r=1.0
  }
}

entity{
  _template:t="defend_zone_chained_sphere+defend_zone_respawnbase"
  capzone__capRewardPartCap:r=1.25
  capzone__onlyTeamCanCapture:i=2
  capzone__curTeamCapturingZone:i=-1
  groupName:t="sector_2_c"
  capzone__capTime:r=35.0
  capzone__capTeam:i=-1
  transform:m=[[1.0, 0.0, 0.0] [0.0, 1.0, 0.0] [0.0, 0.0, 1.0] [-791.826, 10.3451, -29.3891]]
  active:b=no
  capzone__decapTime:r=6000.0
  ui_order:i=1
  capzone__capReward:r=500.0
  capzone__icon:t="AAA"
  capzone__caption:t="capzone/pumping_station"
  sphere_zone__radius:r=15.0
  capzone__deactivateAfterTimeout:r=25.0
  capzone__spawnAtZoneTimeout:r=25.0
  capzone__createRespawnBaseForTeam:i=1
  decal__height:r=3.0
  decal__thickness:r=0.4
  capzone__createRespawnBase:t="respawnBaseGroupActivator"
  capzone__createdRespawnBaseGroup:i=6
  capzone__iconOffsetY:r=3.0

  "capzone__activateChoice:object"{
    sector_3:r=1.0
    sector_3_b:r=1.0
  }
}

entity{
  _template:t="defend_zone_chained_sphere+defend_zone_respawnbase"
  capzone__capRewardPartCap:r=1.375
  capzone__onlyTeamCanCapture:i=2
  capzone__curTeamCapturingZone:i=-1
  groupName:t="sector_3"
  capzone__capTime:r=30.0
  capzone__capTeam:i=-1
  transform:m=[[1.0, 0.0, 0.0] [0.0, 1.0, 0.0] [0.0, 0.0, 1.0] [-929.59, 2.23869, 39.0777]]
  active:b=no
  capzone__decapTime:r=6000.0
  ui_order:i=1
  capzone__capReward:r=500.0
  capzone__icon:t="AAA"
  capzone__caption:t="capzone/sawmill"
  sphere_zone__radius:r=20.0
  capzone__deactivateAfterTimeout:r=25.0
  capzone__spawnAtZoneTimeout:r=25.0
  capzone__createRespawnBaseForTeam:i=1
  decal__height:r=2.0
  decal__thickness:r=0.4
  capzone__createRespawnBase:t="respawnBaseGroupActivator"
  capzone__createdRespawnBaseGroup:i=5
  capzone__iconOffsetY:r=2.0

  "capzone__activateChoice:object"{
    sector_4:r=1.0
    sector_4_b:r=1.0
  }
}

entity{
  _template:t="defend_zone_chained_sphere+defend_zone_respawnbase"
  capzone__capRewardPartCap:r=1.375
  capzone__onlyTeamCanCapture:i=2
  capzone__curTeamCapturingZone:i=-1
  groupName:t="sector_3_b"
  capzone__capTime:r=30.0
  capzone__capTeam:i=-1
  transform:m=[[0.918704, 0.0, 0.394947] [0.0, 1.0, 0.0] [-0.3509, 0.0, 0.816245] [-1001.87, 1.93644, -47.8768]]
  active:b=no
  capzone__decapTime:r=6000.0
  ui_order:i=1
  capzone__capReward:r=500.0
  capzone__icon:t="AAA"
  capzone__caption:t="capzone/barn"
  sphere_zone__radius:r=19.0
  capzone__deactivateAfterTimeout:r=25.0
  capzone__spawnAtZoneTimeout:r=25.0
  capzone__createRespawnBaseForTeam:i=1
  decal__height:r=0.7
  decal__thickness:r=0.4
  capzone__createRespawnBase:t="respawnBaseGroupActivator"
  capzone__createdRespawnBaseGroup:i=8
  capzone__iconOffsetY:r=2.5

  "capzone__activateChoice:object"{
    sector_4:r=1.0
    sector_4_b:r=1.0
  }
}

entity{
  _template:t="defend_zone_chained_box+defend_zone_respawnbase"
  capzone__capRewardPartCap:r=1.5
  capzone__onlyTeamCanCapture:i=2
  capzone__curTeamCapturingZone:i=-1
  groupName:t="sector_4"
  capzone__capTime:r=30.0
  capzone__capTeam:i=-1
  transform:m=[[20.0968, 0.0, -30.8061] [0.0, 3.93475, 0.0] [13.2608, 0.0, 8.65085] [-1063.38, 4.43999, 51.3251]]
  active:b=no
  capzone__decapTime:r=6000.0
  ui_order:i=1
  capzone__capReward:r=500.0
  capzone__icon:t="AAA"
  capzone__caption:t="capzone/lumber_plant"
  capzone__deactivateAfterTimeout:r=25.0
  capzone__spawnAtZoneTimeout:r=25.0
  capzone__createRespawnBaseForTeam:i=1
  decal__height:r=0.5
  decal__thickness:r=0.4
  capzone__createRespawnBase:t="respawnBaseGroupActivator"
  capzone__createdRespawnBaseGroup:i=4

  "capzone__activateChoice:object"{
    sector_5:r=3.0
  }
}

entity{
  _template:t="defend_zone_chained_box+defend_zone_respawnbase"
  capzone__capRewardPartCap:r=1.5
  capzone__onlyTeamCanCapture:i=2
  capzone__curTeamCapturingZone:i=-1
  groupName:t="sector_4_b"
  capzone__capTime:r=30.0
  capzone__capTeam:i=-1
  transform:m=[[20.0968, 0.0, -30.8061] [0.0, 3.93475, 0.0] [13.2608, 0.0, 8.65085] [-1063.38, 8.70295, 51.3251]]
  active:b=no
  capzone__decapTime:r=6000.0
  ui_order:i=1
  capzone__capReward:r=500.0
  capzone__icon:t="AAA"
  capzone__caption:t="capzone/lumber_plant"
  capzone__deactivateAfterTimeout:r=25.0
  capzone__spawnAtZoneTimeout:r=25.0
  capzone__createRespawnBaseForTeam:i=1
  decal__height:r=0.5
  decal__thickness:r=0.4
  capzone__createRespawnBase:t="respawnBaseGroupActivator"
  capzone__createdRespawnBaseGroup:i=10
  capzone__iconOffsetY:r=3.0

  "capzone__activateChoice:object"{
    sector_5:r=1.0
  }
}

entity{
  _template:t="defend_zone_chained_sphere+defend_zone_respawnbase"
  capzone__capRewardPartCap:r=1.0
  capzone__onlyTeamCanCapture:i=2
  capzone__curTeamCapturingZone:i=-1
  groupName:t="sector_5"
  capzone__capTime:r=35.0
  capzone__capTeam:i=-1
  transform:m=[[1.0, 0.0, 0.0] [0.0, 1.0, 0.0] [0.0, 0.0, 1.0] [-1228.5, 4.23299, 160.771]]
  active:b=no
  capzone__decapTime:r=6000.0
  ui_order:i=1
  capzone__capReward:r=250.0
  capzone__icon:t="AAA"
  capzone__caption:t="capzone/artillery_emplacement"
  sphere_zone__radius:r=25.0
  capzone__deactivateAfterTimeout:r=25.0
  capzone__spawnAtZoneTimeout:r=25.0
  capzone__createRespawnBaseForTeam:i=1
  decal__height:r=0.5
  decal__thickness:r=0.4
  capzone__createRespawnBase:t="respawnBaseGroupActivator"
  capzone__createdRespawnBaseGroup:i=3
  capzone__iconOffsetY:r=2.5
}

entity{
  _template:t="respawnChooser+respTeam1"
  transform:m=[[0.898665, 0.0, 0.438636] [0.0, 1.0, 0.0] [-0.438636, 0.0, 0.898665] [-1100.49, 4.24472, 14.0592]]
  groupName:t="sector_3_b"
  respawnBaseGroup:i=2
  active:b=no
}

entity{
  _template:t="respawnChooser+respTeam1"
  transform:m=[[0.66583, 0.0, -0.746103] [0.0, 1.0, 0.0] [0.746103, 0.0, 0.66583] [-1069.98, 3.61035, 51.7061]]
  groupName:t="sector_3_b"
  respawnBaseGroup:i=1
  active:b=no
}

entity{
  _template:t="respawnChooser+respTeam1"
  transform:m=[[0.599325, 0.0, -0.800505] [0.0, 1.0, 0.0] [0.800505, 0.0, 0.599325] [-1075.01, 3.65713, 47.7597]]
  groupName:t="sector_3_b"
  respawnBaseGroup:i=1
  active:b=no
}

entity{
  _template:t="respawnChooser+respTeam2"
  transform:m=[[-0.9213, 0.0, 0.388854] [0.0, 1.0, 0.0] [-0.388854, 0.0, -0.9213] [-866.689, 10.0459, -85.631]]
  groupName:t="sector_3_b"
  respawnBaseGroup:i=1
  active:b=no
}

entity{
  _template:t="respawnChooser+respTeam2"
  transform:m=[[-0.992947, 0.0, 0.118557] [0.0, 1.0, 0.0] [-0.118557, 0.0, -0.992947] [-867.945, 10.2739, -88.6509]]
  groupName:t="sector_3_b"
  respawnBaseGroup:i=1
  active:b=no
}

entity{
  _template:t="respawnChooser+respTeam2"
  transform:m=[[-0.933945, 0.0, -0.357417] [0.0, 1.0, 0.0] [0.357417, 0.0, -0.933945] [-891.671, 4.23513, 38.0754]]
  groupName:t="sector_3_b"
  respawnBaseGroup:i=2
  active:b=no
}

entity{
  _template:t="respawnChooser+respTeam2"
  transform:m=[[0.124524, 0.0, -0.992216] [0.0, 1.0, 0.0] [0.992216, 0.0, 0.124524] [-887.813, 3.52019, 41.3608]]
  groupName:t="sector_3_b"
  respawnBaseGroup:i=2
  active:b=no
}

entity{
  _template:t="respawnChooser+respVehicle"
  transform:m=[[0.706063, 0.0, -0.70815] [0.0, 1.0, 0.0] [0.70815, 0.0, 0.706063] [-1195.31, 2.03584, 48.7416]]
  respTime:i=150
  groupName:t="sector_3_b"
  team:i=1
  maxVehicleOnSpawn:i=2
  active:b=no
}

entity{
  _template:t="respawnChooser+respVehicle"
  transform:m=[[-0.633739, 0.0, 0.773547] [0.0, 1.0, 0.0] [-0.773547, 0.0, -0.633739] [-799.044, 12.956, -100.908]]
  respTime:i=150
  groupName:t="sector_3_b"
  team:i=2
  maxVehicleOnSpawn:i=2
  active:b=no
}

entity{
  _template:t="respawnChooser+respTeam1"
  transform:m=[[0.999993, 0.0, -0.00399423] [0.0, 1.0, 0.0] [0.00399423, 0.0, 0.999993] [-899.776, 5.57877, -27.521]]
  groupName:t="sector_2_b"
  respawnBaseGroup:i=1
  active:b=no
}

entity{
  _template:t="respawnChooser+respTeam1"
  transform:m=[[0.997363, 0.0, -0.0725868] [0.0, 1.0, 0.0] [0.0725868, 0.0, 0.997363] [-900.911, 4.73621, -18.9888]]
  groupName:t="sector_2_b"
  respawnBaseGroup:i=1
  active:b=no
}

entity{
  _template:t="respawnChooser+respTeam1"
  transform:m=[[0.981527, 0.0, 0.191327] [0.0, 1.0, 0.0] [-0.191327, 0.0, 0.981527] [-911.316, 8.48488, -80.4252]]
  groupName:t="sector_2_b"
  respawnBaseGroup:i=2
  active:b=no
}

entity{
  _template:t="respawnChooser+respTeam2"
  transform:m=[[-0.998683, 0.0, 0.0513016] [0.0, 1.0, 0.0] [-0.0513016, 0.0, -0.998683] [-635.055, 14.313, -122.428]]
  groupName:t="sector_2_b"
  respawnBaseGroup:i=1
  active:b=no
}

entity{
  _template:t="respawnChooser+respTeam2"
  transform:m=[[-0.785157, 0.0, 0.619296] [0.0, 1.0, 0.0] [-0.619296, 0.0, -0.785157] [-678.675, 17.8013, -161.189]]
  groupName:t="sector_2_b"
  respawnBaseGroup:i=1
  active:b=no
}

entity{
  _template:t="respawnChooser+respTeam2"
  transform:m=[[-0.698353, 0.0, 0.715754] [0.0, 1.0, 0.0] [-0.715754, 0.0, -0.698353] [-637.572, 11.7774, -42.2913]]
  groupName:t="sector_2_b"
  respawnBaseGroup:i=1
  active:b=no
}

entity{
  _template:t="respawnChooser+respVehicle"
  transform:m=[[0.976938, 0.0, 0.213529] [0.0, 1.0, 0.0] [-0.213529, 0.0, 0.976938] [-971.608, 2.97274, 49.4292]]
  respTime:i=150
  groupName:t="sector_2_b"
  team:i=1
  maxVehicleOnSpawn:i=2
  active:b=no
}

entity{
  _template:t="respawnChooser+respVehicle"
  transform:m=[[0.363224, 0.0, 0.931703] [0.0, 1.0, 0.0] [-0.931703, 0.0, 0.363224] [-676.67, 14.318, -201.85]]
  respTime:i=150
  groupName:t="sector_2_b"
  team:i=2
  maxVehicleOnSpawn:i=2
  active:b=no
}

entity{
  _template:t="respawnChooser+respTeam2"
  transform:m=[[-0.663353, 0.0, 0.748306] [0.0, 1.0, 0.0] [-0.748306, 0.0, -0.663353] [-906.101, 3.72108, 18.6684]]
  groupName:t="sector_4_b"
  respawnBaseGroup:i=2
  active:b=no
}

entity{
  _template:t="respawnChooser+respTeam2"
  transform:m=[[-0.436832, 0.0, 0.899543] [0.0, 1.0, 0.0] [-0.899543, 0.0, -0.436832] [-898.52, 3.59213, 35.1637]]
  groupName:t="sector_4_b"
  respawnBaseGroup:i=2
  active:b=no
}

entity{
  _template:t="respawnChooser+respTeam2"
  transform:m=[[-0.48531, 0.0, 0.874342] [0.0, 1.0, 0.0] [-0.874342, 0.0, -0.48531] [-961.457, 4.12554, -72.6119]]
  groupName:t="sector_4_b"
  respawnBaseGroup:i=1
  active:b=no
}

entity{
  _template:t="respawnChooser+respTeam2"
  transform:m=[[-0.504229, 0.0, 0.863571] [0.0, 1.0, 0.0] [-0.863571, 0.0, -0.504229] [-940.206, 7.77126, -61.9007]]
  groupName:t="sector_4_b"
  respawnBaseGroup:i=1
  active:b=no
}

entity{
  _template:t="respawnChooser+respTeam1"
  transform:m=[[0.889168, 0.0, -0.457581] [0.0, 1.0, 0.0] [0.457581, 0.0, 0.889168] [-1182.07, 3.63976, 140.407]]
  groupName:t="sector_4_b"
  respawnBaseGroup:i=1
  active:b=no
}

entity{
  _template:t="respawnChooser+respTeam1"
  transform:m=[[0.80849, 0.0, -0.588509] [0.0, 1.0, 0.0] [0.588509, 0.0, 0.80849] [-1205.01, 3.35193, 130.116]]
  groupName:t="sector_4_b"
  respawnBaseGroup:i=1
  active:b=no
}

entity{
  _template:t="respawnChooser+respTeam1"
  transform:m=[[0.588325, 0.0, -0.808624] [0.0, 1.0, 0.0] [0.808624, 0.0, 0.588325] [-1159.2, 1.80867, 175.521]]
  groupName:t="sector_4_b"
  respawnBaseGroup:i=2
  active:b=no
}

entity{
  _template:t="respawnChooser+respTeam1"
  transform:m=[[0.397701, 0.0, -0.917515] [0.0, 1.0, 0.0] [0.917515, 0.0, 0.397701] [-1133.05, 3.15286, 194.228]]
  groupName:t="sector_4_b"
  respawnBaseGroup:i=2
  active:b=no
}

entity{
  _template:t="respawnChooser+respVehicle"
  transform:m=[[-0.546797, 0.0, 0.837266] [0.0, 1.0, 0.0] [-0.837266, 0.0, -0.546797] [-840.008, 6.08136, 22.6867]]
  respTime:i=150
  groupName:t="sector_4_b"
  team:i=2
  maxVehicleOnSpawn:i=2
  active:b=no
}

entity{
  _template:t="respawnChooser+respVehicle"
  transform:m=[[-0.0258055, 0.0, -0.999668] [0.0, 1.0, 0.0] [0.999668, 0.0, -0.0258055] [-1259.74, 5.11663, 157.759]]
  respTime:i=150
  groupName:t="sector_4_b"
  team:i=1
  maxVehicleOnSpawn:i=2
  active:b=no
}

entity{
  _template:t="respawnChooser+respTeam2"
  transform:m=[[-0.975376, 0.0, 0.220549] [0.0, 1.0, 0.0] [-0.220549, 0.0, -0.975376] [-1073.83, 3.77245, 63.5701]]
  groupName:t="sector_5"
  respawnBaseGroup:i=1
  active:b=no
}

entity{
  _template:t="respawnChooser+respTeam2"
  transform:m=[[-0.846109, 0.0, 0.533009] [0.0, 1.0, 0.0] [-0.533009, 0.0, -0.846109] [-1087.78, 3.73437, 55.5215]]
  groupName:t="sector_5"
  respawnBaseGroup:i=1
  active:b=no
}

entity{
  _template:t="respawnChooser+respTeam2"
  transform:m=[[-0.999924, 0.0, -0.012358] [0.0, 1.0, 0.0] [0.012358, 0.0, -0.999924] [-1071.03, 3.17788, 99.7057]]
  groupName:t="sector_5"
  respawnBaseGroup:i=2
  active:b=no
}

entity{
  _template:t="respawnChooser+respTeam2"
  transform:m=[[-0.663353, 0.0, 0.748306] [0.0, 1.0, 0.0] [-0.748306, 0.0, -0.663353] [-906.101, 3.72108, 18.6684]]
  groupName:t="sector_4"
  respawnBaseGroup:i=2
  active:b=no
}

entity{
  _template:t="respawnChooser+respTeam2"
  transform:m=[[-0.436832, 0.0, 0.899543] [0.0, 1.0, 0.0] [-0.899543, 0.0, -0.436832] [-898.52, 3.59213, 35.1637]]
  groupName:t="sector_4"
  respawnBaseGroup:i=2
  active:b=no
}

entity{
  _template:t="respawnChooser+respTeam2"
  transform:m=[[-0.48531, 0.0, 0.874342] [0.0, 1.0, 0.0] [-0.874342, 0.0, -0.48531] [-961.457, 4.12554, -72.6119]]
  groupName:t="sector_4"
  respawnBaseGroup:i=1
  active:b=no
}

entity{
  _template:t="respawnChooser+respTeam2"
  transform:m=[[-0.498051, 0.0, 0.867148] [0.0, 1.0, 0.0] [-0.867148, 0.0, -0.498051] [-940.213, 7.77126, -61.8549]]
  groupName:t="sector_4"
  respawnBaseGroup:i=1
  active:b=no
}

entity{
  _template:t="respawnChooser+respTeam2"
  transform:m=[[-0.0651328, 0.0, 0.997877] [0.0, 1.0, 0.0] [-0.997877, 0.0, -0.0651328] [-784.275, 8.49845, 21.7382]]
  groupName:t="sector_3"
  respawnBaseGroup:i=1
  active:b=no
}

entity{
  _template:t="respawnChooser+respTeam2"
  transform:m=[[-0.93403, 0.0, 0.357196] [0.0, 1.0, 0.0] [-0.357196, 0.0, -0.93403] [-778.786, 8.48363, 11.494]]
  groupName:t="sector_3"
  respawnBaseGroup:i=1
  active:b=no
}

entity{
  _template:t="respawnChooser+respTeam2"
  transform:m=[[-0.0580047, 0.0, 0.998317] [0.0, 1.0, 0.0] [-0.998317, 0.0, -0.0580047] [-792.2, 12.3761, -21.9498]]
  groupName:t="sector_3"
  respawnBaseGroup:i=1
  active:b=no
}

entity{
  _template:t="respawnChooser+respTeam2"
  transform:m=[[-0.98957, 0.0, 0.144057] [0.0, 1.0, 0.0] [-0.144057, 0.0, -0.98957] [-655.569, 15.4026, -74.2897]]
  groupName:t="sector_2"
  respawnBaseGroup:i=1
  active:b=no
}

entity{
  _template:t="respawnChooser+respTeam2"
  transform:m=[[-0.968665, 0.0, 0.248373] [0.0, 1.0, 0.0] [-0.248373, 0.0, -0.968665] [-656.91, 15.4026, -78.2298]]
  groupName:t="sector_2"
  respawnBaseGroup:i=1
  active:b=no
}

entity{
  _template:t="respawnChooser+respTeam2"
  transform:m=[[-0.991363, 0.0, 0.131146] [0.0, 1.0, 0.0] [-0.131146, 0.0, -0.991363] [-658.623, 16.511, -108.049]]
  groupName:t="sector_2"
  respawnBaseGroup:i=1
  active:b=no
  team:i=2
}

entity{
  _template:t="respawnChooser+respTeam2"
  transform:m=[[-0.757752, 0.0, 0.652544] [0.0, 1.0, 0.0] [-0.652544, 0.0, -0.757752] [-637.537, 11.8991, -42.4715]]
  groupName:t="sector_2"
  respawnBaseGroup:i=1
  active:b=no
  team:i=2
}

entity{
  _template:t="respawnChooser+respTeam2"
  transform:m=[[-0.98957, 0.0, 0.144057] [0.0, 1.0, 0.0] [-0.144057, 0.0, -0.98957] [-655.473, 15.4026, -73.9917]]
  groupName:t="sector_2_c"
  respawnBaseGroup:i=1
  active:b=no
}

entity{
  _template:t="respawnChooser+respTeam2"
  transform:m=[[-0.968665, 0.0, 0.248373] [0.0, 1.0, 0.0] [-0.248373, 0.0, -0.968665] [-656.96, 15.4026, -78.1217]]
  groupName:t="sector_2_c"
  respawnBaseGroup:i=1
  active:b=no
}

entity{
  _template:t="respawnChooser+respTeam2"
  transform:m=[[-0.970519, 0.0, 0.241026] [0.0, 1.0, 0.0] [-0.241026, 0.0, -0.970519] [-658.582, 16.6153, -107.945]]
  groupName:t="sector_2_c"
  respawnBaseGroup:i=1
  active:b=no
}

entity{
  _template:t="respawnChooser+respTeam2"
  transform:m=[[-0.664105, 0.0, 0.74764] [0.0, 1.0, 0.0] [-0.74764, 0.0, -0.664105] [-637.52, 11.8756, -42.4128]]
  groupName:t="sector_2_c"
  respawnBaseGroup:i=1
  active:b=no
}

entity{
  _template:t="respawnChooser+respTeam2"
  transform:m=[[-0.125236, 0.0, 0.992127] [0.0, 1.0, 0.0] [-0.992127, 0.0, -0.125236] [-693.921, 15.1651, -206.806]]
  groupName:t="sector_1"
  respawnBaseGroup:i=1
  active:b=no
}

entity{
  _template:t="respawnChooser+respTeam2"
  transform:m=[[0.0815101, 0.0, 0.996672] [0.0, 1.0, 0.0] [-0.996672, 0.0, 0.0815101] [-690.663, 14.8873, -205.564]]
  groupName:t="sector_1"
  respawnBaseGroup:i=1
  active:b=no
}

entity{
  _template:t="respawnChooser+respTeam2"
  transform:m=[[-0.874043, 0.0, 0.48585] [0.0, 1.0, 0.0] [-0.48585, 0.0, -0.874043] [-577.387, 11.9789, -135.265]]
  groupName:t="sector_1"
  respawnBaseGroup:i=2
  active:b=no
}

entity{
  _template:t="respawnChooser+respTeam2"
  transform:m=[[-0.87658, 0.0, 0.481254] [0.0, 1.0, 0.0] [-0.481254, 0.0, -0.87658] [-576.11, 12.1295, -130.89]]
  groupName:t="sector_1"
  respawnBaseGroup:i=2
  active:b=no
}

entity{
  _template:t="respawnChooser+respTeam1"
  transform:m=[[0.605971, 0.0, -0.795487] [0.0, 1.0, 0.0] [0.795487, 0.0, 0.605971] [-1271.47, 4.63579, 289.57]]
  groupName:t="sector_5"
  respawnBaseGroup:i=2
  active:b=no
}

entity{
  _template:t="respawnChooser+respTeam1"
  transform:m=[[0.495768, 0.0, -0.868455] [0.0, 1.0, 0.0] [0.868455, 0.0, 0.495768] [-1281.8, 5.56724, 283.429]]
  groupName:t="sector_5"
  respawnBaseGroup:i=2
  active:b=no
}

entity{
  _template:t="respawnChooser+respTeam1"
  transform:m=[[0.791708, 0.0, -0.6109] [0.0, 1.0, 0.0] [0.6109, 0.0, 0.791708] [-1349.49, 6.09016, 224.045]]
  groupName:t="sector_5"
  respawnBaseGroup:i=1
  active:b=no
}

entity{
  _template:t="respawnChooser+respTeam1"
  transform:m=[[0.838961, 0.0419486, -0.542572] [-0.00429704, 0.997504, 0.070477] [0.544175, -0.056796, 0.837047] [-1342.66, 6.85213, 232.864]]
  groupName:t="sector_5"
  respawnBaseGroup:i=1
  active:b=no
}

entity{
  _template:t="respawnChooser+respTeam1"
  transform:m=[[0.889168, 0.0, -0.457581] [0.0, 1.0, 0.0] [0.457581, 0.0, 0.889168] [-1182.07, 3.63976, 140.407]]
  groupName:t="sector_4"
  respawnBaseGroup:i=1
  active:b=no
}

entity{
  _template:t="respawnChooser+respTeam1"
  transform:m=[[0.80849, 0.0, -0.588509] [0.0, 1.0, 0.0] [0.588509, 0.0, 0.80849] [-1205.01, 3.35193, 130.116]]
  groupName:t="sector_4"
  respawnBaseGroup:i=1
  active:b=no
}

entity{
  _template:t="respawnChooser+respTeam1"
  transform:m=[[0.588325, 0.0, -0.808624] [0.0, 1.0, 0.0] [0.808624, 0.0, 0.588325] [-1159.2, 1.80867, 175.521]]
  groupName:t="sector_4"
  respawnBaseGroup:i=2
  active:b=no
}

entity{
  _template:t="respawnChooser+respTeam1"
  transform:m=[[0.397701, 0.0, -0.917515] [0.0, 1.0, 0.0] [0.917515, 0.0, 0.397701] [-1133.05, 3.15286, 194.228]]
  groupName:t="sector_4"
  respawnBaseGroup:i=2
  active:b=no
}

entity{
  _template:t="respawnChooser+respTeam1"
  transform:m=[[0.489192, 0.0, -0.872176] [0.0, 1.0, 0.0] [0.872176, 0.0, 0.489192] [-1032.25, 3.7549, 88.4633]]
  groupName:t="sector_3"
  respawnBaseGroup:i=2
  active:b=no
}

entity{
  _template:t="respawnChooser+respTeam1"
  transform:m=[[0.887842, 0.0, 0.460149] [0.0, 1.0, 0.0] [-0.460149, 0.0, 0.887842] [-1029.22, 3.7549, 90.2246]]
  groupName:t="sector_3"
  respawnBaseGroup:i=2
  active:b=no
}

entity{
  _template:t="respawnChooser+respTeam1"
  transform:m=[[0.553456, 0.0, -0.832878] [0.0, 1.0, 0.0] [0.832878, 0.0, 0.553456] [-1060.2, 3.62707, 54.1323]]
  groupName:t="sector_3"
  respawnBaseGroup:i=1
  active:b=no
}

entity{
  _template:t="respawnChooser+respTeam1"
  transform:m=[[0.612014, 0.0, -0.790847] [0.0, 1.0, 0.0] [0.790847, 0.0, 0.612014] [-1066.59, 3.75059, 37.5269]]
  groupName:t="sector_3"
  respawnBaseGroup:i=1
  active:b=no
}

entity{
  _template:t="respawnChooser+respTeam1"
  transform:m=[[0.851458, 0.0, 0.524423] [0.0, 1.0, 0.0] [-0.524423, 0.0, 0.851458] [-1048.58, 5.4476, -32.2332]]
  groupName:t="sector_3"
  respawnBaseGroup:i=1
  active:b=no
}

entity{
  _template:t="respawnChooser+respTeam1"
  transform:m=[[0.987069, 0.0, 0.160298] [0.0, 1.0, 0.0] [-0.160298, 0.0, 0.987069] [-900.466, 4.67112, -18.9014]]
  groupName:t="sector_2"
  respawnBaseGroup:i=1
  active:b=no
}

entity{
  _template:t="respawnChooser+respTeam1"
  transform:m=[[0.999125, 0.0, -0.0418438] [0.0, 1.0, 0.0] [0.0418438, 0.0, 0.999125] [-898.874, 5.43707, -27.3826]]
  groupName:t="sector_2"
  respawnBaseGroup:i=2
  active:b=no
}

entity{
  _template:t="respawnChooser+respTeam1"
  transform:m=[[0.696932, 0.0, -0.717138] [0.0, 1.0, 0.0] [0.717138, 0.0, 0.696932] [-904.749, 3.16599, 36.414]]
  groupName:t="sector_2"
  respawnBaseGroup:i=1
  active:b=no
}

entity{
  _template:t="respawnChooser+respTeam1"
  transform:m=[[0.996432, 0.0, 0.0843953] [0.0, 1.0, 0.0] [-0.0843953, 0.0, 0.996432] [-900.502, 4.72985, -19.0226]]
  groupName:t="sector_2_c"
  respawnBaseGroup:i=1
  active:b=no
}

entity{
  _template:t="respawnChooser+respTeam1"
  transform:m=[[0.999919, 0.0, -0.0127765] [0.0, 1.0, 0.0] [0.0127765, 0.0, 0.999919] [-899.364, 5.4774, -27.4052]]
  groupName:t="sector_2_c"
  respawnBaseGroup:i=2
  active:b=no
}

entity{
  _template:t="respawnChooser+respTeam1"
  transform:m=[[0.759546, 0.0, -0.650455] [0.0, 1.0, 0.0] [0.650455, 0.0, 0.759546] [-904.837, 3.16613, 35.6732]]
  groupName:t="sector_2_c"
  respawnBaseGroup:i=1
  active:b=no
}

entity{
  _template:t="respawnChooser+respTeam1"
  transform:m=[[0.382947, 0.0, -0.923771] [0.0, 1.0, 0.0] [0.923771, 0.0, 0.382947] [-787.083, 7.8033, 16.2167]]
  groupName:t="sector_1"
  respawnBaseGroup:i=1
  active:b=no
}

entity{
  _template:t="respawnChooser+respTeam1"
  transform:m=[[0.99013, 0.0, -0.140152] [0.0, 1.0, 0.0] [0.140152, 0.0, 0.99013] [-795.113, 12.5077, -24.683]]
  groupName:t="sector_1"
  respawnBaseGroup:i=1
  active:b=no
}

entity{
  _template:t="respAircraftInAir"
  respawnbaseType:t="aircraft_fighter"
  transform:m=[[0.0260471, 0.0, -0.999661] [0.0, 1.0, 0.0] [0.999661, 0.0, 0.0260471] [-624.161, 1000.0, 2748.41]]
  team:i=1
  maxVehicleOnSpawn:i=1
  respTime:i=120
}

entity{
  _template:t="respAircraftInAir"
  respawnbaseType:t="aircraft_assault"
  transform:m=[[0.0260471, 0.0, -0.999661] [0.0, 1.0, 0.0] [0.999661, 0.0, 0.0260471] [-791.056, 800.0, 2745.04]]
  team:i=1
  maxVehicleOnSpawn:i=1
  respTime:i=120
}

entity{
  _template:t="respAircraftInAir"
  respawnbaseType:t="aircraft_fighter"
  transform:m=[[0.0260471, 0.0, -0.999661] [0.0, 1.0, 0.0] [0.999661, 0.0, 0.0260471] [-791.056, 1000.0, 2745.04]]
  team:i=1
  maxVehicleOnSpawn:i=1
  respTime:i=120
}

entity{
  _template:t="respAircraftInAir"
  respawnbaseType:t="aircraft_assault"
  transform:m=[[0.0260471, 0.0, -0.999661] [0.0, 1.0, 0.0] [0.999661, 0.0, 0.0260471] [-596.995, 800.0, 2750.45]]
  team:i=1
  maxVehicleOnSpawn:i=1
  respTime:i=120
}

entity{
  _template:t="resupply_in_air_zone"
  transform:m=[[-0.157002, 0.0, -0.987599] [0.0, 1.0, 0.0] [0.987599, 0.0, -0.157002] [-2099.59, 1000.0, 3130.97]]
  resupply_zone__team:i=1
}

entity{
  _template:t="respAircraftInAir"
  respawnbaseType:t="aircraft_fighter"
  transform:m=[[-0.217759, 0.0, 0.976002] [0.0, 1.0, 0.0] [-0.976002, 0.0, -0.217759] [941.199, 1000.0, -1638.53]]
  team:i=2
  maxVehicleOnSpawn:i=1
  respTime:i=120
}

entity{
  _template:t="respAircraftInAir"
  respawnbaseType:t="aircraft_assault"
  transform:m=[[-0.217759, 0.0, 0.976002] [0.0, 1.0, 0.0] [-0.976002, 0.0, -0.217759] [941.199, 800.0, -1638.53]]
  team:i=2
  maxVehicleOnSpawn:i=1
  respTime:i=120
}

entity{
  _template:t="respAircraftInAir"
  respawnbaseType:t="aircraft_fighter"
  transform:m=[[-0.217759, 0.0, 0.976002] [0.0, 1.0, 0.0] [-0.976002, 0.0, -0.217759] [813.414, 1000.0, -1657.64]]
  team:i=2
  maxVehicleOnSpawn:i=1
  respTime:i=120
}

entity{
  _template:t="respAircraftInAir"
  respawnbaseType:t="aircraft_assault"
  transform:m=[[-0.217759, 0.0, 0.976002] [0.0, 1.0, 0.0] [-0.976002, 0.0, -0.217759] [783.694, 800.0, -1664.78]]
  team:i=2
  maxVehicleOnSpawn:i=1
  respTime:i=120
}

entity{
  _template:t="resupply_in_air_zone"
  transform:m=[[0.119539, 0.0, 0.992829] [0.0, 1.0, 0.0] [-0.992829, 0.0, 0.119539] [2254.74, 1000.0, -1979.19]]
  resupply_zone__team:i=2
}

entity{
  _template:t="poly_battle_area"
  transform:m=[[1.0, 0.0, 0.0] [0.0, 1.0, 0.0] [0.0, 0.0, 1.0] [0.0, 0.0, 0.0]]
  groupName:t="sector_5"
  active:b=no
  battle_area__team:i=1
  battleAreaId:t="area1_1"
}

entity{
  _template:t="battle_area_polygon_point"
  transform:m=[[0.859014, 0.0, 0.511952] [0.0, 1.0, 0.0] [-0.511952, 0.0, 0.859014] [-1288.21, -2.922, 38.8608]]
  battle_area_polygon_point__id:t="point1"
  battle_area_polygon_point__nextId:t="point2"
  battle_area_polygon_point__forBattleAreaId:t="area1_1"
}

entity{
  _template:t="battle_area_polygon_point"
  transform:m=[[0.859014, 0.0, 0.511952] [0.0, 1.0, 0.0] [-0.511952, 0.0, 0.859014] [-1068.87, -2.922, 162.466]]
  battle_area_polygon_point__id:t="point2"
  battle_area_polygon_point__nextId:t="point3"
  battle_area_polygon_point__forBattleAreaId:t="area1_1"
}

entity{
  _template:t="battle_area_polygon_point"
  transform:m=[[0.859014, 0.0, 0.511952] [0.0, 1.0, 0.0] [-0.511952, 0.0, 0.859014] [-1098.14, -2.922, 220.384]]
  battle_area_polygon_point__id:t="point3"
  battle_area_polygon_point__nextId:t="point4"
  battle_area_polygon_point__forBattleAreaId:t="area1_1"
}

entity{
  _template:t="battle_area_polygon_point"
  transform:m=[[0.859014, 0.0, 0.511952] [0.0, 1.0, 0.0] [-0.511952, 0.0, 0.859014] [-1187.49, -2.922, 321.046]]
  battle_area_polygon_point__id:t="point4"
  battle_area_polygon_point__nextId:t="point5"
  battle_area_polygon_point__forBattleAreaId:t="area1_1"
}

entity{
  _template:t="battle_area_polygon_point"
  transform:m=[[0.859014, 0.0, 0.511952] [0.0, 1.0, 0.0] [-0.511952, 0.0, 0.859014] [-1281.08, -2.922, 426.066]]
  battle_area_polygon_point__id:t="point5"
  battle_area_polygon_point__nextId:t="point6"
  battle_area_polygon_point__forBattleAreaId:t="area1_1"
}

entity{
  _template:t="battle_area_polygon_point"
  transform:m=[[0.859014, 0.0, 0.511952] [0.0, 1.0, 0.0] [-0.511952, 0.0, 0.859014] [-1496.98, -2.922, 221.232]]
  battle_area_polygon_point__id:t="point6"
  battle_area_polygon_point__nextId:t="point1"
  battle_area_polygon_point__forBattleAreaId:t="area1_1"
}

entity{
  _template:t="poly_battle_area"
  transform:m=[[1.0, 0.0, 0.0] [0.0, 1.0, 0.0] [0.0, 0.0, 1.0] [0.0, 0.0, 0.0]]
  groupName:t="sector_4"
  active:b=no
  battle_area__team:i=1
  battleAreaId:t="area1_2"
}

entity{
  _template:t="battle_area_polygon_point"
  transform:m=[[0.859014, 0.0, 0.511952] [0.0, 1.0, 0.0] [-0.511952, 0.0, 0.859014] [-1208.46, -2.922, 347.326]]
  battle_area_polygon_point__id:t="point1"
  battle_area_polygon_point__nextId:t="point2"
  battle_area_polygon_point__forBattleAreaId:t="area1_2"
}

entity{
  _template:t="battle_area_polygon_point"
  transform:m=[[0.859014, 0.0, 0.511952] [0.0, 1.0, 0.0] [-0.511952, 0.0, 0.859014] [-1425.34, -2.922, 158.387]]
  battle_area_polygon_point__id:t="point2"
  battle_area_polygon_point__nextId:t="point3"
  battle_area_polygon_point__forBattleAreaId:t="area1_2"
}

entity{
  _template:t="battle_area_polygon_point"
  transform:m=[[0.859014, 0.0, 0.511952] [0.0, 1.0, 0.0] [-0.511952, 0.0, 0.859014] [-1288.28, -2.922, 38.804]]
  battle_area_polygon_point__id:t="point3"
  battle_area_polygon_point__nextId:t="point4"
  battle_area_polygon_point__forBattleAreaId:t="area1_2"
}

entity{
  _template:t="battle_area_polygon_point"
  transform:m=[[0.859014, 0.0, 0.511952] [0.0, 1.0, 0.0] [-0.511952, 0.0, 0.859014] [-1153.99, -2.922, -63.8326]]
  battle_area_polygon_point__id:t="point4"
  battle_area_polygon_point__nextId:t="point5"
  battle_area_polygon_point__forBattleAreaId:t="area1_2"
}

entity{
  _template:t="battle_area_polygon_point"
  transform:m=[[0.859014, 0.0, 0.511952] [0.0, 1.0, 0.0] [-0.511952, 0.0, 0.859014] [-966.105, -2.922, 41.5544]]
  battle_area_polygon_point__id:t="point5"
  battle_area_polygon_point__nextId:t="point6"
  battle_area_polygon_point__forBattleAreaId:t="area1_2"
}

entity{
  _template:t="battle_area_polygon_point"
  transform:m=[[0.859014, 0.0, 0.511952] [0.0, 1.0, 0.0] [-0.511952, 0.0, 0.859014] [-1042.18, -2.922, 185.17]]
  battle_area_polygon_point__id:t="point6"
  battle_area_polygon_point__nextId:t="point1"
  battle_area_polygon_point__forBattleAreaId:t="area1_2"
}

entity{
  _template:t="poly_battle_area"
  transform:m=[[1.0, 0.0, 0.0] [0.0, 1.0, 0.0] [0.0, 0.0, 1.0] [0.0, 0.0, 0.0]]
  groupName:t="sector_3"
  active:b=no
  battle_area__team:i=1
  battleAreaId:t="area1_3"
}

entity{
  _template:t="battle_area_polygon_point"
  transform:m=[[0.859014, 0.0, 0.511952] [0.0, 1.0, 0.0] [-0.511952, 0.0, 0.859014] [-1042.12, -2.922, 184.68]]
  battle_area_polygon_point__id:t="point1"
  battle_area_polygon_point__nextId:t="point2"
  battle_area_polygon_point__forBattleAreaId:t="area1_3"
}

entity{
  _template:t="battle_area_polygon_point"
  transform:m=[[0.859014, 0.0, 0.511952] [0.0, 1.0, 0.0] [-0.511952, 0.0, 0.859014] [-1288.24, -2.922, 38.6411]]
  battle_area_polygon_point__id:t="point2"
  battle_area_polygon_point__nextId:t="point3"
  battle_area_polygon_point__forBattleAreaId:t="area1_3"
}

entity{
  _template:t="battle_area_polygon_point"
  transform:m=[[0.859014, 0.0, 0.511952] [0.0, 1.0, 0.0] [-0.511952, 0.0, 0.859014] [-1153.95, -2.922, -63.9072]]
  battle_area_polygon_point__id:t="point3"
  battle_area_polygon_point__nextId:t="point4"
  battle_area_polygon_point__forBattleAreaId:t="area1_3"
}

entity{
  _template:t="battle_area_polygon_point"
  transform:m=[[0.859014, 0.0, 0.511952] [0.0, 1.0, 0.0] [-0.511952, 0.0, 0.859014] [-1070.16, -2.922, -126.413]]
  battle_area_polygon_point__id:t="point4"
  battle_area_polygon_point__nextId:t="point5"
  battle_area_polygon_point__forBattleAreaId:t="area1_3"
}

entity{
  _template:t="battle_area_polygon_point"
  transform:m=[[0.859014, 0.0, 0.511952] [0.0, 1.0, 0.0] [-0.511952, 0.0, 0.859014] [-938.624, -2.922, -77.1536]]
  battle_area_polygon_point__id:t="point5"
  battle_area_polygon_point__nextId:t="point6"
  battle_area_polygon_point__forBattleAreaId:t="area1_3"
}

entity{
  _template:t="battle_area_polygon_point"
  transform:m=[[0.859014, 0.0, 0.511952] [0.0, 1.0, 0.0] [-0.511952, 0.0, 0.859014] [-866.188, -2.922, -52.6162]]
  battle_area_polygon_point__id:t="point6"
  battle_area_polygon_point__nextId:t="point7"
  battle_area_polygon_point__forBattleAreaId:t="area1_3"
}

entity{
  _template:t="battle_area_polygon_point"
  transform:m=[[0.859014, 0.0, 0.511952] [0.0, 1.0, 0.0] [-0.511952, 0.0, 0.859014] [-903.776, -2.922, 94.5241]]
  battle_area_polygon_point__id:t="point7"
  battle_area_polygon_point__nextId:t="point1"
  battle_area_polygon_point__forBattleAreaId:t="area1_3"
}

entity{
  _template:t="poly_battle_area"
  transform:m=[[1.0, 0.0, 0.0] [0.0, 1.0, 0.0] [0.0, 0.0, 1.0] [0.0, 0.0, 0.0]]
  groupName:t="sector_2"
  active:b=no
  battle_area__team:i=1
  battleAreaId:t="area1_4"
}

entity{
  _template:t="battle_area_polygon_point"
  transform:m=[[0.859014, 0.0, 0.511952] [0.0, 1.0, 0.0] [-0.511952, 0.0, 0.859014] [-926.147, -2.922, 108.999]]
  battle_area_polygon_point__id:t="point1"
  battle_area_polygon_point__nextId:t="point2"
  battle_area_polygon_point__forBattleAreaId:t="area1_4"
}

entity{
  _template:t="battle_area_polygon_point"
  transform:m=[[0.859014, 0.0, 0.511952] [0.0, 1.0, 0.0] [-0.511952, 0.0, 0.859014] [-993.588, -2.922, 93.5907]]
  battle_area_polygon_point__id:t="point2"
  battle_area_polygon_point__nextId:t="point3"
  battle_area_polygon_point__forBattleAreaId:t="area1_4"
}

entity{
  _template:t="battle_area_polygon_point"
  transform:m=[[0.859014, 0.0, 0.511952] [0.0, 1.0, 0.0] [-0.511952, 0.0, 0.859014] [-1093.92, -2.922, 34.8884]]
  battle_area_polygon_point__id:t="point3"
  battle_area_polygon_point__nextId:t="point4"
  battle_area_polygon_point__forBattleAreaId:t="area1_4"
}

entity{
  _template:t="battle_area_polygon_point"
  transform:m=[[0.859014, 0.0, 0.511952] [0.0, 1.0, 0.0] [-0.511952, 0.0, 0.859014] [-1034.15, -2.922, -78.7442]]
  battle_area_polygon_point__id:t="point4"
  battle_area_polygon_point__nextId:t="point5"
  battle_area_polygon_point__forBattleAreaId:t="area1_4"
}

entity{
  _template:t="battle_area_polygon_point"
  transform:m=[[0.859014, 0.0, 0.511952] [0.0, 1.0, 0.0] [-0.511952, 0.0, 0.859014] [-900.914, -2.922, -100.227]]
  battle_area_polygon_point__id:t="point5"
  battle_area_polygon_point__nextId:t="point6"
  battle_area_polygon_point__forBattleAreaId:t="area1_4"
}

entity{
  _template:t="battle_area_polygon_point"
  transform:m=[[0.859014, 0.0, 0.511952] [0.0, 1.0, 0.0] [-0.511952, 0.0, 0.859014] [-742.66, -2.922, -136.481]]
  battle_area_polygon_point__id:t="point6"
  battle_area_polygon_point__nextId:t="point7"
  battle_area_polygon_point__forBattleAreaId:t="area1_4"
}

entity{
  _template:t="battle_area_polygon_point"
  transform:m=[[0.859014, 0.0, 0.511952] [0.0, 1.0, 0.0] [-0.511952, 0.0, 0.859014] [-721.93, -2.922, 43.4944]]
  battle_area_polygon_point__id:t="point7"
  battle_area_polygon_point__nextId:t="point8"
  battle_area_polygon_point__forBattleAreaId:t="area1_4"
}

entity{
  _template:t="battle_area_polygon_point"
  transform:m=[[0.859014, 0.0, 0.511952] [0.0, 1.0, 0.0] [-0.511952, 0.0, 0.859014] [-819.266, -2.922, 105.065]]
  battle_area_polygon_point__id:t="point8"
  battle_area_polygon_point__nextId:t="point1"
  battle_area_polygon_point__forBattleAreaId:t="area1_4"
}

entity{
  _template:t="poly_battle_area"
  transform:m=[[1.0, 0.0, 0.0] [0.0, 1.0, 0.0] [0.0, 0.0, 1.0] [0.0, 0.0, 0.0]]
  groupName:t="sector_2_c"
  active:b=no
  battle_area__team:i=1
  battleAreaId:t="area1_4_c"
}

entity{
  _template:t="battle_area_polygon_point"
  transform:m=[[0.859014, 0.0, 0.511952] [0.0, 1.0, 0.0] [-0.511952, 0.0, 0.859014] [-926.147, -2.922, 108.999]]
  battle_area_polygon_point__id:t="point1"
  battle_area_polygon_point__nextId:t="point2"
  battle_area_polygon_point__forBattleAreaId:t="area1_4_c"
}

entity{
  _template:t="battle_area_polygon_point"
  transform:m=[[0.859014, 0.0, 0.511952] [0.0, 1.0, 0.0] [-0.511952, 0.0, 0.859014] [-993.588, -2.922, 93.5907]]
