import{
  scene:t="content/enlisted/gamedata/scenes/_volokolamsk_sounds.blk"
  scene:t="content/enlisted/gamedata/scenes/_volokolamsk_winter_biome_fx.blk"
  scene:t="content/enlisted/gamedata/scenes/_volokolamsk_winter_village_fx.blk"
}

entity{
  _template:t="battle_area_polygon_point"
  transform:m=[[0.859014, 0.0, 0.511952] [0.0, 1.0, 0.0] [-0.511952, 0.0, 0.859014] [34.8634, -2.922, 144.707]]
  battle_area_polygon_point__id:t="point1"
  battle_area_polygon_point__nextId:t="point2"
  battle_area_polygon_point__forBattleAreaId:t="area1_1"
}

entity{
  _template:t="battle_area_polygon_point"
  transform:m=[[0.859014, 0.0, 0.511952] [0.0, 1.0, 0.0] [-0.511952, 0.0, 0.859014] [45.1106, -2.922, 210.901]]
  battle_area_polygon_point__id:t="point2"
  battle_area_polygon_point__nextId:t="point3"
  battle_area_polygon_point__forBattleAreaId:t="area1_1"
}

entity{
  _template:t="battle_area_polygon_point"
  transform:m=[[0.859014, 0.0, 0.511952] [0.0, 1.0, 0.0] [-0.511952, 0.0, 0.859014] [-24.1343, -2.922, 309.816]]
  battle_area_polygon_point__id:t="point3"
  battle_area_polygon_point__nextId:t="point4"
  battle_area_polygon_point__forBattleAreaId:t="area1_1"
}

entity{
  _template:t="battle_area_polygon_point"
  transform:m=[[0.859014, 0.0, 0.511952] [0.0, 1.0, 0.0] [-0.511952, 0.0, 0.859014] [-94.8183, -2.922, 379.644]]
  battle_area_polygon_point__id:t="point4"
  battle_area_polygon_point__nextId:t="point5"
  battle_area_polygon_point__forBattleAreaId:t="area1_1"
}

entity{
  _template:t="battle_area_polygon_point"
  transform:m=[[0.859014, 0.0, 0.511952] [0.0, 1.0, 0.0] [-0.511952, 0.0, 0.859014] [-123.471, -2.922, 393.948]]
  battle_area_polygon_point__id:t="point5"
  battle_area_polygon_point__nextId:t="point6"
  battle_area_polygon_point__forBattleAreaId:t="area1_1"
}

entity{
  _template:t="battle_area_polygon_point"
  transform:m=[[0.859014, 0.0, 0.511952] [0.0, 1.0, 0.0] [-0.511952, 0.0, 0.859014] [-168.369, -2.922, 406.398]]
  battle_area_polygon_point__id:t="point6"
  battle_area_polygon_point__nextId:t="point7"
  battle_area_polygon_point__forBattleAreaId:t="area1_1"
}

entity{
  _template:t="battle_area_polygon_point"
  transform:m=[[0.859014, 0.0, 0.511952] [0.0, 1.0, 0.0] [-0.511952, 0.0, 0.859014] [-288.751, -2.922, 404.493]]
  battle_area_polygon_point__id:t="point7"
  battle_area_polygon_point__nextId:t="point8"
  battle_area_polygon_point__forBattleAreaId:t="area1_1"
}

entity{
  _template:t="battle_area_polygon_point"
  transform:m=[[0.859014, 0.0, 0.511952] [0.0, 1.0, 0.0] [-0.511952, 0.0, 0.859014] [-388.399, -2.922, 386.801]]
  battle_area_polygon_point__id:t="point8"
  battle_area_polygon_point__nextId:t="point9"
  battle_area_polygon_point__forBattleAreaId:t="area1_1"
}

entity{
  _template:t="battle_area_polygon_point"
  transform:m=[[0.859014, 0.0, 0.511952] [0.0, 1.0, 0.0] [-0.511952, 0.0, 0.859014] [-384.6, -2.922, 318.444]]
  battle_area_polygon_point__id:t="point9"
  battle_area_polygon_point__nextId:t="point10"
  battle_area_polygon_point__forBattleAreaId:t="area1_1"
}

entity{
  _template:t="battle_area_polygon_point"
  transform:m=[[0.859014, 0.0, 0.511952] [0.0, 1.0, 0.0] [-0.511952, 0.0, 0.859014] [-433.098, -2.922, 154.682]]
  battle_area_polygon_point__id:t="point10"
  battle_area_polygon_point__nextId:t="point11"
  battle_area_polygon_point__forBattleAreaId:t="area1_1"
}

entity{
  _template:t="battle_area_polygon_point"
  transform:m=[[0.859014, 0.0, 0.511952] [0.0, 1.0, 0.0] [-0.511952, 0.0, 0.859014] [-265.596, -2.922, 67.4858]]
  battle_area_polygon_point__id:t="point11"
  battle_area_polygon_point__nextId:t="point12"
  battle_area_polygon_point__forBattleAreaId:t="area1_1"
}

entity{
  _template:t="battle_area_polygon_point"
  transform:m=[[0.859014, 0.0, 0.511952] [0.0, 1.0, 0.0] [-0.511952, 0.0, 0.859014] [-174.287, -2.922, 38.6398]]
  battle_area_polygon_point__id:t="point12"
  battle_area_polygon_point__nextId:t="point13"
  battle_area_polygon_point__forBattleAreaId:t="area1_1"
}

entity{
  _template:t="battle_area_polygon_point"
  transform:m=[[0.859014, 0.0, 0.511952] [0.0, 1.0, 0.0] [-0.511952, 0.0, 0.859014] [-38.3006, -2.922, -14.9142]]
  battle_area_polygon_point__id:t="point13"
  battle_area_polygon_point__nextId:t="point14"
  battle_area_polygon_point__forBattleAreaId:t="area1_1"
}

entity{
  _template:t="battle_area_polygon_point"
  transform:m=[[0.859014, 0.0, 0.511952] [0.0, 1.0, 0.0] [-0.511952, 0.0, 0.859014] [0.0505824, -2.922, 55.1667]]
  battle_area_polygon_point__id:t="point14"
  battle_area_polygon_point__nextId:t="point1"
  battle_area_polygon_point__forBattleAreaId:t="area1_1"
}

entity{
  _template:t="battle_area_polygon_point"
  transform:m=[[0.859014, 0.0, 0.511952] [0.0, 1.0, 0.0] [-0.511952, 0.0, 0.859014] [-24.8419, -2.922, 311.199]]
  battle_area_polygon_point__id:t="point1"
  battle_area_polygon_point__nextId:t="point2"
  battle_area_polygon_point__forBattleAreaId:t="area1_2"
}

entity{
  _template:t="battle_area_polygon_point"
  transform:m=[[0.859014, 0.0, 0.511952] [0.0, 1.0, 0.0] [-0.511952, 0.0, 0.859014] [46.613, -2.922, 339.439]]
  battle_area_polygon_point__id:t="point2"
  battle_area_polygon_point__nextId:t="point3"
  battle_area_polygon_point__forBattleAreaId:t="area1_2"
}

entity{
  _template:t="battle_area_polygon_point"
  transform:m=[[0.859014, 0.0, 0.511952] [0.0, 1.0, 0.0] [-0.511952, 0.0, 0.859014] [15.9483, -2.922, 476.493]]
  battle_area_polygon_point__id:t="point3"
  battle_area_polygon_point__nextId:t="point4"
  battle_area_polygon_point__forBattleAreaId:t="area1_2"
}

entity{
  _template:t="battle_area_polygon_point"
  transform:m=[[0.859014, 0.0, 0.511952] [0.0, 1.0, 0.0] [-0.511952, 0.0, 0.859014] [-95.6632, -2.922, 590.783]]
  battle_area_polygon_point__id:t="point4"
  battle_area_polygon_point__nextId:t="point5"
  battle_area_polygon_point__forBattleAreaId:t="area1_2"
}

entity{
  _template:t="battle_area_polygon_point"
  transform:m=[[0.859014, 0.0, 0.511952] [0.0, 1.0, 0.0] [-0.511952, 0.0, 0.859014] [-261.432, -2.922, 614.532]]
  battle_area_polygon_point__id:t="point5"
  battle_area_polygon_point__nextId:t="point6"
  battle_area_polygon_point__forBattleAreaId:t="area1_2"
}

entity{
  _template:t="battle_area_polygon_point"
  transform:m=[[0.859014, 0.0, 0.511952] [0.0, 1.0, 0.0] [-0.511952, 0.0, 0.859014] [-400.682, -2.922, 575.584]]
  battle_area_polygon_point__id:t="point6"
  battle_area_polygon_point__nextId:t="point7"
  battle_area_polygon_point__forBattleAreaId:t="area1_2"
}

entity{
  _template:t="battle_area_polygon_point"
  transform:m=[[0.859014, 0.0, 0.511952] [0.0, 1.0, 0.0] [-0.511952, 0.0, 0.859014] [-392.952, -2.922, 473.003]]
  battle_area_polygon_point__id:t="point7"
  battle_area_polygon_point__nextId:t="point8"
  battle_area_polygon_point__forBattleAreaId:t="area1_2"
}

entity{
  _template:t="battle_area_polygon_point"
  transform:m=[[0.859014, 0.0, 0.511952] [0.0, 1.0, 0.0] [-0.511952, 0.0, 0.859014] [-388.274, -2.922, 386.782]]
  battle_area_polygon_point__id:t="point8"
  battle_area_polygon_point__nextId:t="point9"
  battle_area_polygon_point__forBattleAreaId:t="area1_2"
}

entity{
  _template:t="battle_area_polygon_point"
  transform:m=[[0.859014, 0.0, 0.511952] [0.0, 1.0, 0.0] [-0.511952, 0.0, 0.859014] [-384.508, -2.922, 318.448]]
  battle_area_polygon_point__id:t="point9"
  battle_area_polygon_point__nextId:t="point10"
  battle_area_polygon_point__forBattleAreaId:t="area1_2"
}

entity{
  _template:t="battle_area_polygon_point"
  transform:m=[[0.859014, 0.0, 0.511952] [0.0, 1.0, 0.0] [-0.511952, 0.0, 0.859014] [-233.57, -2.922, 311.72]]
  battle_area_polygon_point__id:t="point10"
  battle_area_polygon_point__nextId:t="point11"
  battle_area_polygon_point__forBattleAreaId:t="area1_2"
}

entity{
  _template:t="battle_area_polygon_point"
  transform:m=[[0.859014, 0.0, 0.511952] [0.0, 1.0, 0.0] [-0.511952, 0.0, 0.859014] [-171.322, -2.922, 319.434]]
  battle_area_polygon_point__id:t="point11"
  battle_area_polygon_point__nextId:t="point12"
  battle_area_polygon_point__forBattleAreaId:t="area1_2"
}

entity{
  _template:t="battle_area_polygon_point"
  transform:m=[[0.859014, 0.0, 0.511952] [0.0, 1.0, 0.0] [-0.511952, 0.0, 0.859014] [-123.831, -2.922, 304.625]]
  battle_area_polygon_point__id:t="point12"
  battle_area_polygon_point__nextId:t="point13"
  battle_area_polygon_point__forBattleAreaId:t="area1_2"
}

entity{
  _template:t="battle_area_polygon_point"
  transform:m=[[0.859014, 0.0, 0.511952] [0.0, 1.0, 0.0] [-0.511952, 0.0, 0.859014] [-74.3624, -2.922, 278.794]]
  battle_area_polygon_point__id:t="point13"
  battle_area_polygon_point__nextId:t="point1"
  battle_area_polygon_point__forBattleAreaId:t="area1_2"
}

entity{
  _template:t="battle_area_polygon_point"
  transform:m=[[0.859014, 0.0, 0.511952] [0.0, 1.0, 0.0] [-0.511952, 0.0, 0.859014] [-106.77, -2.922, 332.625]]
  battle_area_polygon_point__id:t="point1"
  battle_area_polygon_point__nextId:t="point2"
  battle_area_polygon_point__forBattleAreaId:t="area2_1"
}

entity{
  _template:t="battle_area_polygon_point"
  transform:m=[[0.859014, 0.0, 0.511952] [0.0, 1.0, 0.0] [-0.511952, 0.0, 0.859014] [-167.518, -2.922, 324.709]]
  battle_area_polygon_point__id:t="point2"
  battle_area_polygon_point__nextId:t="point3"
  battle_area_polygon_point__forBattleAreaId:t="area2_1"
}

entity{
  _template:t="battle_area_polygon_point"
  transform:m=[[0.859014, 0.0, 0.511952] [0.0, 1.0, 0.0] [-0.511952, 0.0, 0.859014] [-242.227, -2.922, 306.368]]
  battle_area_polygon_point__id:t="point3"
  battle_area_polygon_point__nextId:t="point4"
  battle_area_polygon_point__forBattleAreaId:t="area2_1"
}

entity{
  _template:t="battle_area_polygon_point"
  transform:m=[[0.859014, 0.0, 0.511952] [0.0, 1.0, 0.0] [-0.511952, 0.0, 0.859014] [-342.941, -2.922, 230.721]]
  battle_area_polygon_point__id:t="point4"
  battle_area_polygon_point__nextId:t="point5"
  battle_area_polygon_point__forBattleAreaId:t="area2_1"
}

entity{
  _template:t="battle_area_polygon_point"
  transform:m=[[0.859014, 0.0, 0.511952] [0.0, 1.0, 0.0] [-0.511952, 0.0, 0.859014] [-397.802, -2.922, 135.609]]
  battle_area_polygon_point__id:t="point5"
  battle_area_polygon_point__nextId:t="point6"
  battle_area_polygon_point__forBattleAreaId:t="area2_1"
}

entity{
  _template:t="battle_area_polygon_point"
  transform:m=[[0.859014, 0.0, 0.511952] [0.0, 1.0, 0.0] [-0.511952, 0.0, 0.859014] [-265.605, -2.922, 66.7127]]
  battle_area_polygon_point__id:t="point6"
  battle_area_polygon_point__nextId:t="point7"
  battle_area_polygon_point__forBattleAreaId:t="area2_1"
}

entity{
  _template:t="battle_area_polygon_point"
  transform:m=[[0.859014, 0.0, 0.511952] [0.0, 1.0, 0.0] [-0.511952, 0.0, 0.859014] [-265.599, -2.922, 66.763]]
  battle_area_polygon_point__id:t="point7"
  battle_area_polygon_point__nextId:t="point8"
  battle_area_polygon_point__forBattleAreaId:t="area2_1"
}

entity{
  _template:t="battle_area_polygon_point"
  transform:m=[[0.859014, 0.0, 0.511952] [0.0, 1.0, 0.0] [-0.511952, 0.0, 0.859014] [-174.567, -2.922, 37.6775]]
  battle_area_polygon_point__id:t="point8"
  battle_area_polygon_point__nextId:t="point9"
  battle_area_polygon_point__forBattleAreaId:t="area2_1"
}

entity{
  _template:t="battle_area_polygon_point"
  transform:m=[[0.859014, 0.0, 0.511952] [0.0, 1.0, 0.0] [-0.511952, 0.0, 0.859014] [-38.7193, -2.922, -15.989]]
  battle_area_polygon_point__id:t="point9"
  battle_area_polygon_point__nextId:t="point10"
  battle_area_polygon_point__forBattleAreaId:t="area2_1"
}

entity{
  _template:t="battle_area_polygon_point"
  transform:m=[[0.859014, 0.0, 0.511952] [0.0, 1.0, 0.0] [-0.511952, 0.0, 0.859014] [0.702153, -2.922, 54.8809]]
  battle_area_polygon_point__id:t="point10"
  battle_area_polygon_point__nextId:t="point11"
  battle_area_polygon_point__forBattleAreaId:t="area2_1"
}

entity{
  _template:t="battle_area_polygon_point"
  transform:m=[[0.859014, 0.0, 0.511952] [0.0, 1.0, 0.0] [-0.511952, 0.0, 0.859014] [35.0097, -2.922, 144.672]]
  battle_area_polygon_point__id:t="point11"
  battle_area_polygon_point__nextId:t="point12"
  battle_area_polygon_point__forBattleAreaId:t="area2_1"
}

entity{
  _template:t="battle_area_polygon_point"
  transform:m=[[0.859014, 0.0, 0.511952] [0.0, 1.0, 0.0] [-0.511952, 0.0, 0.859014] [45.1274, -2.922, 210.243]]
  battle_area_polygon_point__id:t="point12"
  battle_area_polygon_point__nextId:t="point13"
  battle_area_polygon_point__forBattleAreaId:t="area2_1"
}

entity{
  _template:t="battle_area_polygon_point"
  transform:m=[[0.859014, 0.0, 0.511952] [0.0, 1.0, 0.0] [-0.511952, 0.0, 0.859014] [-27.9609, -2.922, 298.084]]
  battle_area_polygon_point__id:t="point13"
  battle_area_polygon_point__nextId:t="point1"
  battle_area_polygon_point__forBattleAreaId:t="area2_1"
}

entity{
  _template:t="battle_area_polygon_point"
  transform:m=[[0.859014, 0.0, 0.511952] [0.0, 1.0, 0.0] [-0.511952, 0.0, 0.859014] [-24.1402, -2.922, 309.807]]
  battle_area_polygon_point__id:t="point1"
  battle_area_polygon_point__nextId:t="point2"
  battle_area_polygon_point__forBattleAreaId:t="area2_2"
}

entity{
  _template:t="battle_area_polygon_point"
  transform:m=[[0.859014, 0.0, 0.511952] [0.0, 1.0, 0.0] [-0.511952, 0.0, 0.859014] [45.7345, -2.922, 337.81]]
  battle_area_polygon_point__id:t="point2"
  battle_area_polygon_point__nextId:t="point3"
  battle_area_polygon_point__forBattleAreaId:t="area2_2"
}

entity{
  _template:t="battle_area_polygon_point"
  transform:m=[[0.859014, 0.0, 0.511952] [0.0, 1.0, 0.0] [-0.511952, 0.0, 0.859014] [12.3127, -2.922, 473.507]]
  battle_area_polygon_point__id:t="point3"
  battle_area_polygon_point__nextId:t="point4"
  battle_area_polygon_point__forBattleAreaId:t="area2_2"
}

entity{
  _template:t="battle_area_polygon_point"
  transform:m=[[0.859014, 0.0, 0.511952] [0.0, 1.0, 0.0] [-0.511952, 0.0, 0.859014] [-97.3035, -2.922, 587.819]]
  battle_area_polygon_point__id:t="point4"
  battle_area_polygon_point__nextId:t="point5"
  battle_area_polygon_point__forBattleAreaId:t="area2_2"
}

entity{
  _template:t="battle_area_polygon_point"
  transform:m=[[0.859014, 0.0, 0.511952] [0.0, 1.0, 0.0] [-0.511952, 0.0, 0.859014] [-261.022, -2.922, 611.17]]
  battle_area_polygon_point__id:t="point5"
  battle_area_polygon_point__nextId:t="point6"
  battle_area_polygon_point__forBattleAreaId:t="area2_2"
}

entity{
  _template:t="battle_area_polygon_point"
  transform:m=[[0.859014, 0.0, 0.511952] [0.0, 1.0, 0.0] [-0.511952, 0.0, 0.859014] [-400.855, -2.922, 573.865]]
  battle_area_polygon_point__id:t="point6"
  battle_area_polygon_point__nextId:t="point7"
  battle_area_polygon_point__forBattleAreaId:t="area2_2"
}

entity{
  _template:t="battle_area_polygon_point"
  transform:m=[[0.859014, 0.0, 0.511952] [0.0, 1.0, 0.0] [-0.511952, 0.0, 0.859014] [-393.184, -2.922, 472.891]]
  battle_area_polygon_point__id:t="point7"
  battle_area_polygon_point__nextId:t="point8"
  battle_area_polygon_point__forBattleAreaId:t="area2_2"
}

entity{
  _template:t="battle_area_polygon_point"
  transform:m=[[0.859014, 0.0, 0.511952] [0.0, 1.0, 0.0] [-0.511952, 0.0, 0.859014] [-388.468, -2.922, 386.787]]
  battle_area_polygon_point__id:t="point8"
  battle_area_polygon_point__nextId:t="point9"
  battle_area_polygon_point__forBattleAreaId:t="area2_2"
}

entity{
  _template:t="battle_area_polygon_point"
  transform:m=[[0.859014, 0.0, 0.511952] [0.0, 1.0, 0.0] [-0.511952, 0.0, 0.859014] [-384.596, -2.922, 318.449]]
  battle_area_polygon_point__id:t="point9"
  battle_area_polygon_point__nextId:t="point10"
  battle_area_polygon_point__forBattleAreaId:t="area2_2"
}

entity{
  _template:t="battle_area_polygon_point"
  transform:m=[[0.859014, 0.0, 0.511952] [0.0, 1.0, 0.0] [-0.511952, 0.0, 0.859014] [-396.139, -2.922, 260.117]]
  battle_area_polygon_point__id:t="point10"
  battle_area_polygon_point__nextId:t="point11"
  battle_area_polygon_point__forBattleAreaId:t="area2_2"
}

entity{
  _template:t="battle_area_polygon_point"
  transform:m=[[0.859014, 0.0, 0.511952] [0.0, 1.0, 0.0] [-0.511952, 0.0, 0.859014] [-303.307, -2.922, 209.417]]
  battle_area_polygon_point__id:t="point11"
  battle_area_polygon_point__nextId:t="point12"
  battle_area_polygon_point__forBattleAreaId:t="area2_2"
}

entity{
  _template:t="battle_area_polygon_point"
  transform:m=[[0.859014, 0.0, 0.511952] [0.0, 1.0, 0.0] [-0.511952, 0.0, 0.859014] [-222.553, -2.922, 186.059]]
  battle_area_polygon_point__id:t="point12"
  battle_area_polygon_point__nextId:t="point13"
  battle_area_polygon_point__forBattleAreaId:t="area2_2"
}

entity{
  _template:t="battle_area_polygon_point"
  transform:m=[[0.859014, 0.0, 0.511952] [0.0, 1.0, 0.0] [-0.511952, 0.0, 0.859014] [-168.842, -2.922, 171.079]]
  battle_area_polygon_point__id:t="point13"
  battle_area_polygon_point__nextId:t="point14"
  battle_area_polygon_point__forBattleAreaId:t="area2_2"
}

entity{
  _template:t="battle_area_polygon_point"
  transform:m=[[0.859014, 0.0, 0.511952] [0.0, 1.0, 0.0] [-0.511952, 0.0, 0.859014] [-132.611, -2.922, 222.352]]
  battle_area_polygon_point__id:t="point14"
  battle_area_polygon_point__nextId:t="point15"
  battle_area_polygon_point__forBattleAreaId:t="area2_2"
}

entity{
  _template:t="battle_area_polygon_point"
  transform:m=[[0.859014, 0.0, 0.511952] [0.0, 1.0, 0.0] [-0.511952, 0.0, 0.859014] [-112.491, -2.922, 248.235]]
  battle_area_polygon_point__id:t="point15"
  battle_area_polygon_point__nextId:t="point16"
  battle_area_polygon_point__forBattleAreaId:t="area2_2"
}

entity{
  _template:t="battle_area_polygon_point"
  transform:m=[[0.859014, 0.0, 0.511952] [0.0, 1.0, 0.0] [-0.511952, 0.0, 0.859014] [-73.5575, -2.922, 277.53]]
  battle_area_polygon_point__id:t="point16"
  battle_area_polygon_point__nextId:t="point1"
  battle_area_polygon_point__forBattleAreaId:t="area2_2"
}

entity{
  _template:t="battle_area_polygon_point"
  transform:m=[[0.859014, 0.0, 0.511952] [0.0, 1.0, 0.0] [-0.511952, 0.0, 0.859014] [146.935, -2.922, -56.2326]]
  battle_area_polygon_point__id:t="point1"
  battle_area_polygon_point__nextId:t="point2"
  battle_area_polygon_point__forBattleAreaId:t="area3_1"
}

entity{
  _template:t="battle_area_polygon_point"
  transform:m=[[0.859014, 0.0, 0.511952] [0.0, 1.0, 0.0] [-0.511952, 0.0, 0.859014] [176.815, -2.922, 5.35121]]
  battle_area_polygon_point__id:t="point2"
  battle_area_polygon_point__nextId:t="point3"
  battle_area_polygon_point__forBattleAreaId:t="area3_1"
}

entity{
  _template:t="battle_area_polygon_point"
  transform:m=[[0.859014, 0.0, 0.511952] [0.0, 1.0, 0.0] [-0.511952, 0.0, 0.859014] [211.887, -2.922, 90.4041]]
  battle_area_polygon_point__id:t="point3"
  battle_area_polygon_point__nextId:t="point4"
  battle_area_polygon_point__forBattleAreaId:t="area3_1"
}

entity{
  _template:t="battle_area_polygon_point"
  transform:m=[[0.859014, 0.0, 0.511952] [0.0, 1.0, 0.0] [-0.511952, 0.0, 0.859014] [242.506, -2.922, 187.791]]
  battle_area_polygon_point__id:t="point4"
  battle_area_polygon_point__nextId:t="point5"
  battle_area_polygon_point__forBattleAreaId:t="area3_1"
}

entity{
  _template:t="battle_area_polygon_point"
  transform:m=[[0.859014, 0.0, 0.511952] [0.0, 1.0, 0.0] [-0.511952, 0.0, 0.859014] [243.324, -2.922, 281.414]]
  battle_area_polygon_point__id:t="point5"
  battle_area_polygon_point__nextId:t="point6"
  battle_area_polygon_point__forBattleAreaId:t="area3_1"
}

entity{
  _template:t="battle_area_polygon_point"
  transform:m=[[0.859014, 0.0, 0.511952] [0.0, 1.0, 0.0] [-0.511952, 0.0, 0.859014] [94.8578, -2.922, 308.891]]
  battle_area_polygon_point__id:t="point6"
  battle_area_polygon_point__nextId:t="point7"
  battle_area_polygon_point__forBattleAreaId:t="area3_1"
}

entity{
  _template:t="battle_area_polygon_point"
  transform:m=[[0.859014, 0.0, 0.511952] [0.0, 1.0, 0.0] [-0.511952, 0.0, 0.859014] [-22.5002, -2.922, 305.307]]
  battle_area_polygon_point__id:t="point7"
  battle_area_polygon_point__nextId:t="point8"
  battle_area_polygon_point__forBattleAreaId:t="area3_1"
}

entity{
  _template:t="battle_area_polygon_point"
  transform:m=[[0.859014, 0.0, 0.511952] [0.0, 1.0, 0.0] [-0.511952, 0.0, 0.859014] [-73.5592, -2.922, 277.535]]
  battle_area_polygon_point__id:t="point8"
  battle_area_polygon_point__nextId:t="point9"
  battle_area_polygon_point__forBattleAreaId:t="area3_1"
}

entity{
  _template:t="battle_area_polygon_point"
  transform:m=[[0.859014, 0.0, 0.511952] [0.0, 1.0, 0.0] [-0.511952, 0.0, 0.859014] [-99.6722, -2.922, 246.966]]
  battle_area_polygon_point__id:t="point9"
  battle_area_polygon_point__nextId:t="point10"
  battle_area_polygon_point__forBattleAreaId:t="area3_1"
}

entity{
  _template:t="battle_area_polygon_point"
  transform:m=[[0.859014, 0.0, 0.511952] [0.0, 1.0, 0.0] [-0.511952, 0.0, 0.859014] [-125.323, -2.922, 203.589]]
  battle_area_polygon_point__id:t="point10"
  battle_area_polygon_point__nextId:t="point11"
  battle_area_polygon_point__forBattleAreaId:t="area3_1"
}

entity{
  _template:t="battle_area_polygon_point"
  transform:m=[[0.859014, 0.0, 0.511952] [0.0, 1.0, 0.0] [-0.511952, 0.0, 0.859014] [-167.151, -2.922, 117.806]]
  battle_area_polygon_point__id:t="point11"
  battle_area_polygon_point__nextId:t="point12"
  battle_area_polygon_point__forBattleAreaId:t="area3_1"
}

entity{
  _template:t="battle_area_polygon_point"
  transform:m=[[0.859014, 0.0, 0.511952] [0.0, 1.0, 0.0] [-0.511952, 0.0, 0.859014] [-174.559, -2.922, 37.6838]]
  battle_area_polygon_point__id:t="point12"
  battle_area_polygon_point__nextId:t="point13"
  battle_area_polygon_point__forBattleAreaId:t="area3_1"
}

entity{
  _template:t="battle_area_polygon_point"
  transform:m=[[0.859014, 0.0, 0.511952] [0.0, 1.0, 0.0] [-0.511952, 0.0, 0.859014] [-38.7116, -2.922, -15.9918]]
  battle_area_polygon_point__id:t="point13"
  battle_area_polygon_point__nextId:t="point1"
  battle_area_polygon_point__forBattleAreaId:t="area3_1"
}

entity{
  _template:t="battle_area_polygon_point"
  transform:m=[[0.859014, 0.0, 0.511952] [0.0, 1.0, 0.0] [-0.511952, 0.0, 0.859014] [-32.3891, -2.922, 118.283]]
  battle_area_polygon_point__id:t="point1"
  battle_area_polygon_point__nextId:t="point2"
  battle_area_polygon_point__forBattleAreaId:t="area3_2"
}

entity{
  _template:t="battle_area_polygon_point"
  transform:m=[[0.859014, 0.0, 0.511952] [0.0, 1.0, 0.0] [-0.511952, 0.0, 0.859014] [-1.24098, -2.922, 198.846]]
  battle_area_polygon_point__id:t="point2"
  battle_area_polygon_point__nextId:t="point3"
  battle_area_polygon_point__forBattleAreaId:t="area3_2"
}

entity{
  _template:t="battle_area_polygon_point"
  transform:m=[[0.859014, 0.0, 0.511952] [0.0, 1.0, 0.0] [-0.511952, 0.0, 0.859014] [46.6276, -2.922, 339.436]]
  battle_area_polygon_point__id:t="point3"
  battle_area_polygon_point__nextId:t="point4"
  battle_area_polygon_point__forBattleAreaId:t="area3_2"
}

entity{
  _template:t="battle_area_polygon_point"
  transform:m=[[0.859014, 0.0, 0.511952] [0.0, 1.0, 0.0] [-0.511952, 0.0, 0.859014] [-83.2742, -2.922, 419.427]]
  battle_area_polygon_point__id:t="point4"
  battle_area_polygon_point__nextId:t="point5"
  battle_area_polygon_point__forBattleAreaId:t="area3_2"
}

entity{
  _template:t="battle_area_polygon_point"
  transform:m=[[0.859014, 0.0, 0.511952] [0.0, 1.0, 0.0] [-0.511952, 0.0, 0.859014] [-173.88, -2.922, 441.646]]
  battle_area_polygon_point__id:t="point5"
  battle_area_polygon_point__nextId:t="point6"
  battle_area_polygon_point__forBattleAreaId:t="area3_2"
}

entity{
  _template:t="battle_area_polygon_point"
  transform:m=[[0.859014, 0.0, 0.511952] [0.0, 1.0, 0.0] [-0.511952, 0.0, 0.859014] [-263.463, -2.922, 435.095]]
  battle_area_polygon_point__id:t="point6"
  battle_area_polygon_point__nextId:t="point7"
  battle_area_polygon_point__forBattleAreaId:t="area3_2"
}

entity{
  _template:t="battle_area_polygon_point"
  transform:m=[[0.859014, 0.0, 0.511952] [0.0, 1.0, 0.0] [-0.511952, 0.0, 0.859014] [-388.546, -2.922, 386.849]]
  battle_area_polygon_point__id:t="point7"
  battle_area_polygon_point__nextId:t="point8"
  battle_area_polygon_point__forBattleAreaId:t="area3_2"
}

entity{
  _template:t="battle_area_polygon_point"
  transform:m=[[0.859014, 0.0, 0.511952] [0.0, 1.0, 0.0] [-0.511952, 0.0, 0.859014] [-384.615, -2.922, 318.433]]
  battle_area_polygon_point__id:t="point8"
  battle_area_polygon_point__nextId:t="point9"
  battle_area_polygon_point__forBattleAreaId:t="area3_2"
}

entity{
  _template:t="battle_area_polygon_point"
  transform:m=[[0.859014, 0.0, 0.511952] [0.0, 1.0, 0.0] [-0.511952, 0.0, 0.859014] [-433.425, -2.922, 154.558]]
  battle_area_polygon_point__id:t="point9"
  battle_area_polygon_point__nextId:t="point10"
  battle_area_polygon_point__forBattleAreaId:t="area3_2"
}

entity{
  _template:t="battle_area_polygon_point"
  transform:m=[[0.859014, 0.0, 0.511952] [0.0, 1.0, 0.0] [-0.511952, 0.0, 0.859014] [-265.549, -2.922, 66.736]]
  battle_area_polygon_point__id:t="point10"
  battle_area_polygon_point__nextId:t="point11"
  battle_area_polygon_point__forBattleAreaId:t="area3_2"
}

entity{
  _template:t="battle_area_polygon_point"
  transform:m=[[0.859014, 0.0, 0.511952] [0.0, 1.0, 0.0] [-0.511952, 0.0, 0.859014] [-174.555, -2.922, 37.6801]]
  battle_area_polygon_point__id:t="point11"
  battle_area_polygon_point__nextId:t="point12"
  battle_area_polygon_point__forBattleAreaId:t="area3_2"
}

entity{
  _template:t="battle_area_polygon_point"
  transform:m=[[0.859014, 0.0, 0.511952] [0.0, 1.0, 0.0] [-0.511952, 0.0, 0.859014] [-95.9528, -2.922, 3.46043]]
  battle_area_polygon_point__id:t="point12"
  battle_area_polygon_point__nextId:t="point1"
  battle_area_polygon_point__forBattleAreaId:t="area3_2"
}

entity{
  _template:t="battle_area_polygon_point"
  transform:m=[[0.859014, 0.0, 0.511952] [0.0, 1.0, 0.0] [-0.511952, 0.0, 0.859014] [92.9209, -2.922, 111.522]]
  battle_area_polygon_point__id:t="point1"
  battle_area_polygon_point__nextId:t="point2"
  battle_area_polygon_point__forBattleAreaId:t="area4_2"
}

entity{
  _template:t="battle_area_polygon_point"
  transform:m=[[0.859014, 0.0, 0.511952] [0.0, 1.0, 0.0] [-0.511952, 0.0, 0.859014] [94.7747, -2.922, 164.634]]
  battle_area_polygon_point__id:t="point2"
  battle_area_polygon_point__nextId:t="point3"
  battle_area_polygon_point__forBattleAreaId:t="area4_2"
}

entity{
  _template:t="battle_area_polygon_point"
  transform:m=[[0.859014, 0.0, 0.511952] [0.0, 1.0, 0.0] [-0.511952, 0.0, 0.859014] [75.0194, -2.922, 225.343]]
  battle_area_polygon_point__id:t="point3"
  battle_area_polygon_point__nextId:t="point4"
  battle_area_polygon_point__forBattleAreaId:t="area4_2"
}

entity{
  _template:t="battle_area_polygon_point"
  transform:m=[[0.859014, 0.0, 0.511952] [0.0, 1.0, 0.0] [-0.511952, 0.0, 0.859014] [97.1839, -2.922, 309.624]]
  battle_area_polygon_point__id:t="point4"
  battle_area_polygon_point__nextId:t="point5"
  battle_area_polygon_point__forBattleAreaId:t="area4_2"
}

entity{
  _template:t="battle_area_polygon_point"
  transform:m=[[0.859014, 0.0, 0.511952] [0.0, 1.0, 0.0] [-0.511952, 0.0, 0.859014] [-83.2387, -2.922, 419.445]]
  battle_area_polygon_point__id:t="point5"
  battle_area_polygon_point__nextId:t="point6"
  battle_area_polygon_point__forBattleAreaId:t="area4_2"
}

entity{
  _template:t="battle_area_polygon_point"
  transform:m=[[0.859014, 0.0, 0.511952] [0.0, 1.0, 0.0] [-0.511952, 0.0, 0.859014] [-173.777, -2.922, 441.625]]
  battle_area_polygon_point__id:t="point6"
  battle_area_polygon_point__nextId:t="point7"
  battle_area_polygon_point__forBattleAreaId:t="area4_2"
}

entity{
  _template:t="battle_area_polygon_point"
  transform:m=[[0.859014, 0.0, 0.511952] [0.0, 1.0, 0.0] [-0.511952, 0.0, 0.859014] [-263.439, -2.922, 435.085]]
  battle_area_polygon_point__id:t="point7"
  battle_area_polygon_point__nextId:t="point8"
  battle_area_polygon_point__forBattleAreaId:t="area4_2"
}

entity{
  _template:t="battle_area_polygon_point"
  transform:m=[[0.859014, 0.0, 0.511952] [0.0, 1.0, 0.0] [-0.511952, 0.0, 0.859014] [-293.538, -2.922, 268.275]]
  battle_area_polygon_point__id:t="point8"
  battle_area_polygon_point__nextId:t="point9"
  battle_area_polygon_point__forBattleAreaId:t="area4_2"
}

entity{
  _template:t="battle_area_polygon_point"
  transform:m=[[0.859014, 0.0, 0.511952] [0.0, 1.0, 0.0] [-0.511952, 0.0, 0.859014] [-358.899, -2.922, 121.03]]
  battle_area_polygon_point__id:t="point9"
  battle_area_polygon_point__nextId:t="point10"
  battle_area_polygon_point__forBattleAreaId:t="area4_2"
}

entity{
  _template:t="battle_area_polygon_point"
  transform:m=[[0.859014, 0.0, 0.511952] [0.0, 1.0, 0.0] [-0.511952, 0.0, 0.859014] [-174.555, -2.922, 37.6801]]
  battle_area_polygon_point__id:t="point10"
  battle_area_polygon_point__nextId:t="point11"
  battle_area_polygon_point__forBattleAreaId:t="area4_2"
}

entity{
  _template:t="battle_area_polygon_point"
  transform:m=[[0.859014, 0.0, 0.511952] [0.0, 1.0, 0.0] [-0.511952, 0.0, 0.859014] [-95.8077, -2.922, 3.42387]]
  battle_area_polygon_point__id:t="point11"
  battle_area_polygon_point__nextId:t="point12"
  battle_area_polygon_point__forBattleAreaId:t="area4_2"
}

entity{
  _template:t="battle_area_polygon_point"
  transform:m=[[0.859014, 0.0, 0.511952] [0.0, 1.0, 0.0] [-0.511952, 0.0, 0.859014] [-2.82665, -2.922, -31.2484]]
  battle_area_polygon_point__id:t="point12"
  battle_area_polygon_point__nextId:t="point1"
  battle_area_polygon_point__forBattleAreaId:t="area4_2"
}

entity{
  _template:t="battle_area_polygon_point"
  transform:m=[[0.859014, 0.0, 0.511952] [0.0, 1.0, 0.0] [-0.511952, 0.0, 0.859014] [146.966, -2.922, -56.2228]]
  battle_area_polygon_point__id:t="point1"
  battle_area_polygon_point__nextId:t="point2"
  battle_area_polygon_point__forBattleAreaId:t="area4_1"
}

entity{
  _template:t="battle_area_polygon_point"
  transform:m=[[0.859014, 0.0, 0.511952] [0.0, 1.0, 0.0] [-0.511952, 0.0, 0.859014] [275.792, -2.922, -65.9447]]
  battle_area_polygon_point__id:t="point2"
  battle_area_polygon_point__nextId:t="point3"
  battle_area_polygon_point__forBattleAreaId:t="area4_1"
}

entity{
  _template:t="battle_area_polygon_point"
  transform:m=[[0.859014, 0.0, 0.511952] [0.0, 1.0, 0.0] [-0.511952, 0.0, 0.859014] [307.377, -2.922, 21.644]]
  battle_area_polygon_point__id:t="point3"
  battle_area_polygon_point__nextId:t="point4"
  battle_area_polygon_point__forBattleAreaId:t="area4_1"
}

entity{
  _template:t="battle_area_polygon_point"
  transform:m=[[0.859014, 0.0, 0.511952] [0.0, 1.0, 0.0] [-0.511952, 0.0, 0.859014] [325.712, -2.922, 114.958]]
  battle_area_polygon_point__id:t="point4"
  battle_area_polygon_point__nextId:t="point5"
  battle_area_polygon_point__forBattleAreaId:t="area4_1"
}

entity{
  _template:t="battle_area_polygon_point"
  transform:m=[[0.859014, 0.0, 0.511952] [0.0, 1.0, 0.0] [-0.511952, 0.0, 0.859014] [334.112, -2.922, 282.941]]
  battle_area_polygon_point__id:t="point5"
  battle_area_polygon_point__nextId:t="point6"
  battle_area_polygon_point__forBattleAreaId:t="area4_1"
}

entity{
  _template:t="battle_area_polygon_point"
  transform:m=[[0.859014, 0.0, 0.511952] [0.0, 1.0, 0.0] [-0.511952, 0.0, 0.859014] [243.285, -2.922, 281.441]]
  battle_area_polygon_point__id:t="point6"
  battle_area_polygon_point__nextId:t="point7"
  battle_area_polygon_point__forBattleAreaId:t="area4_1"
}

entity{
  _template:t="battle_area_polygon_point"
  transform:m=[[0.859014, 0.0, 0.511952] [0.0, 1.0, 0.0] [-0.511952, 0.0, 0.859014] [95.5412, -2.922, 308.947]]
  battle_area_polygon_point__id:t="point7"
  battle_area_polygon_point__nextId:t="point8"
  battle_area_polygon_point__forBattleAreaId:t="area4_1"
}

entity{
  _template:t="battle_area_polygon_point"
  transform:m=[[0.859014, 0.0, 0.511952] [0.0, 1.0, 0.0] [-0.511952, 0.0, 0.859014] [42.3555, -2.922, 260.585]]
  battle_area_polygon_point__id:t="point8"
  battle_area_polygon_point__nextId:t="point9"
  battle_area_polygon_point__forBattleAreaId:t="area4_1"
}

entity{
  _template:t="battle_area_polygon_point"
  transform:m=[[0.859014, 0.0, 0.511952] [0.0, 1.0, 0.0] [-0.511952, 0.0, 0.859014] [-1.94243, -2.922, 210.03]]
  battle_area_polygon_point__id:t="point9"
  battle_area_polygon_point__nextId:t="point10"
  battle_area_polygon_point__forBattleAreaId:t="area4_1"
}

entity{
  _template:t="battle_area_polygon_point"
  transform:m=[[0.859014, 0.0, 0.511952] [0.0, 1.0, 0.0] [-0.511952, 0.0, 0.859014] [-39.0825, -2.922, 127.12]]
  battle_area_polygon_point__id:t="point10"
  battle_area_polygon_point__nextId:t="point11"
  battle_area_polygon_point__forBattleAreaId:t="area4_1"
}

entity{
  _template:t="battle_area_polygon_point"
  transform:m=[[0.859014, 0.0, 0.511952] [0.0, 1.0, 0.0] [-0.511952, 0.0, 0.859014] [-48.1698, -2.922, 51.2019]]
  battle_area_polygon_point__id:t="point11"
  battle_area_polygon_point__nextId:t="point12"
  battle_area_polygon_point__forBattleAreaId:t="area4_1"
}

entity{
  _template:t="battle_area_polygon_point"
  transform:m=[[0.859014, 0.0, 0.511952] [0.0, 1.0, 0.0] [-0.511952, 0.0, 0.859014] [-38.6868, -2.922, -16.0172]]
  battle_area_polygon_point__id:t="point12"
  battle_area_polygon_point__nextId:t="point1"
  battle_area_polygon_point__forBattleAreaId:t="area4_1"
}

entity{
  _template:t="battle_area_polygon_point"
  transform:m=[[0.859014, 0.0, 0.511952] [0.0, 1.0, 0.0] [-0.511952, 0.0, 0.859014] [165.304, -2.922, 110.332]]
  battle_area_polygon_point__id:t="point1"
  battle_area_polygon_point__nextId:t="point2"
  battle_area_polygon_point__forBattleAreaId:t="area4_b_2"
}

entity{
  _template:t="battle_area_polygon_point"
  transform:m=[[0.859014, 0.0, 0.511952] [0.0, 1.0, 0.0] [-0.511952, 0.0, 0.859014] [167.363, -2.922, 179.549]]
  battle_area_polygon_point__id:t="point2"
  battle_area_polygon_point__nextId:t="point3"
  battle_area_polygon_point__forBattleAreaId:t="area4_b_2"
}

entity{
  _template:t="battle_area_polygon_point"
  transform:m=[[0.859014, 0.0, 0.511952] [0.0, 1.0, 0.0] [-0.511952, 0.0, 0.859014] [144.082, -2.922, 289.98]]
  battle_area_polygon_point__id:t="point3"
  battle_area_polygon_point__nextId:t="point4"
  battle_area_polygon_point__forBattleAreaId:t="area4_b_2"
}

entity{
  _template:t="battle_area_polygon_point"
  transform:m=[[0.859014, 0.0, 0.511952] [0.0, 1.0, 0.0] [-0.511952, 0.0, 0.859014] [95.9491, -2.922, 309.075]]
  battle_area_polygon_point__id:t="point4"
  battle_area_polygon_point__nextId:t="point5"
  battle_area_polygon_point__forBattleAreaId:t="area4_b_2"
}

entity{
  _template:t="battle_area_polygon_point"
  transform:m=[[0.859014, 0.0, 0.511952] [0.0, 1.0, 0.0] [-0.511952, 0.0, 0.859014] [-79.2873, -2.922, 416.035]]
  battle_area_polygon_point__id:t="point5"
  battle_area_polygon_point__nextId:t="point6"
  battle_area_polygon_point__forBattleAreaId:t="area4_b_2"
}

entity{
  _template:t="battle_area_polygon_point"
  transform:m=[[0.859014, 0.0, 0.511952] [0.0, 1.0, 0.0] [-0.511952, 0.0, 0.859014] [-161.85, -2.92208, 265.264]]
  battle_area_polygon_point__id:t="point6"
  battle_area_polygon_point__nextId:t="point7"
  battle_area_polygon_point__forBattleAreaId:t="area4_b_2"
}

entity{
  _template:t="battle_area_polygon_point"
  transform:m=[[0.859014, 0.0, 0.511952] [0.0, 1.0, 0.0] [-0.511952, 0.0, 0.859014] [-256.84, -2.922, 74.8192]]
  battle_area_polygon_point__id:t="point7"
  battle_area_polygon_point__nextId:t="point8"
  battle_area_polygon_point__forBattleAreaId:t="area4_b_2"
}

entity{
  _template:t="battle_area_polygon_point"
  transform:m=[[0.859014, 0.0, 0.511952] [0.0, 1.0, 0.0] [-0.511952, 0.0, 0.859014] [-174.639, -2.922, 37.683]]
  battle_area_polygon_point__id:t="point8"
  battle_area_polygon_point__nextId:t="point9"
  battle_area_polygon_point__forBattleAreaId:t="area4_b_2"
}

entity{
  _template:t="battle_area_polygon_point"
  transform:m=[[0.859014, 0.0, 0.511952] [0.0, 1.0, 0.0] [-0.511952, 0.0, 0.859014] [-95.8974, -2.922, 3.41652]]
  battle_area_polygon_point__id:t="point9"
  battle_area_polygon_point__nextId:t="point10"
  battle_area_polygon_point__forBattleAreaId:t="area4_b_2"
}

entity{
  _template:t="battle_area_polygon_point"
  transform:m=[[0.859014, 0.0, 0.511952] [0.0, 1.0, 0.0] [-0.511952, 0.0, 0.859014] [-2.83502, -2.922, -31.2276]]
  battle_area_polygon_point__id:t="point10"
  battle_area_polygon_point__nextId:t="point11"
  battle_area_polygon_point__forBattleAreaId:t="area4_b_2"
}

entity{
  _template:t="battle_area_polygon_point"
  transform:m=[[0.859014, 0.0, 0.511952] [0.0, 1.0, 0.0] [-0.511952, 0.0, 0.859014] [88.8101, -2.922, -45.8476]]
  battle_area_polygon_point__id:t="point11"
  battle_area_polygon_point__nextId:t="point1"
  battle_area_polygon_point__forBattleAreaId:t="area4_b_2"
}

entity{
  _template:t="battle_area_polygon_point"
  transform:m=[[0.859014, 0.0, 0.511952] [0.0, 1.0, 0.0] [-0.511952, 0.0, 0.859014] [147.132, -2.922, -55.6962]]
  battle_area_polygon_point__id:t="point1"
  battle_area_polygon_point__nextId:t="point2"
  battle_area_polygon_point__forBattleAreaId:t="area4_b_1"
}

entity{
  _template:t="battle_area_polygon_point"
  transform:m=[[0.859014, 0.0, 0.511952] [0.0, 1.0, 0.0] [-0.511952, 0.0, 0.859014] [327.063, -2.922, -68.3259]]
  battle_area_polygon_point__id:t="point2"
  battle_area_polygon_point__nextId:t="point3"
  battle_area_polygon_point__forBattleAreaId:t="area4_b_1"
}

entity{
  _template:t="battle_area_polygon_point"
  transform:m=[[0.859014, 0.0, 0.511952] [0.0, 1.0, 0.0] [-0.511952, 0.0, 0.859014] [351.356, -2.922, 8.59945]]
  battle_area_polygon_point__id:t="point3"
  battle_area_polygon_point__nextId:t="point4"
  battle_area_polygon_point__forBattleAreaId:t="area4_b_1"
}

entity{
  _template:t="battle_area_polygon_point"
  transform:m=[[0.859014, 0.0, 0.511952] [0.0, 1.0, 0.0] [-0.511952, 0.0, 0.859014] [372.913, -2.922, 147.855]]
  battle_area_polygon_point__id:t="point4"
  battle_area_polygon_point__nextId:t="point5"
  battle_area_polygon_point__forBattleAreaId:t="area4_b_1"
}

entity{
  _template:t="battle_area_polygon_point"
  transform:m=[[0.859014, 0.0, 0.511952] [0.0, 1.0, 0.0] [-0.511952, 0.0, 0.859014] [375.268, -1.65993, 283.468]]
  battle_area_polygon_point__id:t="point5"
  battle_area_polygon_point__nextId:t="point6"
  battle_area_polygon_point__forBattleAreaId:t="area4_b_1"
}

entity{
  _template:t="battle_area_polygon_point"
  transform:m=[[0.859014, 0.0, 0.511952] [0.0, 1.0, 0.0] [-0.511952, 0.0, 0.859014] [243.305, -2.922, 281.37]]
  battle_area_polygon_point__id:t="point6"
  battle_area_polygon_point__nextId:t="point7"
  battle_area_polygon_point__forBattleAreaId:t="area4_b_1"
}

entity{
  _template:t="battle_area_polygon_point"
  transform:m=[[0.859014, 0.0, 0.511952] [0.0, 1.0, 0.0] [-0.511952, 0.0, 0.859014] [95.9731, -2.922, 309.603]]
  battle_area_polygon_point__id:t="point7"
  battle_area_polygon_point__nextId:t="point8"
  battle_area_polygon_point__forBattleAreaId:t="area4_b_1"
}

entity{
  _template:t="battle_area_polygon_point"
  transform:m=[[0.859014, 0.0, 0.511952] [0.0, 1.0, 0.0] [-0.511952, 0.0, 0.859014] [54.0327, -2.922, 240.463]]
  battle_area_polygon_point__id:t="point8"
  battle_area_polygon_point__nextId:t="point9"
  battle_area_polygon_point__forBattleAreaId:t="area4_b_1"
}

entity{
  _template:t="battle_area_polygon_point"
  transform:m=[[0.859014, 0.0, 0.511952] [0.0, 1.0, 0.0] [-0.511952, 0.0, 0.859014] [45.2013, -2.922, 171.88]]
  battle_area_polygon_point__id:t="point9"
  battle_area_polygon_point__nextId:t="point10"
  battle_area_polygon_point__forBattleAreaId:t="area4_b_1"
}

entity{
  _template:t="battle_area_polygon_point"
  transform:m=[[0.859014, 0.0, 0.511952] [0.0, 1.0, 0.0] [-0.511952, 0.0, 0.859014] [45.4014, -2.922, 118.409]]
  battle_area_polygon_point__id:t="point10"
  battle_area_polygon_point__nextId:t="point11"
  battle_area_polygon_point__forBattleAreaId:t="area4_b_1"
}

entity{
  _template:t="battle_area_polygon_point"
  transform:m=[[0.859014, 0.0, 0.511952] [0.0, 1.0, 0.0] [-0.511952, 0.0, 0.859014] [42.035, -2.922, 46.9268]]
  battle_area_polygon_point__id:t="point11"
  battle_area_polygon_point__nextId:t="point12"
