import{
  scene:t="content/enlisted/gamedata/scenes/_volokolamsk_sounds.blk"
  scene:t="content/enlisted/gamedata/scenes/_volokolamsk_winter_biome_fx.blk"
  scene:t="content/enlisted/gamedata/scenes/_volokolamsk_winter_monastery_fx.blk"
}

entity{
  _template:t="battle_area_polygon_point"
  transform:m=[[1.0, 0.0, 0.0] [0.0, 1.0, 0.0] [0.0, 0.0, 1.0] [37.3037, 3.98584, 147.992]]
  battle_area_polygon_point__forBattleAreaId:t="area1"
  battle_area_polygon_point__id:t="point1"
  battle_area_polygon_point__nextId:t="point2"
}

entity{
  _template:t="battle_area_polygon_point"
  transform:m=[[1.0, 0.0, 0.0] [0.0, 1.0, 0.0] [0.0, 0.0, 1.0] [-97.2715, 3.98584, 207.554]]
  battle_area_polygon_point__forBattleAreaId:t="area1"
  battle_area_polygon_point__id:t="point2"
  battle_area_polygon_point__nextId:t="point3"
}

entity{
  _template:t="battle_area_polygon_point"
  transform:m=[[1.0, 0.0, 0.0] [0.0, 1.0, 0.0] [0.0, 0.0, 1.0] [-156.467, 3.98584, 236.521]]
  battle_area_polygon_point__forBattleAreaId:t="area1"
  battle_area_polygon_point__id:t="point3"
  battle_area_polygon_point__nextId:t="point4"
}

entity{
  _template:t="battle_area_polygon_point"
  transform:m=[[1.0, 0.0, 0.0] [0.0, 1.0, 0.0] [0.0, 0.0, 1.0] [-212.446, 3.98584, 274.179]]
  battle_area_polygon_point__forBattleAreaId:t="area1"
  battle_area_polygon_point__id:t="point4"
  battle_area_polygon_point__nextId:t="point5"
}

entity{
  _template:t="battle_area_polygon_point"
  transform:m=[[1.0, 0.0, 0.0] [0.0, 1.0, 0.0] [0.0, 0.0, 1.0] [-226.507, 3.98584, 278.757]]
  battle_area_polygon_point__forBattleAreaId:t="area1"
  battle_area_polygon_point__id:t="point5"
  battle_area_polygon_point__nextId:t="point6"
}

entity{
  _template:t="battle_area_polygon_point"
  transform:m=[[1.0, 0.0, 0.0] [0.0, 1.0, 0.0] [0.0, 0.0, 1.0] [-241.695, 3.98584, 277.759]]
  battle_area_polygon_point__forBattleAreaId:t="area1"
  battle_area_polygon_point__id:t="point6"
  battle_area_polygon_point__nextId:t="point7"
}

entity{
  _template:t="battle_area_polygon_point"
  transform:m=[[1.0, 0.0, 0.0] [0.0, 1.0, 0.0] [0.0, 0.0, 1.0] [-255.649, 3.98584, 273.022]]
  battle_area_polygon_point__forBattleAreaId:t="area1"
  battle_area_polygon_point__id:t="point7"
  battle_area_polygon_point__nextId:t="point8"
}

entity{
  _template:t="battle_area_polygon_point"
  transform:m=[[1.0, 0.0, 0.0] [0.0, 1.0, 0.0] [0.0, 0.0, 1.0] [-283.568, 3.98584, 279.769]]
  battle_area_polygon_point__forBattleAreaId:t="area1"
  battle_area_polygon_point__id:t="point8"
  battle_area_polygon_point__nextId:t="point9"
}

entity{
  _template:t="battle_area_polygon_point"
  transform:m=[[1.0, 0.0, 0.0] [0.0, 1.0, 0.0] [0.0, 0.0, 1.0] [-309.598, 3.98584, 260.958]]
  battle_area_polygon_point__forBattleAreaId:t="area1"
  battle_area_polygon_point__id:t="point9"
  battle_area_polygon_point__nextId:t="point10"
}

entity{
  _template:t="battle_area_polygon_point"
  transform:m=[[1.0, 0.0, 0.0] [0.0, 1.0, 0.0] [0.0, 0.0, 1.0] [-381.162, 3.98584, 191.887]]
  battle_area_polygon_point__forBattleAreaId:t="area1"
  battle_area_polygon_point__id:t="point10"
  battle_area_polygon_point__nextId:t="point11"
}

entity{
  _template:t="battle_area_polygon_point"
  transform:m=[[1.0, 0.0, 0.0] [0.0, 1.0, 0.0] [0.0, 0.0, 1.0] [-428.867, 3.98584, 80.2256]]
  battle_area_polygon_point__forBattleAreaId:t="area1"
  battle_area_polygon_point__id:t="point11"
  battle_area_polygon_point__nextId:t="point12"
}

entity{
  _template:t="battle_area_polygon_point"
  transform:m=[[1.0, 0.0, 0.0] [0.0, 1.0, 0.0] [0.0, 0.0, 1.0] [-431.454, 3.98584, 28.5643]]
  battle_area_polygon_point__forBattleAreaId:t="area1"
  battle_area_polygon_point__id:t="point12"
  battle_area_polygon_point__nextId:t="point13"
}

entity{
  _template:t="battle_area_polygon_point"
  transform:m=[[0.919702, 0.0, -0.392616] [0.0, 1.0, 0.0] [0.392616, -0.0, 0.919702] [-456.848, 3.98584, -59.5737]]
  battle_area_polygon_point__forBattleAreaId:t="area1"
  battle_area_polygon_point__id:t="point13"
  battle_area_polygon_point__nextId:t="point14"
}

entity{
  _template:t="battle_area_polygon_point"
  transform:m=[[0.919702, 0.0, -0.392616] [0.0, 1.0, 0.0] [0.392616, -0.0, 0.919702] [-301.368, 3.98584, -127.779]]
  battle_area_polygon_point__forBattleAreaId:t="area1"
  battle_area_polygon_point__id:t="point14"
  battle_area_polygon_point__nextId:t="point15"
}

entity{
  _template:t="battle_area_polygon_point"
  transform:m=[[0.919702, 0.0, -0.392616] [0.0, 1.0, 0.0] [0.392616, -0.0, 0.919702] [-285.624, 3.98584, -126.538]]
  battle_area_polygon_point__forBattleAreaId:t="area1"
  battle_area_polygon_point__id:t="point15"
  battle_area_polygon_point__nextId:t="point16"
}

entity{
  _template:t="battle_area_polygon_point"
  transform:m=[[0.919702, 0.0, -0.392616] [0.0, 1.0, 0.0] [0.392616, -0.0, 0.919702] [-206.582, 3.98584, -159.939]]
  battle_area_polygon_point__forBattleAreaId:t="area1"
  battle_area_polygon_point__id:t="point16"
  battle_area_polygon_point__nextId:t="point17"
}

entity{
  _template:t="battle_area_polygon_point"
  transform:m=[[0.919702, 0.0, -0.392616] [0.0, 1.0, 0.0] [0.392616, -0.0, 0.919702] [-163.695, 3.98584, -175.317]]
  battle_area_polygon_point__forBattleAreaId:t="area1"
  battle_area_polygon_point__id:t="point17"
  battle_area_polygon_point__nextId:t="point18"
}

entity{
  _template:t="battle_area_polygon_point"
  transform:m=[[0.919702, 0.0, -0.392616] [0.0, 1.0, 0.0] [0.392616, -0.0, 0.919702] [-107.15, 3.98584, -192.045]]
  battle_area_polygon_point__forBattleAreaId:t="area1"
  battle_area_polygon_point__id:t="point18"
  battle_area_polygon_point__nextId:t="point19"
}

entity{
  _template:t="battle_area_polygon_point"
  transform:m=[[0.919702, 0.0, -0.392616] [0.0, 1.0, 0.0] [0.392616, -0.0, 0.919702] [-70.9472, 3.98584, -223.088]]
  battle_area_polygon_point__forBattleAreaId:t="area1"
  battle_area_polygon_point__id:t="point19"
  battle_area_polygon_point__nextId:t="point20"
}

entity{
  _template:t="battle_area_polygon_point"
  transform:m=[[0.919702, 0.0, -0.392616] [0.0, 1.0, 0.0] [0.392616, -0.0, 0.919702] [37.9029, 3.98584, -269.474]]
  battle_area_polygon_point__forBattleAreaId:t="area1"
  battle_area_polygon_point__id:t="point20"
  battle_area_polygon_point__nextId:t="point21"
}

entity{
  _template:t="battle_area_polygon_point"
  transform:m=[[0.919702, 0.0, -0.392616] [0.0, 1.0, 0.0] [0.392616, -0.0, 0.919702] [49.8053, 3.98584, -235.117]]
  battle_area_polygon_point__forBattleAreaId:t="area1"
  battle_area_polygon_point__id:t="point21"
  battle_area_polygon_point__nextId:t="point22"
}

entity{
  _template:t="battle_area_polygon_point"
  transform:m=[[0.919702, 0.0, -0.392616] [0.0, 1.0, 0.0] [0.392616, -0.0, 0.919702] [177.286, 3.98584, 63.5056]]
  battle_area_polygon_point__forBattleAreaId:t="area1"
  battle_area_polygon_point__id:t="point22"
  battle_area_polygon_point__nextId:t="point23"
}

entity{
  _template:t="battle_area_polygon_point"
  transform:m=[[0.919702, 0.0, -0.392616] [0.0, 1.0, 0.0] [0.392616, -0.0, 0.919702] [169.409, 3.98584, 88.9622]]
  battle_area_polygon_point__forBattleAreaId:t="area1"
  battle_area_polygon_point__id:t="point23"
  battle_area_polygon_point__nextId:t="point24"
}

entity{
  _template:t="battle_area_polygon_point"
  transform:m=[[0.919702, 0.0, -0.392616] [0.0, 1.0, 0.0] [0.392616, -0.0, 0.919702] [169.263, 3.98584, 107.535]]
  battle_area_polygon_point__forBattleAreaId:t="area1"
  battle_area_polygon_point__id:t="point24"
  battle_area_polygon_point__nextId:t="point25"
}

entity{
  _template:t="battle_area_polygon_point"
  transform:m=[[0.919702, 0.0, -0.392616] [0.0, 1.0, 0.0] [0.392616, -0.0, 0.919702] [136.577, 3.98584, 121.734]]
  battle_area_polygon_point__forBattleAreaId:t="area1"
  battle_area_polygon_point__id:t="point25"
  battle_area_polygon_point__nextId:t="point26"
}

entity{
  _template:t="battle_area_polygon_point"
  transform:m=[[0.919702, 0.0, -0.392616] [0.0, 1.0, 0.0] [0.392616, -0.0, 0.919702] [126.799, 3.98584, 147.23]]
  battle_area_polygon_point__forBattleAreaId:t="area1"
  battle_area_polygon_point__id:t="point26"
  battle_area_polygon_point__nextId:t="point27"
}

entity{
  _template:t="battle_area_polygon_point"
  transform:m=[[0.919702, 0.0, -0.392616] [0.0, 1.0, 0.0] [0.392616, -0.0, 0.919702] [70.6518, 3.98584, 143.433]]
  battle_area_polygon_point__forBattleAreaId:t="area1"
  battle_area_polygon_point__id:t="point27"
  battle_area_polygon_point__nextId:t="point1"
}

entity{
  _template:t="battle_area_polygon_point"
  transform:m=[[1.0, 0.0, 0.0] [0.0, 1.0, 0.0] [0.0, 0.0, 1.0] [-352.903, 4.16557, -372.048]]
  battle_area_polygon_point__forBattleAreaId:t="area2"
  battle_area_polygon_point__id:t="point1"
  battle_area_polygon_point__nextId:t="point2"
}

entity{
  _template:t="battle_area_polygon_point"
  transform:m=[[1.0, 0.0, 0.0] [0.0, 1.0, 0.0] [0.0, 0.0, 1.0] [-306.211, 4.16557, -427.757]]
  battle_area_polygon_point__forBattleAreaId:t="area2"
  battle_area_polygon_point__id:t="point2"
  battle_area_polygon_point__nextId:t="point3"
}

entity{
  _template:t="battle_area_polygon_point"
  transform:m=[[1.0, 0.0, 0.0] [0.0, 1.0, 0.0] [0.0, 0.0, 1.0] [-283.502, 4.16557, -440.226]]
  battle_area_polygon_point__forBattleAreaId:t="area2"
  battle_area_polygon_point__id:t="point3"
  battle_area_polygon_point__nextId:t="point4"
}

entity{
  _template:t="battle_area_polygon_point"
  transform:m=[[1.0, 0.0, 0.0] [0.0, 1.0, 0.0] [0.0, 0.0, 1.0] [-160.235, 4.16557, -493.337]]
  battle_area_polygon_point__forBattleAreaId:t="area2"
  battle_area_polygon_point__id:t="point4"
  battle_area_polygon_point__nextId:t="point5"
}

entity{
  _template:t="battle_area_polygon_point"
  transform:m=[[1.0, 0.0, 0.0] [0.0, 1.0, 0.0] [0.0, 0.0, 1.0] [-65.6628, 4.16557, -493.337]]
  battle_area_polygon_point__forBattleAreaId:t="area2"
  battle_area_polygon_point__id:t="point5"
  battle_area_polygon_point__nextId:t="point6"
}

entity{
  _template:t="battle_area_polygon_point"
  transform:m=[[1.0, 0.0, 0.0] [0.0, 1.0, 0.0] [0.0, 0.0, 1.0] [6.69901, 4.16557, -286.514]]
  battle_area_polygon_point__forBattleAreaId:t="area2"
  battle_area_polygon_point__id:t="point6"
  battle_area_polygon_point__nextId:t="point7"
}

entity{
  _template:t="battle_area_polygon_point"
  transform:m=[[1.0, 0.0, 0.0] [0.0, 1.0, 0.0] [0.0, 0.0, 1.0] [72.4028, 4.16557, -147.506]]
  battle_area_polygon_point__forBattleAreaId:t="area2"
  battle_area_polygon_point__id:t="point7"
  battle_area_polygon_point__nextId:t="point8"
}

entity{
  _template:t="battle_area_polygon_point"
  transform:m=[[1.0, 0.0, 0.0] [0.0, 1.0, 0.0] [0.0, 0.0, 1.0] [-14.7981, 4.16557, -72.5841]]
  battle_area_polygon_point__forBattleAreaId:t="area2"
  battle_area_polygon_point__id:t="point8"
  battle_area_polygon_point__nextId:t="point9"
}

entity{
  _template:t="battle_area_polygon_point"
  transform:m=[[1.0, 0.0, 0.0] [0.0, 1.0, 0.0] [0.0, 0.0, 1.0] [-44.7451, 4.16557, -70.3918]]
  battle_area_polygon_point__forBattleAreaId:t="area2"
  battle_area_polygon_point__id:t="point9"
  battle_area_polygon_point__nextId:t="point10"
}

entity{
  _template:t="battle_area_polygon_point"
  transform:m=[[0.929899, 0.0, -0.367816] [0.0, 1.0, 0.0] [0.367816, -0.0, 0.929899] [-149.652, 4.16557, -23.095]]
  battle_area_polygon_point__forBattleAreaId:t="area2"
  battle_area_polygon_point__id:t="point10"
  battle_area_polygon_point__nextId:t="point11"
}

entity{
  _template:t="battle_area_polygon_point"
  transform:m=[[0.929899, 0.0, -0.367816] [0.0, 1.0, 0.0] [0.367816, -0.0, 0.929899] [-151.759, 4.16557, -0.236437]]
  battle_area_polygon_point__forBattleAreaId:t="area2"
  battle_area_polygon_point__id:t="point11"
  battle_area_polygon_point__nextId:t="point12"
}

entity{
  _template:t="battle_area_polygon_point"
  transform:m=[[0.929899, 0.0, -0.367816] [0.0, 1.0, 0.0] [0.367816, -0.0, 0.929899] [-258.72, 4.16557, 40.1444]]
  battle_area_polygon_point__forBattleAreaId:t="area2"
  battle_area_polygon_point__id:t="point12"
  battle_area_polygon_point__nextId:t="point13"
}

entity{
  _template:t="battle_area_polygon_point"
  transform:m=[[0.929899, 0.0, -0.367816] [0.0, 1.0, 0.0] [0.367816, -0.0, 0.929899] [-388.001, 4.16557, 91.2806]]
  battle_area_polygon_point__forBattleAreaId:t="area2"
  battle_area_polygon_point__id:t="point13"
  battle_area_polygon_point__nextId:t="point14"
}

entity{
  _template:t="battle_area_polygon_point"
  transform:m=[[0.929899, 0.0, -0.367816] [0.0, 1.0, 0.0] [0.367816, -0.0, 0.929899] [-447.06, 4.16557, 8.35772]]
  battle_area_polygon_point__forBattleAreaId:t="area2"
  battle_area_polygon_point__id:t="point14"
  battle_area_polygon_point__nextId:t="point15"
}

entity{
  _template:t="battle_area_polygon_point"
  transform:m=[[0.929899, 0.0, -0.367816] [0.0, 1.0, 0.0] [0.367816, -0.0, 0.929899] [-489.57, 4.16557, -39.6632]]
  battle_area_polygon_point__forBattleAreaId:t="area2"
  battle_area_polygon_point__id:t="point15"
  battle_area_polygon_point__nextId:t="point16"
}

entity{
  _template:t="battle_area_polygon_point"
  transform:m=[[0.929899, 0.0, -0.367816] [0.0, 1.0, 0.0] [0.367816, -0.0, 0.929899] [-539.273, 4.16557, -153.143]]
  battle_area_polygon_point__forBattleAreaId:t="area2"
  battle_area_polygon_point__id:t="point16"
  battle_area_polygon_point__nextId:t="point17"
}

entity{
  _template:t="battle_area_polygon_point"
  transform:m=[[0.929899, 0.0, -0.367816] [0.0, 1.0, 0.0] [0.367816, -0.0, 0.929899] [-537.472, 4.16557, -210.852]]
  battle_area_polygon_point__forBattleAreaId:t="area2"
  battle_area_polygon_point__id:t="point17"
  battle_area_polygon_point__nextId:t="point18"
}

entity{
  _template:t="battle_area_polygon_point"
  transform:m=[[0.929899, 0.0, -0.367816] [0.0, 1.0, 0.0] [0.367816, -0.0, 0.929899] [-560.16, 4.16557, -266.01]]
  battle_area_polygon_point__forBattleAreaId:t="area2"
  battle_area_polygon_point__id:t="point18"
  battle_area_polygon_point__nextId:t="point1"
}

entity{
  _template:t="poly_battle_area"
  transform:m=[[1.0, 0.0, 0.0] [0.0, 1.0, 0.0] [0.0, 0.0, 1.0] [-124.652, 14.747, -63.5371]]
  battleAreaId:t="area1"
  battle_area__team:i=1
}

entity{
  _template:t="poly_battle_area"
  transform:m=[[1.0, 0.0, 0.0] [0.0, 1.0, 0.0] [0.0, 0.0, 1.0] [-125.584, 14.5263, -64.9686]]
  battleAreaId:t="area2"
  battle_area__team:i=2
}

entity{
  _template:t="aircraft_box_battle_area"
  transform:m=[[6190.42, 0.0, -2409.85] [0.0, 3713.36, 0.0] [2945.27, 0.0, 7565.77] [-87.9883, 240.916, -144.861]]
  battle_area__team:i=-1
}

entity{
  _template:t="volokolamsk_level"
  level__blk:t="content/enlisted/levels/battle_of_moscow_volokolamsk_countryside_winter.blk"
}

entity{
  _template:t="clouds_hole_target"
  transform:m=[[1.0, 0.0, 0.0] [0.0, 1.0, 0.0] [0.0, 0.0, 1.0] [0.0, 0.0, 0.0]]
}

entity{
  _template:t="minimap_battle_of_moscow_volokolamsk_countryside_winter"
}

entity{
  _template:t="water"
  water__strength:r=1.3
}

entity{
  _template:t="wind"
}

entity{
  _template:t="postfx_color_grading_tonemap_death_alive_enlisted"
}

entity{
  _template:t="shaderVars"

  "shader_vars__vars:object"{
    hmap_displacement_up:r=0.3
    ocean1:c=142, 137, 71, 0
    ocean0:c=76, 63, 5, 0
    ocean_density:r=0.1
    river1:c=142, 137, 71, 0
    river0:c=76, 63, 5, 0
    hmap_displacement_down:r=-0.15
    puddle_flat_hmap_reduce:r=0.03
    paint_details_tex:t="volokolamsk_building_colors_tex_palette*"
    water_color_noise_size:r=71.0
    river_density:r=0.3
  }
}

entity{
  _template:t="postfx_roundctrl"
}

entity{
  _template:t="door_mult_ent_generator"
  ri_extra_gen__blk:t="content/e_moscow/gamedata/volokolamsk_doors.blk"
}

entity{
  _template:t="session_finalizer"
  session_finalizer__timer:r=10.0
}

entity{
  _template:t="briefing_domination"
  mission_name:t="volokolamsk_monastery_dom"

  "loading_images:list<t>"{
    item:t="ui/volokolamsk_monastery_01.jpg"
    item:t="ui/volokolamsk_monastery_02.jpg"
    item:t="ui/volokolamsk_monastery_03.jpg"
  }
}

entity{
  _template:t="spawn_switcher"
  swapProbability:r=0.5
  team1:i=2
  team2:i=1
}

entity{
  _template:t="team_ussr+team_narrator_domination+respawn_creators_team"
  team__id:i=1
  team__score:r=2500.0
  team__scoreCap:r=2500.0
  score_bleed__domBleed:r=4.0
  score_bleed__domBleedOn:b=no
  score_bleed__totalDomZoneCount:i=3
  score_bleed__totalDomBleedMul:r=2.0
  score_bleed__totalDomBleedOn:b=no
  team__briefing:t="domination/common_goals"
  team__numZonesCaptured:i=0
  team__deathPenalty:r=2.0
  team__spawnBotArmy:t="moscow_allies"
}

entity{
  _template:t="team_germany_winter+team_narrator_domination+respawn_creators_team"
  team__id:i=2
  team__score:r=2500.0
  team__scoreCap:r=2500.0
  score_bleed__domBleed:r=4.0
  score_bleed__domBleedOn:b=no
  score_bleed__totalDomZoneCount:i=3
  score_bleed__totalDomBleedMul:r=2.0
  score_bleed__totalDomBleedOn:b=no
  team__briefing:t="domination/common_goals"
  team__numZonesCaptured:i=0
  team__deathPenalty:r=2.0
  team__spawnBotArmy:t="moscow_axis"
}

entity{
  _template:t="enemy_attack_marker"
}

entity{
  _template:t="static_cam"
  camera__active:b=yes
  transform:m=[[0.21748, 0.0, -0.976065] [0.233052, 0.971077, 0.0519272] [0.947834, -0.238767, 0.21119] [-231.923, 78.3663, -138.463]]
}

entity{
  _template:t="domination_box_capzone"
  transform:m=[[24.5536, 0.0, 3.08197] [0.0, 3.71804, 0.0] [-2.3617, 0.0, 18.8572] [-211.06, 22.4466, -75.2027]]
  ui_order:i=1
  capzone__title:t="A"
  capzone__caption:t="capzone/warehouse"
  decal__thickness:r=0.4
  decal__height:r=0.3
}

entity{
  _template:t="domination_box_capzone"
  transform:m=[[27.6959, 0.0, -7.26927] [0.0, 14.8743, 0.0] [7.26927, 0.0, 27.6959] [-113.693, 32.3563, -119.145]]
  ui_order:i=2
  capzone__title:t="B"
  capzone__caption:t="capzone/сathedral"
  decal__thickness:r=0.4
  decal__height:r=0.5
}

entity{
  _template:t="domination_sphere_capzone"
  transform:m=[[1.0, 0.0, 0.0] [0.0, 0.540133, 0.0] [0.0, 0.0, 1.0] [-18.8602, 31.1638, -154.36]]
  ui_order:i=3
  capzone__title:t="C"
  capzone__caption:t="capzone/tower"
  sphere_zone__radius:r=12.3
  decal__thickness:r=0.4
  decal__height:r=0.1
  capzone__iconOffsetY:r=2.0
}

entity{
  _template:t="respawnChooser+respTeam1"
  transform:m=[[-0.293779, 0.0, -0.955873] [0.0, 1.0, 0.0] [0.955873, 0.0, -0.293779] [-32.6398, 18.4075, -43.126]]
  respawnBaseGroup:i=1
}

entity{
  _template:t="respawnChooser+respTeam1"
  transform:m=[[-0.992463, 0.0, -0.122544] [0.0, 1.0, 0.0] [0.122544, 0.0, -0.992463] [-23.5178, 18.124, -53.7327]]
  respawnBaseGroup:i=1
}

entity{
  _template:t="respawnChooser+respTeam1"
  transform:m=[[-0.0437228, 0.0, -0.999043] [0.0, 1.0, 0.0] [0.999043, 0.0, -0.0437228] [-120.701, 18.0341, -1.277]]
  respawnBaseGroup:i=2
}

entity{
  _template:t="respawnChooser+respTeam1"
  transform:m=[[0.713239, 0.0, -0.700921] [0.0, 1.0, 0.0] [0.700921, 0.0, 0.713239] [-133.246, 18.1028, -9.67493]]
  respawnBaseGroup:i=2
}

entity{
  _template:t="respawnChooser+respTeam2"
  transform:m=[[-0.642429, 0.0, 0.766346] [0.0, 1.0, 0.0] [-0.766346, 0.0, -0.642429] [-92.2656, 18.1811, -222.363]]
  respawnBaseGroup:i=1
}

entity{
  _template:t="respawnChooser+respTeam2"
  transform:m=[[0.376991, 0.0, 0.926217] [0.0, 1.0, 0.0] [-0.926217, 0.0, 0.376991] [-105.136, 18.1811, -225.195]]
  respawnBaseGroup:i=1
}

entity{
  _template:t="respawnChooser+respTeam2"
  transform:m=[[0.938262, 0.0, -0.345926] [0.0, 1.0, 0.0] [0.345926, 0.0, 0.938262] [-181.294, 16.7266, -198.287]]
  respawnBaseGroup:i=2
}

entity{
  _template:t="respawnChooser+respTeam2"
  transform:m=[[0.7574, 0.0, 0.652951] [0.0, 1.0, 0.0] [-0.652951, 0.0, 0.7574] [-199.762, 18.1811, -180.34]]
  respawnBaseGroup:i=2
}

entity{
  _template:t="respawnChooser+respVehicle"
  transform:m=[[-0.504695, 0.0, -0.863299] [0.0, 1.0, 0.0] [0.863299, 0.0, -0.504695] [0.708727, 4.46194, 54.3785]]
  team:i=1
  respawnBaseGroup:i=1
  maxVehicleOnSpawn:i=2
  respTime:i=120
}

entity{
  _template:t="respawnChooser+respVehicle"
  transform:m=[[0.891305, 0.0, 0.453406] [0.0, 1.0, 0.0] [-0.453406, 0.0, 0.891305] [-271.179, 4.65651, -291.818]]
  team:i=2
  respawnBaseGroup:i=1
  maxVehicleOnSpawn:i=2
  respTime:i=120
}

entity{
  _template:t="respAircraftInAir"
  respawnbaseType:t="aircraft_fighter"
  transform:m=[[-0.367849, 0.0, -0.929886] [0.0, 1.0, 0.0] [0.929886, 0.0, -0.367849] [667.629, 1000.0, 1934.19]]
  team:i=1
  maxVehicleOnSpawn:i=2
  respTime:i=120
}

entity{
  _template:t="respAircraftInAir"
  respawnbaseType:t="aircraft_assault"
  transform:m=[[-0.367849, 0.0, -0.929886] [0.0, 1.0, 0.0] [0.929886, 0.0, -0.367849] [667.629, 800.0, 1934.19]]
  team:i=1
  maxVehicleOnSpawn:i=2
  respTime:i=120
}

entity{
  _template:t="resupply_in_air_zone"
  transform:m=[[-0.367849, 0.0, -0.929886] [0.0, 1.0, 0.0] [0.929886, 0.0, -0.367849] [-1182.33, 1000.0, 2616.82]]
  resupply_zone__team:i=1
}

entity{
  _template:t="respAircraftInAir"
  respawnbaseType:t="aircraft_fighter"
  transform:m=[[0.388923, 0.0, 0.92127] [0.0, 1.0, 0.0] [-0.92127, 0.0, 0.388923] [-937.769, 1000.0, -2149.42]]
  team:i=2
  maxVehicleOnSpawn:i=2
  respTime:i=120
}

entity{
  _template:t="respAircraftInAir"
  respawnbaseType:t="aircraft_assault"
  transform:m=[[0.388923, 0.0, 0.92127] [0.0, 1.0, 0.0] [-0.92127, 0.0, 0.388923] [-937.853, 800.0, -2149.42]]
  team:i=2
  maxVehicleOnSpawn:i=2
  respTime:i=120
}

entity{
  _template:t="resupply_in_air_zone"
  transform:m=[[0.388923, 0.0, 0.92127] [0.0, 1.0, 0.0] [-0.92127, 0.0, 0.388923] [924.516, 1000.0, -2898.03]]
  resupply_zone__team:i=2
}

entity{
  _template:t="respawn_camera"
  respawnCameraForTeam:i=1
  transform:m=[[1.0, 0.0, 0.0] [0.0, 1.0, 0.0] [0.0, 0.0, 1.0] [-9.22062, 302.197, 94.8631]]
}

entity{
  _template:t="respawn_camera"
  respawnCameraForTeam:i=2
  transform:m=[[1.0, 0.0, 0.0] [0.0, 1.0, 0.0] [0.0, 0.0, 1.0] [-225.317, 301.715, -330.965]]
}

entity{
  _template:t="resupply_for_ground_vehicle_zone"
  transform:m=[[0.7574, 0.0, 0.652951] [0.0, 1.0, 0.0] [-0.652951, 0.0, 0.7574] [-322.3, 8.92659, -6.75418]]
  resupply_zone__team:i=1
}

entity{
  _template:t="resupply_for_ground_vehicle_zone"
  transform:m=[[0.7574, 0.0, 0.652951] [0.0, 1.0, 0.0] [-0.652951, 0.0, 0.7574] [-334.947, 13.2176, -153.947]]
  resupply_zone__team:i=2
}

entity{
  _template:t="respawnChooser+respMotorcycle"
  transform:m=[[-0.504695, 0.0, -0.863299] [0.0, 1.0, 0.0] [0.863299, 0.0, -0.504695] [0.708727, 4.46194, 54.3785]]
  team:i=1
}

entity{
  _template:t="respawnChooser+respMotorcycle"
  transform:m=[[0.891305, 0.0, 0.453406] [0.0, 1.0, 0.0] [-0.453406, 0.0, 0.891305] [-271.179, 4.65651, -291.818]]
  team:i=2
}