import{
  scene:t="content/enlisted/gamedata/scenes/tutorial/_common_training_ground.blk"
}

entity{
  _template:t="team_pacific_allies+team_narrator_invasion_defence+respawn_creators_team"
  team__countAdd:r=0.0
  team__memberCount:r=0.0
  team__scoreCap:r=0.0
  team__capturePenalty:r=0.0
  team__score:r=0.0
  team__id:i=2
  team__spawnBotArmy:t="normandy_allies"
  team__briefing:t="practice_mode/goals"
  team__winTitle:t="debriefing/sucesful_tutorial_title"
  team__winSubtitle:t="debriefing/sucesful_tutorial_subtitle"
  team__locked:b=yes
  team__capacity:i=0
}

entity{
  _template:t="team_pacific_axis+team_narrator_invasion_attack+respawn_creators_team"
  team__countAdd:r=0.0
  team__memberCount:r=0.0
  team__scoreCap:r=0.0
  team__capturePenalty:r=0.0
  team__score:r=0.0
  team__id:i=1
  team__spawnBotArmy:t="normandy_axis"
  team__briefing:t="practice_mode/goals"
  team__winTitle:t="debriefing/sucesful_tutorial_title"
  team__winSubtitle:t="debriefing/sucesful_tutorial_subtitle"
}

entity{
  _template:t="type_hei_rifle_gun_item+item_in_world+visibility_traceable_item+ui_visible+disable_update"
  transform:m=[[0.0519787, -0.0278883, 0.998257] [-0.97343, 0.221814, 0.0568829] [-0.223013, -0.97469, -0.0156189] [-533.837, 8.75578, 149.958]]
  animchar__updatable:b=no
}

entity{
  _template:t="type_hei_rifle_magazine+item_in_world+disable_update"
  transform:m=[[0.0191699, 0.999815, -0.000797103] [-0.0198382, -0.000416725, -0.999802] [-0.99962, 0.019182, 0.0198266] [-533.519, 9.37509, 149.867]]
  animchar__updatable:b=no
}

entity{
  _template:t="mp_34_jp_gun_item+item_in_world+visibility_traceable_item+ui_visible+disable_update"
  transform:m=[[-0.0783348, 0.994887, -0.0637326] [0.767155, 0.100983, 0.633464] [0.636661, 0.00072963, -0.771143] [-533.316, 9.38979, 151.965]]
  animchar__updatable:b=no
}

entity{
  _template:t="mp_28_jp_gun_item+item_in_world+visibility_traceable_item+ui_visible+disable_update"
  transform:m=[[-0.0369648, -0.996214, -0.0786714] [-0.401915, 0.0868989, -0.911545] [0.91493, -0.00207708, -0.403606] [-533.331, 9.3814, 151.526]]
  animchar__updatable:b=no
}

entity{
  _template:t="nambu_type_14_gun_item+item_in_world+visibility_traceable_item+ui_visible+disable_update"
  transform:m=[[-0.00249549, -0.999239, 0.0388814] [0.72806, 0.0248383, 0.685063] [-0.685508, 0.0300176, 0.727445] [-533.54, 9.37167, 149.442]]
  animchar__updatable:b=no
}

entity{
  _template:t="hamada_type_1_gun_item+item_in_world+visibility_traceable_item+ui_visible+disable_update"
  transform:m=[[0.00655389, -0.999974, 0.00220174] [0.962968, 0.00690479, 0.269527] [-0.269535, 0.000353757, 0.962989] [-533.282, 9.3713, 149.752]]
  animchar__updatable:b=no
}

entity{
  _template:t="type_97_antitank_canon_gun_item+item_in_world+visibility_traceable_item+ui_visible+disable_update"
  transform:m=[[0.800362, -0.585366, 0.129472] [-0.0412784, 0.161642, 0.985987] [-0.598091, -0.794491, 0.10521] [-534.006, 9.00469, 151.593]]
  animchar__updatable:b=no
}

entity{
  _template:t="type_11_lmg_gun_item+item_in_world+visibility_traceable_item+ui_visible+disable_update"
  transform:m=[[0.697308, -0.387513, 0.602985] [-0.588942, 0.169737, 0.79015] [-0.408543, -0.906102, -0.109865] [-533.885, 8.92273, 151.903]]
  animchar__updatable:b=no
}

entity{
  _template:t="type_11_lmg_magazine+item_in_world+visibility_traceable_item+ui_visible+disable_update"
  transform:m=[[-0.0508077, 0.998455, 0.0223672] [0.0680057, -0.0188855, 0.997507] [0.996389, 0.0522022, -0.0669412] [-533.145, 9.37026, 151.995]]
  animchar__updatable:b=no
}

entity{
  _template:t="type_hei_rifle_magazine+item_in_world+visibility_traceable_item+ui_visible+disable_update"
  transform:m=[[0.024379, -0.987087, 0.158311] [0.27864, 0.158792, 0.947178] [-0.960085, 0.0210205, 0.278913] [-533.455, 9.37042, 149.98]]
  animchar__updatable:b=no
}

entity{
  _template:t="type_hei_rifle_magazine+item_in_world+visibility_traceable_item+ui_visible+disable_update"
  transform:m=[[0.21982, -0.945743, 0.239265] [0.851025, 0.305806, 0.426896] [-0.476902, 0.10978, 0.872072] [-533.548, 9.37978, 149.964]]
  animchar__updatable:b=no
}

entity{
  _template:t="type_hei_rifle_magazine+item_in_world+visibility_traceable_item+ui_visible+disable_update"
  transform:m=[[-0.0296924, -0.998983, 0.033892] [-0.000674327, 0.0339269, 0.999424] [-0.999558, 0.0296525, -0.00168102] [-533.605, 9.37436, 150.022]]
  animchar__updatable:b=no
}

entity{
  _template:t="type_11_lmg_magazine+item_in_world+visibility_traceable_item+ui_visible+disable_update"
  transform:m=[[-0.0318522, 0.998618, 0.0417415] [-0.184662, 0.0351641, -0.982173] [-0.982285, -0.0389925, 0.183287] [-533.18, 9.37481, 152.236]]
  animchar__updatable:b=no
}

entity{
  _template:t="mp34o_magazine+item_in_world+visibility_traceable_item+ui_visible+disable_update"
  transform:m=[[0.0455451, -0.998884, 0.0123621] [0.0207735, -0.0114252, -0.99972] [0.998746, 0.0457892, 0.02023] [-533.526, 9.38001, 151.855]]
  animchar__updatable:b=no
}

entity{
  _template:t="nambu_type_14_magazine+item_in_world+visibility_traceable_item+ui_visible+disable_update"
  transform:m=[[0.97314, 0.0224473, 0.229104] [0.012851, -0.99898, 0.0432932] [0.229843, -0.0391863, -0.972438] [-533.496, 9.38637, 152.046]]
  animchar__updatable:b=no
}

entity{
  _template:t="type_11_lmg_magazine+item_in_world+visibility_traceable_item+ui_visible+disable_update"
  transform:m=[[-0.0063091, 0.998816, 0.0481596] [0.991409, 0.0125403, -0.130203] [-0.130653, 0.0469244, -0.990315] [-533.314, 9.36882, 152.333]]
  animchar__updatable:b=no
}

entity{
  _template:t="nambu_type_14_gun_item+item_in_world+visibility_traceable_item+ui_visible+disable_update"
  transform:m=[[0.0111442, -0.999929, 0.0035756] [-0.382014, -0.0075621, -0.924127] [0.924089, 0.00893275, -0.382072] [-533.142, 9.37464, 149.233]]
  animchar__updatable:b=no
}

entity{
  _template:t="mp34o_magazine+item_in_world+visibility_traceable_item+ui_visible+disable_update"
  transform:m=[[0.0784584, 0.996692, -0.0211064] [-0.0277001, 0.0233431, 0.999345] [0.996531, -0.0778223, 0.0294399] [-533.47, 9.3737, 151.817]]
  animchar__updatable:b=no
}

entity{
  _template:t="nambu_type_14_magazine+item_in_world+visibility_traceable_item+ui_visible+disable_update"
  transform:m=[[0.419243, 0.0988578, 0.902472] [0.0149147, -0.99467, 0.102029] [0.907751, -0.0293148, -0.418484] [-533.582, 9.3856, 152.047]]
  animchar__updatable:b=no
}

entity{
  _template:t="nambu_type_14_magazine+item_in_world+visibility_traceable_item+ui_visible+disable_update"
  transform:m=[[-0.863485, -0.182104, -0.470348] [-0.175866, 0.982727, -0.0576178] [0.472717, 0.0329659, -0.880597] [-533.315, 9.36271, 149.363]]
  animchar__updatable:b=no
}

entity{
  _template:t="ptrs_41_magazine+item_in_world+visibility_traceable_item+ui_visible+disable_update"
  transform:m=[[0.0718462, 0.997267, -0.0171592] [-0.951853, 0.0736944, 0.297566] [0.298018, -0.00504603, 0.954547] [-533.547, 9.38424, 151.416]]
  animchar__updatable:b=no
}

entity{
  _template:t="ptrs_41_magazine+item_in_world+visibility_traceable_item+ui_visible+disable_update"
  transform:m=[[0.010052, 0.999898, 0.0100779] [0.0157848, -0.0102359, 0.999823] [0.999824, -0.00989117, -0.0158861] [-533.439, 9.39453, 151.345]]
  animchar__updatable:b=no
}

entity{
  _template:t="nambu_type_94_magazine+item_in_world+visibility_traceable_item+ui_visible+disable_update"
  transform:m=[[0.00409794, -0.999941, 0.00999378] [0.939668, 0.000431945, -0.342091] [0.342067, 0.0107927, 0.939613] [-533.333, 9.37169, 149.57]]
  animchar__updatable:b=no
}

entity{
  _template:t="nambu_type_94_magazine+item_in_world+visibility_traceable_item+ui_visible+disable_update"
  transform:m=[[-0.00474907, -0.996391, -0.0847427] [0.892392, 0.0340171, -0.449978] [0.451236, -0.0777607, 0.88901] [-533.441, 9.36893, 149.521]]
  animchar__updatable:b=no
}

entity{
  _template:t="nambu_type_94_magazine+item_in_world+visibility_traceable_item+ui_visible+disable_update"
  transform:m=[[0.00786156, -0.99992, 0.00980143] [0.887038, 0.00244846, -0.461691] [0.46163, 0.0123239, 0.886986] [-533.47, 9.37208, 149.639]]
  animchar__updatable:b=no
}

entity{
  _template:t="type_97_grenade_item+item_in_world"
  transform:m=[[1.0, 0.0, 0.0] [0.0, 1.0, 0.0] [0.0, 0.0, 1.0] [-533.533, 9.36226, 149.115]]
}

entity{
  _template:t="type_97_grenade_item+item_in_world"
  transform:m=[[-0.0160893, 0.0, 0.999871] [0.0, 1.0, 0.0] [-0.999871, 0.0, -0.0160893] [-533.579, 9.36226, 149.04]]
}

entity{
  _template:t="type_91_incendiary_grenade_item+item_in_world"
  transform:m=[[1.0, 0.0, 0.0] [0.0, 1.0, 0.0] [0.0, 0.0, 1.0] [-533.252, 9.36226, 149.039]]
}

entity{
  _template:t="type_97_grenade_item+item_in_world"
  transform:m=[[0.665436, -0.721385, 0.191832] [-0.35007, -0.0746153, 0.933747] [-0.659277, -0.688503, -0.302187] [-533.474, 9.39243, 148.991]]
}

entity{
  _template:t="type_91_incendiary_grenade_item+item_in_world"
  transform:m=[[-0.920046, 0.0, 0.39181] [0.0, 1.0, 0.0] [-0.39181, 0.0, -0.920046] [-533.347, 9.36226, 149.107]]
}

entity{
  _template:t="base_fortification_build+tutorial_ammunition_box_a"
  transform:m=[[1.0, 0.0, 0.0] [0.0, 1.0, 0.0] [0.0, 0.0, 1.0] [-534.719, 9.33534, 147.629]]
  team:i=1
  buildingRadius:r=1.5
  grenadeResupplyItem:t="type_97_grenade_item"
  useful_box__maxUseCount:i=99999
}

entity{
  _template:t="base_fortification_build+tutorial_ammunition_box_a"
  transform:m=[[0.132376, 0.0, -0.9912] [0.0, 1.0, 0.0] [0.9912, 0.0, 0.132376] [-534.323, 8.74444, 135.094]]
  team:i=1
  buildingRadius:r=1.5
  grenadeResupplyItem:t="type_97_grenade_item"
  useful_box__maxUseCount:i=99999
}

entity{
  _template:t="base_fortification_build+tutorial_ammunition_box_a"
  transform:m=[[0.865467, 0.0, -0.500967] [0.0, 1.0, 0.0] [0.500967, 0.0, 0.865467] [-523.659, 10.1247, 375.179]]
  team:i=1
  buildingRadius:r=1.5
  grenadeResupplyItem:t="type_97_grenade_item"
  useful_box__maxUseCount:i=99999
}

entity{
  _template:t="base_fortification_build+tutorial_ammunition_box_a"
  transform:m=[[0.999566, 0.0, 0.0294573] [0.0, 1.0, 0.0] [-0.0294573, 0.0, 0.999566] [-523.193, 10.2259, 402.607]]
  team:i=1
  buildingRadius:r=1.5
  grenadeResupplyItem:t="type_97_grenade_item"
  useful_box__maxUseCount:i=99999
}

entity{
  _template:t="base_fortification_build+tutorial_ammunition_box_a"
  transform:m=[[0.999566, 0.0, 0.0294573] [0.0, 1.0, 0.0] [-0.0294573, 0.0, 0.999566] [-529.568, 10.0852, 482.533]]
  team:i=1
  buildingRadius:r=1.5
  grenadeResupplyItem:t="type_97_grenade_item"
  useful_box__maxUseCount:i=99999
}

entity{
  _template:t="gewehr_43_magazine+item_in_world"
  transform:m=[[-0.996336, -0.00315987, -0.0854535] [0.0854975, -0.0187253, -0.996161] [0.00154776, -0.99982, 0.0189268] [-533.571, 9.37502, 149.756]]
}

entity{
  _template:t="gewehr_43_magazine+item_in_world"
  transform:m=[[-0.996336, -0.00315987, -0.0854535] [0.0854975, -0.0187253, -0.996161] [0.00154776, -0.99982, 0.0189268] [-533.628, 9.37502, 149.949]]
}

entity{
  _template:t="us_halftrack_m13_pacific"
  transform:m=[[0.0157356, 0.089859, 0.99583] [-0.0091623, 0.995925, -0.0897228] [-0.999834, -0.00771226, 0.0164948] [-453.213, 10.7311, 438.195]]
  team:i=2
  vehicle_seats__restrictToTeam:i=2
}

entity{
  _template:t="us_m2a4_pacific"
  transform:m=[[0.0162838, 0.0166938, 0.999728] [-0.0112142, 0.999801, -0.0165124] [-0.999804, -0.0109422, 0.0164678] [-379.135, 11.5918, 443.781]]
  team:i=2
  vehicle_seats__restrictToTeam:i=2
}

entity{
  _template:t="us_m3a1_stuart_pacific"
  transform:m=[[-0.0524183, 0.00362538, 0.998619] [-0.00730979, 0.999965, -0.00401397] [-0.998599, -0.0075101, -0.05239] [-375.367, 11.6087, 361.663]]
  team:i=2
  vehicle_seats__restrictToTeam:i=2
}

entity{
  _template:t="us_m3a1_stuart_flame_pacific"
  transform:m=[[-0.373004, -0.00734167, 0.927801] [-0.0152114, 0.999883, 0.00179662] [-0.927705, -0.013443, -0.373072] [-301.614, 12.5027, 362.542]]
  team:i=2
  vehicle_seats__restrictToTeam:i=2
}

entity{
  _template:t="us_m2a4_pacific"
  transform:m=[[0.0155626, -0.0542665, 0.998405] [-0.00402485, 0.998515, 0.0543352] [-0.999871, -0.00486402, 0.015321] [-417.24, 11.4761, 470.389]]
  team:i=2
  vehicle_seats__restrictToTeam:i=2
}

entity{
  _template:t="us_m3a1_stuart_pacific"
  transform:m=[[-0.135712, 0.0771619, -0.987739] [0.000437219, 0.996967, 0.0778228] [0.990748, 0.0101296, -0.135334] [-334.245, 11.9156, 485.01]]
  team:i=2
  vehicle_seats__restrictToTeam:i=2
}

entity{
  _template:t="us_halftrack_m13_pacific"
  transform:m=[[-0.401622, 0.0667782, -0.913368] [0.0609055, 0.997078, 0.0461173] [0.913778, -0.0371073, -0.404515] [-313.717, 12.1779, 473.594]]
  team:i=2
  vehicle_seats__restrictToTeam:i=2
}

entity{
  _template:t="us_m3a1_stuart_flame_pacific"
  transform:m=[[-0.319913, 0.00253492, -0.947444] [-0.0185749, 0.999788, 0.00894696] [0.947265, 0.0204609, -0.319798] [-242.893, 13.4029, 493.782]]
  team:i=2
  vehicle_seats__restrictToTeam:i=2
}

entity{
  _template:t="us_m3a1_stuart_pacific"
  transform:m=[[0.0167386, -0.0037412, 0.999853] [-0.0169165, 0.999849, 0.00402439] [-0.999717, -0.0169814, 0.0166727] [-214.747, 13.851, 364.746]]
  team:i=2
  vehicle_seats__restrictToTeam:i=2
}

entity{
  _template:t="us_halftrack_m13_pacific"
  transform:m=[[0.0165223, -0.0218885, 0.999624] [-0.0344608, 0.999154, 0.0224478] [-0.999269, -0.0348188, 0.015754] [-354.086, 12.1062, 389.551]]
  team:i=2
  vehicle_seats__restrictToTeam:i=2
}

entity{
  _template:t="us_m2a4_pacific"
  transform:m=[[-0.37295, -0.00696086, 0.927825] [-0.0143298, 0.999896, 0.00174155] [-0.927741, -0.012646, -0.373011] [-253.781, 13.2761, 402.412]]
  team:i=2
  vehicle_seats__restrictToTeam:i=2
}

entity{
  _template:t="us_m3a1_stuart_flame_pacific"
  transform:m=[[-0.639008, -0.0100583, -0.769134] [-0.0147815, 0.99989, -0.000795282] [0.769058, 0.0108608, -0.639087] [-152.075, 14.7523, 409.966]]
  team:i=2
  vehicle_seats__restrictToTeam:i=2
}

entity{
  _template:t="us_halftrack_m13_pacific"
  transform:m=[[-0.999058, -0.0228849, 0.0368584] [-0.0228285, 0.999737, 0.00195064] [-0.0368934, 0.00110739, -0.999319] [-297.25, 12.602, 452.437]]
  team:i=2
  vehicle_seats__restrictToTeam:i=2
}

entity{
  _template:t="us_m2a4_pacific"
  transform:m=[[0.0166489, 0.00732002, 0.999835] [-0.0207697, 0.99976, -0.00697363] [-0.999646, -0.0206502, 0.0167969] [-37.1877, 16.6643, 359.883]]
  team:i=2
  vehicle_seats__restrictToTeam:i=2
}

entity{
  _template:t="us_m3a1_stuart_pacific"
  transform:m=[[0.0443401, 0.000861034, 0.999016] [-0.01804, 0.999837, -6.10607e-05] [-0.998854, -0.0180195, 0.0443484] [-46.1048, 16.487, 449.174]]
  team:i=2
  vehicle_seats__restrictToTeam:i=2
}

entity{
  _template:t="us_m3a1_stuart_flame_pacific"
  transform:m=[[-0.999827, -0.018242, -0.00373846] [-0.0182348, 0.999832, -0.00194163] [0.00377325, -0.00187313, -0.999991] [129.162, 19.4085, 405.286]]
  team:i=2
  vehicle_seats__restrictToTeam:i=2
}

entity{
  _template:t="us_m2a4_pacific"
  transform:m=[[-0.00791463, 0.0378436, -0.999252] [0.0519603, 0.997949, 0.0373827] [0.998618, -0.0516256, -0.00986476] [149.887, 19.9955, 387.298]]
  team:i=2
  vehicle_seats__restrictToTeam:i=2
}

entity{
  _template:t="us_m3a1_stuart_pacific"
  transform:m=[[-0.697272, -0.0276097, 0.716275] [-0.0246816, 0.99959, 0.0145037] [-0.716382, -0.00756582, -0.697667] [203.299, 20.6049, 426.943]]
  team:i=2
  vehicle_seats__restrictToTeam:i=2
}

entity{
  _template:t="us_halftrack_m13_pacific"
  transform:m=[[-0.0218535, -0.0213144, -0.999534] [-0.166426, 0.985901, -0.0173849] [0.985812, 0.165969, -0.0250927] [270.98, 21.6646, 463.495]]
  team:i=2
  vehicle_seats__restrictToTeam:i=2
}

entity{
  _template:t="us_m3a1_stuart_flame_pacific"
  transform:m=[[-0.0249915, 0.00208329, -0.999685] [-0.0183311, 0.999829, 0.00254185] [0.99952, 0.0183888, -0.024949] [110.973, 19.0956, 482.882]]
  team:i=2
  vehicle_seats__restrictToTeam:i=2
}

entity{
  _template:t="us_m3a1_stuart_pacific"
  transform:m=[[-0.614203, 0.0753425, -0.785543] [0.00507749, 0.995789, 0.0915374] [0.789132, 0.0522339, -0.611999] [18.929, 17.3006, 473.268]]
  team:i=2
  vehicle_seats__restrictToTeam:i=2
}

entity{
  _template:t="us_halftrack_m13_pacific"
  transform:m=[[-0.0573807, -0.0124628, 0.998275] [-0.0128779, 0.999848, 0.0117422] [-0.998269, -0.0121819, -0.0575325] [-441.889, 10.9723, 362.895]]
  team:i=2
  vehicle_seats__restrictToTeam:i=2
}

entity{
  _template:t="us_m2a4_pacific"
  transform:m=[[-0.999319, -0.0318455, 0.0186314] [-0.0311773, 0.998897, 0.035117] [-0.0197291, 0.0345122, -0.99921] [-498.743, 10.3768, 465.372]]
  team:i=2
  vehicle_seats__restrictToTeam:i=2
}

entity{
  _template:t="us_m3a1_stuart_flame_pacific"
  transform:m=[[-0.70913, -0.0602084, 0.702502] [-0.0521956, 0.998096, 0.0328545] [-0.703143, -0.0133694, -0.710923] [-353.994, 11.8006, 416.384]]
  team:i=2
  vehicle_seats__restrictToTeam:i=2
}

entity{
  _template:t="us_halftrack_m13_pacific"
  transform:m=[[0.796929, -0.0214397, 0.603693] [0.0125493, 0.999742, 0.0189388] [-0.603943, -0.00751697, 0.796992] [-253.74, 13.0843, 391.273]]
  team:i=2
  vehicle_seats__restrictToTeam:i=2
}

entity{
  _template:t="vw_kubelwagen"
  transform:m=[[-0.451933, 0.0270005, 0.891643] [0.0270005, 0.999498, -0.0165812] [-0.891643, 0.0165812, -0.452435] [-543.52, 9.74066, 171.357]]
}