import{
  scene:t="content/e_aprilfools_2022/gamedata/scenes/_fool_moon_sounds.blk"
}

entity{
  _template:t="envi_probe_render_settings"
  envi_probe_use_geometry:b=yes
  envi_probe_sun_enabled:b=yes
}

entity{
  _template:t="minimap_fool_moon"
}

entity{
  _template:t="bomb_crater_config_override"
  bomb_crater_config_override__decalName:t="explosion_moon"
}

entity{
  _template:t="phys_props_controller"
  phys_props__gravity:r=3.0
}

entity{
  _template:t="force_dome_resources"
  force_dome__edge_intensity:r=120.0
  force_dome__edge_thinness:r=10.0
  force_dome__texture_scale:r=0.09
  force_dome__brightness:r=1.0
  force_dome__color:p4=0.0, 0.5, 1.0, 0.11
}

entity{
  _template:t="force_dome"
  force_dome__position:p3=248.6, 169.25, 219.6
  force_dome__radius:r=53.75
}

entity{
  _template:t="force_dome"
  force_dome__position:p3=-10.9, 179.75, 135.1
  force_dome__radius:r=80.0
}

entity{
  _template:t="force_dome"
  force_dome__position:p3=-116.7, 185.0, 331.6
  force_dome__radius:r=52.7
}

entity{
  _template:t="force_dome"
  force_dome__position:p3=-186.9, 205.0, -59.2
  force_dome__radius:r=52.4
}

entity{
  _template:t="force_dome"
  force_dome__position:p3=-424.6, 210.0, 390.0
  force_dome__radius:r=55.4
}

entity{
  _template:t="enable_gravity_zones"
}

entity{
  _template:t="gravity_zone"
  transform:m=[[1.0, 0.0, 0.0] [0.0, 1.0, 0.0] [0.0, 0.0, 1.0] [248.6, 169.25, 219.6]]
  sphere_zone__radius:r=53.75
  zone__gravity:r=9.8
}

entity{
  _template:t="gravity_zone"
  transform:m=[[1.0, 0.0, 0.0] [0.0, 1.0, 0.0] [0.0, 0.0, 1.0] [-10.9, 179.75, 135.1]]
  sphere_zone__radius:r=80.0
  zone__gravity:r=9.8
}

entity{
  _template:t="gravity_zone"
  transform:m=[[1.0, 0.0, 0.0] [0.0, 1.0, 0.0] [0.0, 0.0, 1.0] [-116.7, 185.0, 331.6]]
  sphere_zone__radius:r=52.7
  zone__gravity:r=9.8
}

entity{
  _template:t="gravity_zone"
  transform:m=[[1.0, 0.0, 0.0] [0.0, 1.0, 0.0] [0.0, 0.0, 1.0] [-186.9, 205.0, -59.2]]
  sphere_zone__radius:r=52.4
  zone__gravity:r=9.8
}

entity{
  _template:t="gravity_zone"
  transform:m=[[1.0, 0.0, 0.0] [0.0, 1.0, 0.0] [0.0, 0.0, 1.0] [-424.6, 210.0, 390.0]]
  sphere_zone__radius:r=55.4
  zone__gravity:r=9.8
}

entity{
  _template:t="globe_entity"
  globe__posOffset:p3=72233.0, -25000.0, -20000.0
  globe__sunSize:r=0.01
}

entity{
  _template:t="skies_settings"
  sky_atmosphere__atmosphere_scale:r=12.0
  sky_atmosphere__multiple_scattering_factor:r=3.0
  sky_atmosphere__average_ground_albedo:r=0.2
  sky_atmosphere__ozone_scale:p2=0.1, 0.1
  sky_atmosphere__rayleigh_scale:p2=0.1, 0.1
  sky_atmosphere__mie_scale:p2=0.2, 0.2
  sky_atmosphere__planet_scale:r=1.5
}

entity{
  _template:t="postfx_color_grading_tonemap_death_alive_enlisted"
}

entity{
  _template:t="ri_gpu_object"
  ri_gpu_object__name:t="stone_small_a"
  ri_gpu_object__biom_indexes:p4=0.0, 1.0, 2.0, 3.0
  ri_gpu_object__grid_size:i=6
  ri_gpu_object__grid_tiling:i=1
  ri_gpu_object__cell_size:r=12.0
  ri_gpu_object__incline_delta:r=0.0
  ri_gpu_object__scale_range:p2=0.5, 1.0
  ri_gpu_object__rotate_range:p2=135.0, 960.0
  ri_gpu_object__seed:i=55112
  ri_gpu_object__is_using_normal:b=yes

  "ri_gpu_object__multiple_objects:array"{

    "ri_gpu_object__multiple_objects:object"{
      name:t="generic_stone_small_a"
      weight:r=1.0
    }

    "ri_gpu_object__multiple_objects:object"{
      name:t="generic_stone_small_b"
      weight:r=1.0
    }

    "ri_gpu_object__multiple_objects:object"{
      name:t="generic_stone_small_c"
      weight:r=1.0
    }

    "ri_gpu_object__multiple_objects:object"{
      name:t="generic_stone_small_d"
      weight:r=1.0
    }

    "ri_gpu_object__multiple_objects:object"{
      name:t="generic_stone_small_e"
      weight:r=1.0
    }

    "ri_gpu_object__multiple_objects:object"{
      name:t="generic_stone_small_f"
      weight:r=1.0
    }
  }
}

entity{
  _template:t="ri_gpu_object"
  ri_gpu_object__name:t="stone_small_b"
  ri_gpu_object__biom_indexes:p4=5.0, -1.0, -1.0, -1.0
  ri_gpu_object__grid_size:i=6
  ri_gpu_object__grid_tiling:i=6
  ri_gpu_object__cell_size:r=12.0
  ri_gpu_object__incline_delta:r=0.0
  ri_gpu_object__scale_range:p2=0.5, 1.25
  ri_gpu_object__rotate_range:p2=135.0, 960.0
  ri_gpu_object__seed:i=55114
  ri_gpu_object__is_using_normal:b=yes

  "ri_gpu_object__multiple_objects:array"{

    "ri_gpu_object__multiple_objects:object"{
      name:t="generic_stone_small_a"
      weight:r=1.0
    }

    "ri_gpu_object__multiple_objects:object"{
      name:t="generic_stone_small_b"
      weight:r=1.0
    }

    "ri_gpu_object__multiple_objects:object"{
      name:t="generic_stone_small_c"
      weight:r=1.0
    }

    "ri_gpu_object__multiple_objects:object"{
      name:t="generic_stone_small_d"
      weight:r=1.0
    }

    "ri_gpu_object__multiple_objects:object"{
      name:t="generic_stone_small_e"
      weight:r=1.0
    }

    "ri_gpu_object__multiple_objects:object"{
      name:t="generic_stone_small_f"
      weight:r=1.0
    }
  }
}

entity{
  _template:t="ri_gpu_object"
  ri_gpu_object__name:t="wheat_field"
  ri_gpu_object__biom_indexes:p4=23.0, -1.0, -1.0, -1.0
  ri_gpu_object__grid_size:i=6
  ri_gpu_object__grid_tiling:i=5
  ri_gpu_object__cell_size:r=10.0
  ri_gpu_object__incline_delta:r=0.0
  ri_gpu_object__scale_range:p2=0.75, 1.25
  ri_gpu_object__rotate_range:p2=135.0, 960.0
  ri_gpu_object__seed:i=55114
  ri_gpu_object__is_using_normal:b=yes

  "ri_gpu_object__multiple_objects:array"{

    "ri_gpu_object__multiple_objects:object"{
      name:t="wheat_bunch_1x1_a"
      weight:r=1.0
    }
  }
}

entity{
  _template:t="ri_gpu_object"
  ri_gpu_object__name:t="pumpkin_field"
  ri_gpu_object__biom_indexes:p4=25.0, -1.0, -1.0, -1.0
  ri_gpu_object__grid_size:i=12
  ri_gpu_object__grid_tiling:i=4
  ri_gpu_object__cell_size:r=10.0
  ri_gpu_object__incline_delta:r=0.0
  ri_gpu_object__scale_range:p2=0.75, 1.25
  ri_gpu_object__rotate_range:p2=135.0, 960.0
  ri_gpu_object__seed:i=55114
  ri_gpu_object__is_using_normal:b=yes

  "ri_gpu_object__multiple_objects:array"{

    "ri_gpu_object__multiple_objects:object"{
      name:t="cultivated_plants_pumpkin_a"
      weight:r=1.0
    }

    "ri_gpu_object__multiple_objects:object"{
      name:t="cultivated_plants_pumpkin_b"
      weight:r=1.0
    }

    "ri_gpu_object__multiple_objects:object"{
      name:t="cultivated_plants_pumpkin_c"
      weight:r=1.0
    }
  }
}

entity{
  _template:t="shaderVars"

  "shader_vars__vars:object"{
    hmap_displacement_up:r=0.3
    ocean1:c=142, 137, 71, 0
    ocean0:c=76, 63, 5, 0
    ocean_density:r=0.1
    land_selfillum_worldscale:r=0.9
    river1:c=142, 137, 71, 0
    river0:c=76, 63, 5, 0
    hmap_displacement_down:r=-0.15
    puddle_flat_hmap_reduce:r=0.03
    autodetect_land_selfillum_color:p4=0.53, 0.0, 0.0, 0.16
    paint_details_tex:t="germany_wall_color_tex_palette*"
    puddle_increase:r=-1.0
    land_selfillum_strength:r=32.0
    water_color_noise_size:r=71.0
    river_density:r=0.3
  }
}

entity{
  _template:t="postfx_roundctrl"
}

entity{
  _template:t="door_mult_ent_generator"
  ri_extra_gen__blk:t="content/e_aprilfools_2022/gamedata/moon_doors.blk"
}

entity{
  _template:t="session_finalizer"
  session_finalizer__timer:r=10.0
}

entity{
  _template:t="briefing_invasion"
}

entity{
  _template:t="static_cam"
  camera__active:b=yes
  transform:m=[[0.376433, 0.00859812, 0.926403] [0.0233146, 0.999551, -0.0187507] [-0.926151, 0.0286573, 0.376064] [538.929, 264.701, -252.957]]
}

entity{
  _template:t="respawn_camera"
  respawnCameraForTeam:i=1
  moveCameraToHeight:r=170.0
  respawnSelectorDistanceMult:r=1.0
  transform:m=[[1.0, 0.0, 0.0] [0.0, 1.0, 0.0] [0.0, 0.0, 1.0] [0.0, 0.0, 0.0]]
}

entity{
  _template:t="respawn_camera"
  respawnCameraForTeam:i=2
  moveCameraToHeight:r=170.0
  respawnSelectorDistanceMult:r=1.0
  transform:m=[[1.0, 0.0, 0.0] [0.0, 1.0, 0.0] [0.0, 0.0, 1.0] [0.0, 0.0, 0.0]]
}

entity{
  _template:t="enemy_attack_marker"
  transform:m=[[-0.530495, 0.0, 0.847688] [0.0, 1.0, 0.0] [-0.847688, 0.0, -0.530495] [157.728, 7.89905, -276.18]]
}

entity{
  _template:t="group_activator"

  "activator__activateChoice:object"{
    sector_1:r=1.0
  }
}

entity{
  _template:t="defend_zone_chained_sphere+defend_zone_respawnbase"
  capzone__capRewardPartCap:r=1.125
  capzone__onlyTeamCanCapture:i=1
  capzone__curTeamCapturingZone:i=-1
  groupName:t="sector_1"
  capzone__capTime:r=75.0
  capzone__capTeam:i=-1
  transform:m=[[0.678611, 0.0, 0.548159] [0.0, 1.0, 0.0] [-0.528442, 0.0, 0.654201] [200.427, 195.007, -24.3844]]
  sphere_zone__radius:r=25.0
  active:b=no
  capzone__decapTime:r=6000.0
  ui_order:i=1
  capzone__capReward:r=500.0
  capzone__icon:t="AAA"
  capzone__deactivateAfterTimeout:r=25.0
  capzone__spawnAtZoneTimeout:r=25.0
  capzone__createRespawnBaseForTeam:i=2
  capzone__iconOffsetY:r=3.0
  capzone__createRespawnBase:t="respawnBaseGroupActivator"
  capzone__createdRespawnBaseGroup:i=3

  "capzone__activateChoice:object"{
    sector_2:r=1.0
  }
}

entity{
  _template:t="defend_zone_chained_sphere+defend_zone_respawnbase"
  capzone__capRewardPartCap:r=1.125
  capzone__onlyTeamCanCapture:i=1
  capzone__curTeamCapturingZone:i=-1
  groupName:t="sector_2"
  capzone__capTime:r=75.0
  capzone__capTeam:i=-1
  transform:m=[[0.487741, 0.0, -0.763004] [0.0, 1.0, 0.0] [0.733207, 0.0, 0.468694] [5.59976, 207.196, 121.346]]
  sphere_zone__radius:r=30.0
  active:b=no
  capzone__decapTime:r=6000.0
  ui_order:i=1
  capzone__capReward:r=500.0
  capzone__icon:t="AAA"
  capzone__deactivateAfterTimeout:r=25.0
  capzone__spawnAtZoneTimeout:r=25.0
  capzone__createRespawnBaseForTeam:i=2
  capzone__iconOffsetY:r=3.0
  capzone__createRespawnBase:t="respawnBaseGroupActivator"
  capzone__createdRespawnBaseGroup:i=4

  "capzone__activateChoice:object"{
    sector_3:r=1.0
  }
}

entity{
  _template:t="defend_zone_chained_box+defend_zone_respawnbase"
  capzone__capRewardPartCap:r=1.125
  capzone__onlyTeamCanCapture:i=1
  capzone__curTeamCapturingZone:i=-1
  groupName:t="sector_3"
  capzone__capTime:r=75.0
  capzone__capTeam:i=-1
  transform:m=[[53.2956, 0.0, 73.2667] [0.0, 55.198, 0.0] [-36.4411, 0.0, 26.508] [-301.686, 231.996, 190.47]]
  active:b=no
  capzone__decapTime:r=6000.0
  ui_order:i=1
  capzone__capReward:r=500.0
  capzone__icon:t="AAA"
  capzone__deactivateAfterTimeout:r=25.0
  capzone__spawnAtZoneTimeout:r=25.0
  capzone__createRespawnBaseForTeam:i=2
  capzone__iconOffsetY:r=3.0
  capzone__createRespawnBase:t="respawnBaseGroupActivator"
  capzone__createdRespawnBaseGroup:i=5
}

entity{
  _template:t="respawnChooser+respTeam2"
  transform:m=[[0.261538, 0.0, -0.965193] [0.0, 1.0, 0.0] [0.965193, 0.0, 0.261538] [132.985, 188.963, 172.779]]
  groupName:t="sector_1"
  active:b=no
}

entity{
  _template:t="respawnChooser+respTeam1"
  transform:m=[[-0.0490858, 0.0, 0.998793] [0.0, 1.0, 0.0] [-0.998793, 0.0, -0.0490858] [293.919, 198.859, -242.013]]
  groupName:t="sector_1"
  active:b=no
}

entity{
  _template:t="respawnChooser+respTeam1"
  transform:m=[[-0.442228, 0.0, 0.896902] [0.0, 1.0, 0.0] [-0.896902, 0.0, -0.442228] [279.112, 199.806, -246.128]]
  groupName:t="sector_1"
  active:b=no
}

entity{
  _template:t="respawnChooser+respTeam2"
  transform:m=[[0.496578, 0.0, -0.867992] [0.0, 1.0, 0.0] [0.867992, 0.0, 0.496578] [150.293, 188.122, 172.224]]
  groupName:t="sector_1"
  active:b=no
}

entity{
  _template:t="respawnChooser+respTeam1"
  transform:m=[[-0.458186, 0.0, 0.888856] [0.0, 1.0, 0.0] [-0.888856, 0.0, -0.458186] [202.179, 196.376, 45.7466]]
  groupName:t="sector_2"
  active:b=no
}

entity{
  _template:t="respawnChooser+respTeam1"
  transform:m=[[-0.992372, 0.0, 0.123274] [0.0, 0.999999, 0.0] [-0.123274, 0.0, -0.992372] [143.277, 195.962, -19.5273]]
  groupName:t="sector_2"
  active:b=no
}

entity{
  _template:t="respawnChooser+respTeam1"
  transform:m=[[-0.903858, 0.0, 0.427834] [0.0, 0.999999, 0.0] [-0.427834, 0.0, -0.903858] [-64.8239, 207.047, 66.1719]]
  groupName:t="sector_3"
  active:b=no
}

entity{
  _template:t="respawnChooser+respTeam1"
  transform:m=[[-0.787995, 0.0, 0.615682] [0.0, 0.999999, 0.0] [-0.615682, 0.0, -0.787995] [-76.3745, 208.911, 19.5757]]
  groupName:t="sector_3"
  active:b=no
}

entity{
  _template:t="respawnChooser+respTeam2"
  transform:m=[[0.985172, 0.0, -0.171559] [0.0, 0.999999, 0.0] [0.171559, 0.0, 0.985172] [-142.54, 208.0, 241.002]]
  groupName:t="sector_2"
  active:b=no
}

entity{
  _template:t="respawnChooser+respTeam2"
  transform:m=[[0.833999, 0.0, -0.551765] [0.0, 0.999999, 0.0] [0.551765, 0.0, 0.833999] [-150.152, 207.384, 209.667]]
  groupName:t="sector_2"
  active:b=no
}

entity{
  _template:t="respawnChooser+respTeam2"
  transform:m=[[0.655254, 0.0, -0.755407] [0.0, 0.999999, 0.0] [0.755407, 0.0, 0.655254] [-363.56, 229.76, 340.802]]
  groupName:t="sector_3"
  active:b=no
}

entity{
  _template:t="respawnChooser+respTeam2"
  transform:m=[[0.515309, 0.0, -0.857003] [0.0, 0.999999, 0.0] [0.857003, 0.0, 0.515309] [-384.069, 230.911, 331.37]]
  groupName:t="sector_3"
  active:b=no
}

entity{
  _template:t="respawnChooser+respVehicle"
  transform:m=[[-0.224343, 0.0, 0.974509] [0.0, 1.0, 0.0] [-0.974509, 0.0, -0.224343] [281.114, 199.094, -293.979]]
  respTime:i=150
  groupName:t="sector_1"
  team:i=1
  maxVehicleOnSpawn:i=2
  active:b=no
}

entity{
  _template:t="vw_kubelwagen+still_obstacle"
  transform:m=[[-0.997584, 0.00392577, -0.0693664] [0.00361512, 0.999983, 0.00460342] [0.0693832, 0.00434152, -0.997581] [260.17, 198.959, -243.698]]
}

entity{
  _template:t="vw_kubelwagen+still_obstacle"
  transform:m=[[-0.999843, 0.0110924, -0.0138387] [0.0109837, 0.999909, 0.0079053] [0.0139251, 0.00775205, -0.999873] [258.009, 198.979, -239.292]]
}

entity{
  _template:t="respawnChooser+respVehicle"
  transform:m=[[-0.851378, 0.0, 0.524551] [-0.0, 1.0, 0.0] [-0.524551, 0.0, -0.851378] [166.727, 195.66, -123.768]]
  respTime:i=150
  groupName:t="sector_2"
  team:i=1
  maxVehicleOnSpawn:i=2
  active:b=no
}

entity{
  _template:t="respawnChooser+respVehicle"
  transform:m=[[-0.970008, 0.0, 0.243069] [0.0, 1.0, 0.0] [-0.243069, 0.0, -0.970008] [70.0119, 190.7, 280.203]]
  respTime:i=150
  groupName:t="sector_3"
  team:i=1
  maxVehicleOnSpawn:i=2
  active:b=no
}

entity{
  _template:t="respawnChooser+respVehicle"
  transform:m=[[0.156277, 0.0, -0.987712] [0.0, 1.0, 0.0] [0.987712, 0.0, 0.156277] [146.781, 187.76, 263.292]]
  respTime:i=150
  groupName:t="sector_1"
  team:i=2
  maxVehicleOnSpawn:i=2
  active:b=no
}

entity{
  _template:t="respawnChooser+respVehicle"
  transform:m=[[0.264501, 0.0, -0.964385] [0.0, 1.0, 0.0] [0.964385, 0.0, 0.264501] [-249.972, 213.095, 325.989]]
  respTime:i=150
  groupName:t="sector_2"
  team:i=2
  maxVehicleOnSpawn:i=2
  active:b=no
}

entity{
  _template:t="respawnChooser+respVehicle"
  transform:m=[[0.676138, 0.0, -0.736773] [0.0, 1.0, 0.0] [0.736773, 0.0, 0.676138] [-419.221, 228.535, 393.523]]
  respTime:i=150
  groupName:t="sector_3"
  team:i=2
  maxVehicleOnSpawn:i=2
  active:b=no
}

entity{
  _template:t="respawnBaseWithGroupOnCapturePoint"
  transform:m=[[0.596932, -0.0552438, -0.800388] [-0.0100467, 0.997033, -0.0763093] [0.802229, 0.0535927, 0.594606] [178.481, 195.706, -22.2323]]
  groupName:t="sector_1"
  respawnBaseGroup:i=3
  active:b=no
}

entity{
  _template:t="respawnBaseWithGroupOnCapturePoint"
  transform:m=[[0.99625, 0.0, -0.0865324] [0.0, 0.999999, 0.0] [0.0865324, 0.0, 0.99625] [16.7566, 215.33, 122.548]]
  groupName:t="sector_2"
  respawnBaseGroup:i=4
  active:b=no
}

entity{
  _template:t="respawnBaseWithGroupOnCapturePoint"
  transform:m=[[0.968595, 0.0, -0.24864] [0.0, 0.999999, 0.0] [0.24864, 0.0, 0.968595] [-304.513, 223.162, 181.906]]
  groupName:t="sector_3"
  respawnBaseGroup:i=5
  active:b=no
}

entity{
  _template:t="vw_kubelwagen+still_obstacle"
  transform:m=[[-0.943755, 0.0460083, 0.327429] [0.0458936, 0.998914, -0.00808108] [-0.327445, 0.00740033, -0.944841] [99.813, 197.366, 1.55813]]
}

entity{
  _template:t="vw_kubelwagen+still_obstacle"
  transform:m=[[-0.943755, 0.0458481, 0.327451] [0.0458481, 0.998919, -0.00772372] [-0.327451, 0.00772372, -0.944837] [104.196, 197.008, 2.39435]]
}

entity{
  _template:t="vw_kubelwagen+still_obstacle"
  transform:m=[[-0.920991, 0.0165528, 0.389231] [0.0302415, 0.99912, 0.0290675] [-0.388408, 0.0385419, -0.920681] [-37.9081, 214.722, 193.878]]
}

entity{
  _template:t="vw_kubelwagen+still_obstacle"
  transform:m=[[-0.910078, 0.0431944, 0.412179] [0.0469422, 0.998897, -0.00103276] [-0.411769, 0.0184087, -0.911102] [-39.6094, 214.912, 190.045]]
}

entity{
  _template:t="box_battle_area"
  transform:m=[[1.0, 0.0, 0.0] [0.0, 1.0, 0.0] [0.0, 0.0, 1.0] [0.0, 0.0, 0.0]]
}

entity{
  _template:t="box_battle_area"
  transform:m=[[1.0, 0.0, 0.0] [0.0, 1.0, 0.0] [0.0, 0.0, 1.0] [0.0, 0.0, 0.0]]
}

entity{
  _template:t="box_battle_area"
  transform:m=[[395.974, 0.0, 8.10368] [0.0, 175.13, 0.0] [-4.91135, 0.0, 653.353] [194.699, 195.002, -74.943]]
  groupName:t="sector_1"
}

entity{
  _template:t="box_battle_area"
  transform:m=[[320.121, 0.0, 380.328] [0.0, 228.65, 0.0] [-620.535, 0.0, 536.178] [-248.221, 195.002, 146.854]]
  groupName:t="sector_3"
  active:b=no
}

entity{
  _template:t="box_battle_area"
  transform:m=[[275.534, 0.0, 347.051] [0.0, 117.747, 0.0] [-673.264, 0.0, 547.859] [-23.7081, 195.004, 84.1086]]
  groupName:t="sector_2"
  active:b=no
}

entity{
  _template:t="level"
  level__blk:t="content/enlisted/levels/battle_of_moon.blk"
  level__timeRange:p2=5.0, 19.2

  "level__weatherChoice:object"{
    weather_clear_b:r=1.0
  }

  "level__timeVec:array"{
    level__timeVec:r=12.0
  }
}

entity{
  _template:t="projectors_manager"
  projectors_manager__atmosphereDensity:r=1.0
  projectors_manager__atmosphereMoveDir:p3=1.0, 0.0, 0.0
  projectors_manager__atmosphereMoveSpeed:r=0.0
  projectors_manager__noiseScale:r=30.0
  projectors_manager__noiseStrength:r=1.0
}