import{
  scene:t="content/enlisted/gamedata/scenes/_normandy_sounds.blk"
}

import{
  scene:t="content/enlisted/gamedata/scenes/_normandy_shore_sound.blk"
}

entity{
  _template:t="minimap_normandy_beach_fortified"
}

entity{
  _template:t="wind"
  wind__strength:r=2.0
}

entity{
  _template:t="session_finalizer"
  session_finalizer__timer:r=10.0
}

entity{
  _template:t="door_mult_ent_generator"
  ri_extra_gen__blk:t="content/e_normandy/gamedata/normandy_doors.blk"
}

entity{
  _template:t="shaderVars"

  "shader_vars__vars:object"{
    hmap_displacement_up:r=0.3
    ocean1:c=68, 70, 70, 0
    ocean0:c=56, 59, 62, 0
    ocean_density:r=0.1
    land_selfillum_worldscale:r=0.9
    river1:c=68, 70, 70, 0
    river0:c=56, 59, 62, 0
    hmap_displacement_down:r=-0.15
    autodetect_land_selfillum_color:p4=0.53, 0.0, 0.0, 0.16
    paint_details_tex:t="normandy_wall_color_tex_palette*"
    land_selfillum_strength:r=32.0
    water_color_noise_size:r=71.0
    river_density:r=3.0
  }
}

entity{
  _template:t="postfx_color_grading_tonemap_death_alive_enlisted"
}

entity{
  _template:t="postfx_roundctrl"
}

entity{
  _template:t="static_cam"
  camera__active:b=yes
  transform:m=[[-0.221934, 0.000599429, -0.975063] [0.168467, 0.984985, -0.0377391] [0.9604, -0.172641, -0.218703] [-85.8598, 87.5165, -294.987]]
}

entity{
  _template:t="respawn_camera"
  respawnCameraForTeam:i=1
  moveCameraToHeight:r=150.0
  respawnSelectorDistanceMult:r=1.5
  transform:m=[[1.0, 0.0, 0.0] [0.0, 1.0, 0.0] [0.0, 0.0, 1.0] [-31.6157, 90.4736, 546.785]]
}

entity{
  _template:t="respawn_camera"
  respawnCameraForTeam:i=2
  moveCameraToHeight:r=150.0
  respawnSelectorDistanceMult:r=1.5
  transform:m=[[1.0, 0.0, 0.0] [0.0, 1.0, 0.0] [0.0, 0.0, 1.0] [-2.72687, 125.654, 37.2185]]
}

entity{
  _template:t="group_activator"

  "activator__activateChoice:object"{
  }
}

entity{
  _template:t="level"
  level__blk:t="content/enlisted/levels/normandy_beach_fortified_1x1.blk"

  "level__timeVec:array"{
    level_timeVec:r=6.5
    level_timeVec:r=7.5
    level_timeVec:r=8.5
    level_timeVec:r=17.0
  }

  "level__weatherChoice:object"{
    weather_cloudy_a:r=1.0
  }
}

entity{
  _template:t="water"
  water__strength:r=3.0
  water__max_tessellation:i=0
}

entity{
  _template:t="88mm_flak_36_canon_b"
  transform:m=[[0.686771, 0.0, 0.726874] [0.0, 1.0, 0.0] [-0.726874, 0.0, 0.686771] [201.475, 67.6684, -232.356]]
}

entity{
  _template:t="88mm_flak_36_canon_b"
  transform:m=[[-0.447924, -0.0541706, 0.892429] [0.0540849, 0.994693, 0.0875241] [-0.892434, 0.0874711, -0.442618] [110.352, 69.3521, -304.997]]
}

entity{
  _template:t="searchlight"
  transform:m=[[0.267176, -0.0115004, 0.963579] [0.131741, 0.990976, -0.0247011] [-0.9546, 0.133543, 0.26628] [104.537, 69.4748, -299.913]]
}

entity{
  _template:t="searchlight_no_base"
  transform:m=[[0.797335, 0.596894, 0.0892992] [-0.593186, 0.80232, -0.0664351] [-0.111301, 0.0, 0.993787] [114.312, 70.2008, -312.388]]
}

entity{
  _template:t="searchlight_no_base"
  transform:m=[[0.114563, 0.992977, -0.0295377] [0.991109, -0.116272, -0.0646752] [-0.0676554, -0.0218657, -0.997469] [114.592, 70.0288, -313.965]]
}

entity{
  _template:t="searchlight_base"
  transform:m=[[0.97892, 0.0, 0.204243] [0.0, 1.0, 0.0] [-0.204243, 0.0, 0.97892] [217.043, 67.7623, -225.766]]
}

entity{
  _template:t="searchlight_no_base"
  transform:m=[[0.540602, 0.596894, -0.592847] [-0.402187, 0.80232, 0.441055] [0.738916, 0.0, 0.673798] [209.263, 68.275, -227.402]]
}

entity{
  _template:t="team_usa+team_narrator_invasion_attack+respawn_creators_team"
  team__memberCount:r=0.0
  team__scoreCap:r=2000.0
  team__score:r=2000.0
  team__squadSpawnCost:i=250
  team__firstSpawnCostMul:r=0.0
  team__zeroScoreFailTimer:r=60.0
  team__id:i=1
  team__briefing:t="invasion/attackers_goals"
  team__winSubtitle:t="debriefing/won_invasion_subtitle"
  team__loseSubtitle:t="debriefing/lost_invasion_subtitle"
  team__winTitle:t="debriefing/normandy/usa_won_invasion_title"
  team__spawnBotArmy:t="normandy_allies"
}

entity{
  _template:t="team_germany+team_narrator_invasion_defence+respawn_creators_team"
  team__countAdd:r=0.5
  team__memberCount:r=0.5
  team__scoreCap:r=5000.0
  team__capturePenalty:r=1001.0
  team__score:r=5000.0
  team__id:i=2
  team__haveScores:b=no
  team__briefing:t="invasion/defenders_goals"
  team__winSubtitle:t="debriefing/won_defence_subtitle"
  team__loseSubtitle:t="debriefing/lost_defence_subtitle"
  team__winTitle:t="debriefing/normandy/ger_won_defence_title"
  team__spawnBotArmy:t="normandy_axis"
}